0 0.7537156263684129 0.2653406034791253 0.004629629629629629 0.011111111111111112
0 0.24511100839798242 0.7706639013336175 0.004629629629629629 0.011111111111111112
0 0.16022727272727275 0.855 0.004629629629629629 0.011111111111111112
0 0.2267833898297387 0.788873277201421 0.004629629629629629 0.011111111111111112
0 0.1729119672918309 0.842397142174568 0.004629629629629629 0.011111111111111112
0 0.5186327766938019 0.4989067896074485 0.004629629629629629 0.011111111111111112
0 0.2319994243941357 0.7836908944729232 0.004629629629629629 0.011111111111111112
0 0.8647727272727272 0.155 0.004629629629629629 0.011111111111111112
0 0.33502940093189293 0.681325627461216 0.004629629629629629 0.011111111111111112
0 0.4887827719541927 0.5285642136713182 0.004629629629629629 0.011111111111111112
0 0.22704148172729896 0.7886168504128772 0.004629629629629629 0.011111111111111112
0 0.1673983302260842 0.8478752073882777 0.004629629629629629 0.011111111111111112
0 0.7802976718969772 0.23893005501848733 0.004629629629629629 0.011111111111111112
0 0.1982650397778443 0.8172076378981418 0.004629629629629629 0.011111111111111112
0 0.29656337681314676 0.719543483682422 0.004629629629629629 0.011111111111111112
0 0.22704835469308202 0.7886100217888088 0.004629629629629629 0.011111111111111112
0 0.27172292125242026 0.7442236782395308 0.004629629629629629 0.011111111111111112
0 0.5132591245941235 0.5042457729839032 0.004629629629629629 0.011111111111111112
0 0.22478996929636602 0.7908538369571589 0.004629629629629629 0.011111111111111112
0 0.5100023438055616 0.5074815422835066 0.004629629629629629 0.011111111111111112
0 0.16455568394700884 0.8506995140139396 0.004629629629629629 0.011111111111111112
0 0.1894354226598575 0.8259802897443996 0.004629629629629629 0.011111111111111112
0 0.36399056818394315 0.6525513064495017 0.004629629629629629 0.011111111111111112
0 0.7910931945841533 0.22820418086477662 0.004629629629629629 0.011111111111111112
0 0.22272958146530353 0.792900931963505 0.004629629629629629 0.011111111111111112
0 0.2364491924829919 0.7792698345652854 0.004629629629629629 0.011111111111111112
0 0.4361362647501961 0.5808710659901277 0.004629629629629629 0.011111111111111112
0 0.2540159034128559 0.7618164572543238 0.004629629629629629 0.011111111111111112
0 0.2876245039515189 0.7284246863965554 0.004629629629629629 0.011111111111111112
0 0.6522049389758893 0.36619638321105197 0.004629629629629629 0.011111111111111112
