0 0.6538045193647588 0.364607122695659 0.004629629629629629 0.011111111111111112
0 0.2402657859265645 0.7754778643052198 0.004629629629629629 0.011111111111111112
0 0.24571868899583393 0.7700601412557521 0.004629629629629629 0.011111111111111112
0 0.3211922144962373 0.6950735417263191 0.004629629629629629 0.011111111111111112
0 0.16022727272727275 0.855 0.004629629629629629 0.011111111111111112
0 0.2137664917822634 0.8018061952614931 0.004629629629629629 0.011111111111111112
0 0.1993982428533623 0.8160817458102079 0.004629629629629629 0.011111111111111112
0 0.1798784678898104 0.8354755867417368 0.004629629629629629 0.011111111111111112
0 0.4865703830649142 0.5307623290838916 0.004629629629629629 0.011111111111111112
0 0.2721773431129358 0.7437721881329542 0.004629629629629629 0.011111111111111112
0 0.26976204511959007 0.7461719035586009 0.004629629629629629 0.011111111111111112
0 0.22157948927381407 0.7940436042053718 0.004629629629629629 0.011111111111111112
0 0.2025077243290844 0.8129923255052968 0.004629629629629629 0.011111111111111112
0 0.34041179490372303 0.6759779586117849 0.004629629629629629 0.011111111111111112
0 0.2209555739058951 0.7946634943128527 0.004629629629629629 0.011111111111111112
0 0.2616494318777749 0.7542321773601462 0.004629629629629629 0.011111111111111112
0 0.17283944744755267 0.8424691941488832 0.004629629629629629 0.011111111111111112
0 0.21272262912435405 0.8028433233216096 0.004629629629629629 0.011111111111111112
0 0.2476352725178745 0.7681559227886925 0.004629629629629629 0.011111111111111112
0 0.22348860881921703 0.7921468015602617 0.004629629629629629 0.011111111111111112
0 0.17828235412749427 0.8370614029959089 0.004629629629629629 0.011111111111111112
0 0.8647727272727271 0.1550000000000001 0.004629629629629629 0.011111111111111112
0 0.29312605563907934 0.7229586285908502 0.004629629629629629 0.011111111111111112
0 0.333550659909758 0.6827948282186921 0.004629629629629629 0.011111111111111112
0 0.45549866159535585 0.5616335878342916 0.004629629629629629 0.011111111111111112
0 0.39644835343515183 0.6203029262644297 0.004629629629629629 0.011111111111111112
0 0.5479630110369813 0.46976578258261203 0.004629629629629629 0.011111111111111112
0 0.2653151931942382 0.7505900661166924 0.004629629629629629 0.011111111111111112
0 0.6747593800487236 0.34378745466126814 0.004629629629629629 0.011111111111111112
0 0.2558330848560171 0.7600109995624089 0.004629629629629629 0.011111111111111112
