0 0.22365733876154362 0.7919791601982084 0.004629629629629629 0.011111111111111112
0 0.6874648430235819 0.33116396241528 0.004629629629629629 0.011111111111111112
0 0.6009031496428464 0.4171671932580753 0.004629629629629629 0.011111111111111112
0 0.48312915113565785 0.5341813595168303 0.004629629629629629 0.011111111111111112
0 0.5390722307493883 0.478599202997382 0.004629629629629629 0.011111111111111112
0 0.3557634405624439 0.6607253558282816 0.004629629629629629 0.011111111111111112
0 0.28173016973677 0.7342809926486286 0.004629629629629629 0.011111111111111112
0 0.45528058042562636 0.5618502620287326 0.004629629629629629 0.011111111111111112
0 0.47654403633555886 0.5407239897053158 0.004629629629629629 0.011111111111111112
0 0.4145198168979015 0.6023480528885365 0.004629629629629629 0.011111111111111112
0 0.36154443031155575 0.6549816627872285 0.004629629629629629 0.011111111111111112
0 0.49452923241176944 0.5228548271521775 0.004629629629629629 0.011111111111111112
0 0.2035394558822997 0.8119672502846829 0.004629629629629629 0.011111111111111112
0 0.3069954961328954 0.7091786683582846 0.004629629629629629 0.011111111111111112
0 0.16022727272727272 0.855 0.004629629629629629 0.011111111111111112
0 0.35177177360391326 0.6646912700967572 0.004629629629629629 0.011111111111111112
0 0.3854915422373791 0.6311890483577008 0.004629629629629629 0.011111111111111112
0 0.1680824197400893 0.847195531355008 0.004629629629629629 0.011111111111111112
0 0.6115402697112633 0.4065986997707449 0.004629629629629629 0.011111111111111112
0 0.28325240225501175 0.7327685809853431 0.004629629629629629 0.011111111111111112
0 0.8647727272727272 0.1550000000000001 0.004629629629629629 0.011111111111111112
0 0.35968967215303393 0.6568244547640825 0.004629629629629629 0.011111111111111112
0 0.375166003605288 0.6414479706115203 0.004629629629629629 0.011111111111111112
0 0.4309294515164318 0.5860442868804484 0.004629629629629629 0.011111111111111112
0 0.4453933129888714 0.5716737406433149 0.004629629629629629 0.011111111111111112
0 0.4291443187616458 0.5878179026497197 0.004629629629629629 0.011111111111111112
0 0.38518731776505616 0.6314913100914926 0.004629629629629629 0.011111111111111112
0 0.3029255004946682 0.7132224059601362 0.004629629629629629 0.011111111111111112
0 0.3332654944887299 0.6830781538628103 0.004629629629629629 0.011111111111111112
0 0.4429917533971557 0.5740598063021809 0.004629629629629629 0.011111111111111112
