0 0.26187770915667075 0.7540053728378885 0.004629629629629629 0.011111111111111112
0 0.34924110311415507 0.6672056136801298 0.004629629629629629 0.011111111111111112
0 0.2678090232696681 0.7481123252675557 0.004629629629629629 0.011111111111111112
0 0.4398945756418134 0.5771370022655531 0.004629629629629629 0.011111111111111112
0 0.16022727272727275 0.855 0.004629629629629629 0.011111111111111112
0 0.21146749614101215 0.8040903586728009 0.004629629629629629 0.011111111111111112
0 0.2913151548504082 0.7247578461486266 0.004629629629629629 0.011111111111111112
0 0.2774114710488118 0.7385718287644064 0.004629629629629629 0.011111111111111112
0 0.2909318295043056 0.7251386984279802 0.004629629629629629 0.011111111111111112
0 0.28451274364988577 0.7315163708252749 0.004629629629629629 0.011111111111111112
0 0.8647727272727272 0.155 0.004629629629629629 0.011111111111111112
0 0.33979825360406035 0.6765875415804821 0.004629629629629629 0.011111111111111112
0 0.23355420662522974 0.782146143094933 0.004629629629629629 0.011111111111111112
0 0.2829982855073503 0.7330210582701165 0.004629629629629629 0.011111111111111112
0 0.21058909107356044 0.8049630966107851 0.004629629629629629 0.011111111111111112
0 0.17122123118621468 0.8440769703053093 0.004629629629629629 0.011111111111111112
0 0.33228685982613393 0.6840504747533895 0.004629629629629629 0.011111111111111112
0 0.2947057635384312 0.7213891123553651 0.004629629629629629 0.011111111111111112
0 0.2480798022615479 0.7677142609788492 0.004629629629629629 0.011111111111111112
0 0.16583657333184662 0.8494268884315846 0.004629629629629629 0.011111111111111112
0 0.20507836095327192 0.8104382736335234 0.004629629629629629 0.011111111111111112
0 0.20135174045887672 0.8141408514150515 0.004629629629629629 0.011111111111111112
0 0.28017715710201385 0.7358239858470313 0.004629629629629629 0.011111111111111112
0 0.23211895874293778 0.7835721313134683 0.004629629629629629 0.011111111111111112
0 0.2944235507579819 0.7216695044081987 0.004629629629629629 0.011111111111111112
0 0.2598903512134934 0.7559799091169163 0.004629629629629629 0.011111111111111112
0 0.16850376926870891 0.846776900210444 0.004629629629629629 0.011111111111111112
0 0.17393204053218791 0.8413836500518908 0.004629629629629629 0.011111111111111112
0 0.48196821938015355 0.535334801390041 0.004629629629629629 0.011111111111111112
0 0.8045076084076038 0.2148763116466389 0.004629629629629629 0.011111111111111112
