0 0.27765151515151504 0.7383333333333335 0.004629629629629629 0.011111111111111112
0 0.27765151515151504 0.7383333333333335 0.004629629629629629 0.011111111111111112
0 0.27765151515151504 0.7383333333333335 0.004629629629629629 0.011111111111111112
0 0.6299242424242423 0.3883333333333335 0.004629629629629629 0.011111111111111112
0 0.5124999999999998 0.5050000000000001 0.004629629629629629 0.011111111111111112
0 0.5124999999999998 0.5050000000000001 0.004629629629629629 0.011111111111111112
0 0.6299242424242423 0.3883333333333335 0.004629629629629629 0.011111111111111112
0 0.6299242424242423 0.3883333333333335 0.004629629629629629 0.011111111111111112
0 0.39507575757575747 0.6216666666666667 0.004629629629629629 0.011111111111111112
0 0.8647727272727271 0.15500000000000022 0.004629629629629629 0.011111111111111112
0 0.39507575757575747 0.6216666666666667 0.004629629629629629 0.011111111111111112
0 0.6299242424242423 0.3883333333333335 0.004629629629629629 0.011111111111111112
0 0.39507575757575747 0.6216666666666667 0.004629629629629629 0.011111111111111112
0 0.39507575757575747 0.6216666666666667 0.004629629629629629 0.011111111111111112
0 0.27765151515151504 0.7383333333333335 0.004629629629629629 0.011111111111111112
0 0.16022727272727266 0.855 0.004629629629629629 0.011111111111111112
0 0.27765151515151504 0.7383333333333335 0.004629629629629629 0.011111111111111112
0 0.39507575757575747 0.6216666666666667 0.004629629629629629 0.011111111111111112
0 0.27765151515151504 0.7383333333333335 0.004629629629629629 0.011111111111111112
0 0.5124999999999998 0.5050000000000001 0.004629629629629629 0.011111111111111112
0 0.6299242424242423 0.3883333333333335 0.004629629629629629 0.011111111111111112
0 0.5124999999999998 0.5050000000000001 0.004629629629629629 0.011111111111111112
0 0.27765151515151504 0.7383333333333335 0.004629629629629629 0.011111111111111112
0 0.8647727272727271 0.15500000000000022 0.004629629629629629 0.011111111111111112
0 0.27765151515151504 0.7383333333333335 0.004629629629629629 0.011111111111111112
0 0.27765151515151504 0.7383333333333335 0.004629629629629629 0.011111111111111112
0 0.5124999999999998 0.5050000000000001 0.004629629629629629 0.011111111111111112
0 0.7473484848484846 0.27166666666666683 0.004629629629629629 0.011111111111111112
0 0.39507575757575747 0.6216666666666667 0.004629629629629629 0.011111111111111112
0 0.16022727272727266 0.855 0.004629629629629629 0.011111111111111112
