0 0.5583522187392619 0.45944360202679785 0.004629629629629629 0.011111111111111112
0 0.2093789353429145 0.8061654448851043 0.004629629629629629 0.011111111111111112
0 0.20245398265750705 0.8130457204564123 0.004629629629629629 0.011111111111111112
0 0.3106351417114298 0.7055625043641278 0.004629629629629629 0.011111111111111112
0 0.4194882552300752 0.5974116689972157 0.004629629629629629 0.011111111111111112
0 0.4405832966755423 0.5764527245933322 0.004629629629629629 0.011111111111111112
0 0.5925120824739306 0.42550412450977215 0.004629629629629629 0.011111111111111112
0 0.23942705151176394 0.7763111875302475 0.004629629629629629 0.011111111111111112
0 0.2875010705573124 0.7285473234462831 0.004629629629629629 0.011111111111111112
0 0.5082589451696623 0.5092136931862711 0.004629629629629629 0.011111111111111112
0 0.438957071293925 0.5780684581982938 0.004629629629629629 0.011111111111111112
0 0.2469479685108988 0.7688387925762684 0.004629629629629629 0.011111111111111112
0 0.37243515786263715 0.6441611979945412 0.004629629629629629 0.011111111111111112
0 0.16022727272727272 0.855 0.004629629629629629 0.011111111111111112
0 0.40070254792931487 0.6160761781863581 0.004629629629629629 0.011111111111111112
0 0.32790529450022055 0.68840377191591 0.004629629629629629 0.011111111111111112
0 0.5863370130716441 0.4316393547546245 0.004629629629629629 0.011111111111111112
0 0.5233625020823383 0.4942075785762576 0.004629629629629629 0.011111111111111112
0 0.28778270550971397 0.7282675054935746 0.004629629629629629 0.011111111111111112
0 0.8647727272727271 0.1550000000000001 0.004629629629629629 0.011111111111111112
0 0.4903402692100082 0.5270167647848951 0.004629629629629629 0.011111111111111112
0 0.4647802106398501 0.5524119197513747 0.004629629629629629 0.011111111111111112
0 0.20072539344883233 0.814763157476644 0.004629629629629629 0.011111111111111112
0 0.18983305825228713 0.8255852195428889 0.004629629629629629 0.011111111111111112
0 0.2757376621498118 0.740234838896316 0.004629629629629629 0.011111111111111112
0 0.27568517843798274 0.7402869840035526 0.004629629629629629 0.011111111111111112
0 0.6267661328103281 0.39147106804651266 0.004629629629629629 0.011111111111111112
0 0.651819787275518 0.36657905006174335 0.004629629629629629 0.011111111111111112
0 0.3703089397939256 0.6462736985273255 0.004629629629629629 0.011111111111111112
0 0.6710012091991097 0.3475213792473362 0.004629629629629629 0.011111111111111112
