0 0.482418034441359 0.5348878883614884 0.004629629629629629 0.011111111111111112
0 0.7497328941821408 0.2692976406190343 0.004629629629629629 0.011111111111111112
0 0.2753334030424776 0.7406364898803771 0.004629629629629629 0.011111111111111112
0 0.3819111711888744 0.6347463202381506 0.004629629629629629 0.011111111111111112
0 0.46819405211058496 0.549020103064322 0.004629629629629629 0.011111111111111112
0 0.6377698466624332 0.3805383458966793 0.004629629629629629 0.011111111111111112
0 0.3645605509293625 0.6519850010121173 0.004629629629629629 0.011111111111111112
0 0.24780864920948167 0.767983664656386 0.004629629629629629 0.011111111111111112
0 0.16022727272727272 0.855 0.004629629629629629 0.011111111111111112
0 0.36884121618692495 0.6477319529497649 0.004629629629629629 0.011111111111111112
0 0.8647727272727272 0.1550000000000001 0.004629629629629629 0.011111111111111112
0 0.3235076161752758 0.6927730781226292 0.004629629629629629 0.011111111111111112
0 0.4744580942252278 0.5427964741246125 0.004629629629629629 0.011111111111111112
0 0.6768847524748316 0.34167579431532874 0.004629629629629629 0.011111111111111112
0 0.7765385765813444 0.24266489810627728 0.004629629629629629 0.011111111111111112
0 0.5902315224862026 0.42776997120725685 0.004629629629629629 0.011111111111111112
0 0.46037191336741606 0.5567917763962448 0.004629629629629629 0.011111111111111112
0 0.6399173682494846 0.3784046792876088 0.004629629629629629 0.011111111111111112
0 0.6072172721222351 0.4108938070527471 0.004629629629629629 0.011111111111111112
0 0.30738671300790854 0.7087899754631103 0.004629629629629629 0.011111111111111112
0 0.7945832985804243 0.22473659366848175 0.004629629629629629 0.011111111111111112
0 0.5739801144597257 0.44391653144001453 0.004629629629629629 0.011111111111111112
0 0.5106106447695331 0.5068771658418832 0.004629629629629629 0.011111111111111112
0 0.24580987073735291 0.7699695477835332 0.004629629629629629 0.011111111111111112
0 0.7628641484218737 0.2562511041485901 0.004629629629629629 0.011111111111111112
0 0.8440561117918751 0.17558295989710473 0.004629629629629629 0.011111111111111112
0 0.492722110708256 0.5246502900059908 0.004629629629629629 0.011111111111111112
0 0.3480768089057207 0.668362396313026 0.004629629629629629 0.011111111111111112
0 0.734697465792244 0.2842360662451254 0.004629629629629629 0.011111111111111112
0 0.28742597530822933 0.7286219342098883 0.004629629629629629 0.011111111111111112
