0 0.6688693221117471 0.3496395122244578 0.004629629629629629 0.011111111111111112
0 0.678801899372668 0.33977101610715577 0.004629629629629629 0.011111111111111112
0 0.7134924013375457 0.30530432383237394 0.004629629629629629 0.011111111111111112
0 0.8461318931623547 0.17352057066449925 0.004629629629629629 0.011111111111111112
0 0.8647727272727272 0.155 0.004629629629629629 0.011111111111111112
0 0.6715391618555943 0.34698689725315146 0.004629629629629629 0.011111111111111112
0 0.6583844797917912 0.36005671040041387 0.004629629629629629 0.011111111111111112
0 0.3465676344621647 0.6698618341472686 0.004629629629629629 0.011111111111111112
0 0.8587192840044098 0.16101438879561875 0.004629629629629629 0.011111111111111112
0 0.16022727272727266 0.855 0.004629629629629629 0.011111111111111112
0 0.680665772849531 0.33791916762046603 0.004629629629629629 0.011111111111111112
0 0.22383112240189343 0.7918064977426349 0.004629629629629629 0.011111111111111112
0 0.6068940267340185 0.41121496698684634 0.004629629629629629 0.011111111111111112
0 0.7992423935291616 0.22010755739683305 0.004629629629629629 0.011111111111111112
0 0.6624602732781227 0.3560072123559297 0.004629629629629629 0.011111111111111112
0 0.6546045444375339 0.3638122590749664 0.004629629629629629 0.011111111111111112
0 0.8267501255213906 0.19277729464326354 0.004629629629629629 0.011111111111111112
0 0.6364318516181796 0.381867708714841 0.004629629629629629 0.011111111111111112
0 0.4415806917161135 0.5754617643594742 0.004629629629629629 0.011111111111111112
0 0.4921888290564342 0.5251801311310267 0.004629629629629629 0.011111111111111112
0 0.8518941931608037 0.16779544679507238 0.004629629629629629 0.011111111111111112
0 0.6880384614344098 0.330594044768393 0.004629629629629629 0.011111111111111112
0 0.8595611245581449 0.1601779794712627 0.004629629629629629 0.011111111111111112
0 0.6260250511266635 0.3922073685580246 0.004629629629629629 0.011111111111111112
0 0.6517709945669063 0.36662752797868653 0.004629629629629629 0.011111111111111112
0 0.7355506344678866 0.2833884018835191 0.004629629629629629 0.011111111111111112
0 0.8331735342649408 0.18639532724644595 0.004629629629629629 0.011111111111111112
0 0.8276244531862782 0.19190860780202046 0.004629629629629629 0.011111111111111112
0 0.766047947468392 0.25308784574108156 0.004629629629629629 0.011111111111111112
0 0.30853653106812046 0.7076475755839319 0.004629629629629629 0.011111111111111112
