0 0.3950757575757575 0.6216666666666667 0.004629629629629629 0.011111111111111112
0 0.3950757575757575 0.6216666666666667 0.004629629629629629 0.011111111111111112
0 0.3950757575757575 0.6216666666666667 0.004629629629629629 0.011111111111111112
0 0.5125 0.505 0.004629629629629629 0.011111111111111112
0 0.3950757575757575 0.6216666666666667 0.004629629629629629 0.011111111111111112
0 0.6299242424242423 0.38833333333333336 0.004629629629629629 0.011111111111111112
0 0.3950757575757575 0.6216666666666667 0.004629629629629629 0.011111111111111112
0 0.6299242424242423 0.38833333333333336 0.004629629629629629 0.011111111111111112
0 0.5125 0.505 0.004629629629629629 0.011111111111111112
0 0.8647727272727271 0.1550000000000001 0.004629629629629629 0.011111111111111112
0 0.8647727272727271 0.1550000000000001 0.004629629629629629 0.011111111111111112
0 0.3950757575757575 0.6216666666666667 0.004629629629629629 0.011111111111111112
0 0.5125 0.505 0.004629629629629629 0.011111111111111112
0 0.16022727272727275 0.855 0.004629629629629629 0.011111111111111112
0 0.16022727272727275 0.855 0.004629629629629629 0.011111111111111112
0 0.3950757575757575 0.6216666666666667 0.004629629629629629 0.011111111111111112
0 0.6299242424242423 0.38833333333333336 0.004629629629629629 0.011111111111111112
0 0.6299242424242423 0.38833333333333336 0.004629629629629629 0.011111111111111112
0 0.3950757575757575 0.6216666666666667 0.004629629629629629 0.011111111111111112
0 0.8647727272727271 0.1550000000000001 0.004629629629629629 0.011111111111111112
0 0.5125 0.505 0.004629629629629629 0.011111111111111112
0 0.5125 0.505 0.004629629629629629 0.011111111111111112
0 0.2776515151515151 0.7383333333333334 0.004629629629629629 0.011111111111111112
0 0.7473484848484847 0.2716666666666667 0.004629629629629629 0.011111111111111112
0 0.5125 0.505 0.004629629629629629 0.011111111111111112
0 0.2776515151515151 0.7383333333333334 0.004629629629629629 0.011111111111111112
0 0.3950757575757575 0.6216666666666667 0.004629629629629629 0.011111111111111112
0 0.5125 0.505 0.004629629629629629 0.011111111111111112
0 0.3950757575757575 0.6216666666666667 0.004629629629629629 0.011111111111111112
0 0.7473484848484847 0.2716666666666667 0.004629629629629629 0.011111111111111112
