0 0.35589646777581097 0.6605931868550008 0.004629629629629629 0.011111111111111112
0 0.3447123687574473 0.6717051303958266 0.004629629629629629 0.011111111111111112
0 0.16106860971267822 0.8541640909951455 0.004629629629629629 0.011111111111111112
0 0.2983955075145163 0.7177231731791257 0.004629629629629629 0.011111111111111112
0 0.1629809106197896 0.8522641275132413 0.004629629629629629 0.011111111111111112
0 0.1861270545573208 0.8292673135365974 0.004629629629629629 0.011111111111111112
0 0.3702063897999893 0.6463755869083977 0.004629629629629629 0.011111111111111112
0 0.1829540401789095 0.8324198568545028 0.004629629629629629 0.011111111111111112
0 0.2644999279575558 0.7514000715776542 0.004629629629629629 0.011111111111111112
0 0.18112098629628762 0.8342410845830432 0.004629629629629629 0.011111111111111112
0 0.22068779657268556 0.794929544050364 0.004629629629629629 0.011111111111111112
0 0.25402644157876525 0.7618059870765816 0.004629629629629629 0.011111111111111112
0 0.20838803766344433 0.8071499496763198 0.004629629629629629 0.011111111111111112
0 0.17081919926215927 0.8444764084750159 0.004629629629629629 0.011111111111111112
0 0.3437936764937896 0.672617895612622 0.004629629629629629 0.011111111111111112
0 0.20256809100328543 0.8129323482935099 0.004629629629629629 0.011111111111111112
0 0.6450231600134074 0.37333182811571136 0.004629629629629629 0.011111111111111112
0 0.16022727272727272 0.855 0.004629629629629629 0.011111111111111112
0 0.1848673991143555 0.8305188421702533 0.004629629629629629 0.011111111111111112
0 0.23085462033969842 0.7848283126947513 0.004629629629629629 0.011111111111111112
0 0.17038121880095186 0.8449115632558285 0.004629629629629629 0.011111111111111112
0 0.2020797648300273 0.8134175239753276 0.004629629629629629 0.011111111111111112
0 0.38325931949927283 0.633406869658787 0.004629629629629629 0.011111111111111112
0 0.4238589598470141 0.5930691624745795 0.004629629629629629 0.011111111111111112
0 0.2927038112129649 0.7233781488593768 0.004629629629629629 0.011111111111111112
0 0.8647727272727275 0.155 0.004629629629629629 0.011111111111111112
0 0.7342290783601155 0.284701431822853 0.004629629629629629 0.011111111111111112
0 0.22007143779680785 0.7955419263180102 0.004629629629629629 0.011111111111111112
0 0.35280370228793934 0.6636659990171442 0.004629629629629629 0.011111111111111112
0 0.2726380893392698 0.743314414462919 0.004629629629629629 0.011111111111111112
