0 0.17215663786508506 0.8431475985082382 0.004629629629629629 0.011111111111111112
0 0.38325344291633834 0.6334127083282832 0.004629629629629629 0.011111111111111112
0 0.32575392695352784 0.6905412596719789 0.004629629629629629 0.011111111111111112
0 0.25197385401875894 0.7638453321362008 0.004629629629629629 0.011111111111111112
0 0.3231135055097684 0.6931646461386818 0.004629629629629629 0.011111111111111112
0 0.44030981527104385 0.5767244416016726 0.004629629629629629 0.011111111111111112
0 0.19501858224369734 0.8204331505449717 0.004629629629629629 0.011111111111111112
0 0.3315359969602704 0.6847964933426991 0.004629629629629629 0.011111111111111112
0 0.25563315203955467 0.7602096424897328 0.004629629629629629 0.011111111111111112
0 0.25861456344355516 0.7572474659980162 0.004629629629629629 0.011111111111111112
0 0.30158124847868273 0.7145579853824701 0.004629629629629629 0.011111111111111112
0 0.7761634394067292 0.24303761504105614 0.004629629629629629 0.011111111111111112
0 0.3226080037944343 0.6936668865526265 0.004629629629629629 0.011111111111111112
0 0.26220703021209907 0.7536781764344306 0.004629629629629629 0.011111111111111112
0 0.2403189482292663 0.7754250449851161 0.004629629629629629 0.011111111111111112
0 0.2687177043492542 0.7472095066465474 0.004629629629629629 0.011111111111111112
0 0.2770154992083756 0.7389652459478074 0.004629629629629629 0.011111111111111112
0 0.2276029638073141 0.7880589907978943 0.004629629629629629 0.011111111111111112
0 0.39151377914713154 0.6252056645893016 0.004629629629629629 0.011111111111111112
0 0.3613381841352149 0.6551865783430768 0.004629629629629629 0.011111111111111112
0 0.325940440591192 0.6903559493481061 0.004629629629629629 0.011111111111111112
0 0.8647727272727272 0.155 0.004629629629629629 0.011111111111111112
0 0.196633970461452 0.8188281841866865 0.004629629629629629 0.011111111111111112
0 0.24290514903038854 0.7728555293504527 0.004629629629629629 0.011111111111111112
0 0.3765706196949523 0.6400524165611441 0.004629629629629629 0.011111111111111112
0 0.3203700132342641 0.6958904384640214 0.004629629629629629 0.011111111111111112
0 0.16022727272727275 0.855 0.004629629629629629 0.011111111111111112
0 0.18735782059702244 0.8280444879229583 0.004629629629629629 0.011111111111111112
0 0.4208400303077855 0.596068615049039 0.004629629629629629 0.011111111111111112
0 0.17551725283312286 0.8398086649270908 0.004629629629629629 0.011111111111111112
