0 0.6825852361140111 0.33601208798995047 0.004629629629629629 0.011111111111111112
0 0.8381465065644509 0.1814544386391908 0.004629629629629629 0.011111111111111112
0 0.5329352135475394 0.4846966265398642 0.004629629629629629 0.011111111111111112
0 0.7831130394913195 0.23613285108604418 0.004629629629629629 0.011111111111111112
0 0.5483865744861873 0.46934495180082036 0.004629629629629629 0.011111111111111112
0 0.6917648266292389 0.32689172063933686 0.004629629629629629 0.011111111111111112
0 0.8284299587959919 0.1911082990026921 0.004629629629629629 0.011111111111111112
0 0.8647727272727277 0.155 0.004629629629629629 0.011111111111111112
0 0.5144284511233578 0.503083990496793 0.004629629629629629 0.011111111111111112
0 0.576672447405301 0.4412415683844106 0.004629629629629629 0.011111111111111112
0 0.5211606141312537 0.4963952607986255 0.004629629629629629 0.011111111111111112
0 0.7729717205416282 0.2462087421715437 0.004629629629629629 0.011111111111111112
0 0.5668150399345522 0.45103537967792906 0.004629629629629629 0.011111111111111112
0 0.5982716377734014 0.4197817276315884 0.004629629629629629 0.011111111111111112
0 0.5482600635874308 0.46947064650023 0.004629629629629629 0.011111111111111112
0 0.4666743849009083 0.5505299659694204 0.004629629629629629 0.011111111111111112
0 0.43920497558839106 0.5778221532863729 0.004629629629629629 0.011111111111111112
0 0.7028409524502109 0.3158870536946292 0.004629629629629629 0.011111111111111112
0 0.7967825582542726 0.22255152276672288 0.004629629629629629 0.011111111111111112
0 0.6877793741202402 0.33085146055150333 0.004629629629629629 0.011111111111111112
0 0.7492279657306502 0.26979931146761216 0.004629629629629629 0.011111111111111112
0 0.21192225088774932 0.8036385378276557 0.004629629629629629 0.011111111111111112
0 0.16022727272727272 0.855 0.004629629629629629 0.011111111111111112
0 0.7031730308673431 0.3155571177188981 0.004629629629629629 0.011111111111111112
0 0.8512257113087225 0.16845961586101135 0.004629629629629629 0.011111111111111112
0 0.30391555479405213 0.7122387391078451 0.004629629629629629 0.011111111111111112
0 0.6663051750704845 0.35218711638158334 0.004629629629629629 0.011111111111111112
0 0.49333166388577504 0.5240446694296172 0.004629629629629629 0.011111111111111112
0 0.5283830679765141 0.4892194034297861 0.004629629629629629 0.011111111111111112
0 0.6919417368699051 0.3267159517550622 0.004629629629629629 0.011111111111111112
