0 0.5008868757963095 0.5165382008217312 0.004629629629629629 0.011111111111111112
0 0.20743348678671622 0.8080983421602949 0.004629629629629629 0.011111111111111112
0 0.17631839908728206 0.8390126873584424 0.004629629629629629 0.011111111111111112
0 0.1766499659414239 0.838683259645295 0.004629629629629629 0.011111111111111112
0 0.18353764798049552 0.8318400142645399 0.004629629629629629 0.011111111111111112
0 0.17609842569119633 0.8392312415713274 0.004629629629629629 0.011111111111111112
0 0.16857561208594624 0.8467055208952534 0.004629629629629629 0.011111111111111112
0 0.2221102107136789 0.7935163067747965 0.004629629629629629 0.011111111111111112
0 0.21302978758246813 0.8025381465309672 0.004629629629629629 0.011111111111111112
0 0.38885150233015175 0.627850765426817 0.004629629629629629 0.011111111111111112
0 0.8647727272727272 0.155 0.004629629629629629 0.011111111111111112
0 0.17762048085523097 0.8377190061180285 0.004629629629629629 0.011111111111111112
0 0.25541949771643724 0.7604219183978623 0.004629629629629629 0.011111111111111112
0 0.3173396289742979 0.6989012718577943 0.004629629629629629 0.011111111111111112
0 0.2744540745032152 0.7415101453322894 0.004629629629629629 0.011111111111111112
0 0.3134135883680437 0.7028019831698147 0.004629629629629629 0.011111111111111112
0 0.18484195010733864 0.8305441269901281 0.004629629629629629 0.011111111111111112
0 0.24691960403410268 0.76886697405644 0.004629629629629629 0.011111111111111112
0 0.16022727272727275 0.855 0.004629629629629629 0.011111111111111112
0 0.1996087786556692 0.8158725683033997 0.004629629629629629 0.011111111111111112
0 0.24512001518874874 0.7706549526511788 0.004629629629629629 0.011111111111111112
0 0.6515327851763938 0.3668642005344216 0.004629629629629629 0.011111111111111112
0 0.3026055135229627 0.7135403284997661 0.004629629629629629 0.011111111111111112
0 0.5725152697867912 0.4453719255021558 0.004629629629629629 0.011111111111111112
0 0.3627710478999336 0.6537629588607111 0.004629629629629629 0.011111111111111112
0 0.35050623151118454 0.6659486474017908 0.004629629629629629 0.011111111111111112
0 0.5535007983861212 0.46426372289378925 0.004629629629629629 0.011111111111111112
0 0.1631211532151532 0.8521247897088156 0.004629629629629629 0.011111111111111112
0 0.3468418873877266 0.66958935059542 0.004629629629629629 0.011111111111111112
0 0.5031290598400988 0.5143104824814502 0.004629629629629629 0.011111111111111112
