0 0.37654283072301886 0.6400800262493878 0.004629629629629629 0.011111111111111112
0 0.37626122690486613 0.6403598132687136 0.004629629629629629 0.011111111111111112
0 0.3974269850017213 0.6193306084499027 0.004629629629629629 0.011111111111111112
0 0.3861924005071481 0.6304927117541883 0.004629629629629629 0.011111111111111112
0 0.6868535625134833 0.331771299180152 0.004629629629629629 0.011111111111111112
0 0.6131819163097906 0.40496764444059513 0.004629629629629629 0.011111111111111112
0 0.5389403023579181 0.4787302802379395 0.004629629629629629 0.011111111111111112
0 0.3079976955368902 0.7081829347568962 0.004629629629629629 0.011111111111111112
0 0.5687878562637991 0.44907529119596734 0.004629629629629629 0.011111111111111112
0 0.40274975931993184 0.6140421746111645 0.004629629629629629 0.011111111111111112
0 0.6196270808815095 0.39856406157579044 0.004629629629629629 0.011111111111111112
0 0.4573474069289475 0.559796769889949 0.004629629629629629 0.011111111111111112
0 0.24251759601251674 0.7732405820262738 0.004629629629629629 0.011111111111111112
0 0.6330588700756576 0.38521892908612076 0.004629629629629629 0.011111111111111112
0 0.29682393932825685 0.7192846022157965 0.004629629629629629 0.011111111111111112
0 0.40091182191261526 0.6158682543577887 0.004629629629629629 0.011111111111111112
0 0.37414012179302514 0.642467233831446 0.004629629629629629 0.011111111111111112
0 0.16535057964703023 0.8499097466732731 0.004629629629629629 0.011111111111111112
0 0.3236398175999889 0.6926417296103337 0.004629629629629629 0.011111111111111112
0 0.508700514647245 0.5087749725440276 0.004629629629629629 0.011111111111111112
0 0.16022727272727275 0.855 0.004629629629629629 0.011111111111111112
0 0.4872901879068135 0.5300471681441982 0.004629629629629629 0.011111111111111112
0 0.3498446797960064 0.6666059310413872 0.004629629629629629 0.011111111111111112
0 0.8647727272727272 0.155 0.004629629629629629 0.011111111111111112
0 0.6255960632589758 0.39263358876204996 0.004629629629629629 0.011111111111111112
0 0.4029757219933768 0.6138176697614192 0.004629629629629629 0.011111111111111112
0 0.6142323299645978 0.4039240076480771 0.004629629629629629 0.011111111111111112
0 0.2625540472538879 0.7533333982122663 0.004629629629629629 0.011111111111111112
0 0.512728966643819 0.5047725105603348 0.004629629629629629 0.011111111111111112
0 0.6786179220520207 0.33995380647734713 0.004629629629629629 0.011111111111111112
