0 0.8647727272727272 0.155 0.004629629629629629 0.011111111111111112
0 0.18873947269911118 0.8266717497053991 0.004629629629629629 0.011111111111111112
0 0.26165340407230825 0.7542282307926743 0.004629629629629629 0.011111111111111112
0 0.20751219930398554 0.8080201374657177 0.004629629629629629 0.011111111111111112
0 0.3409596676995875 0.6754336204791196 0.004629629629629629 0.011111111111111112
0 0.299291919680432 0.7168325443175063 0.004629629629629629 0.011111111111111112
0 0.3267941698248165 0.689507728045021 0.004629629629629629 0.011111111111111112
0 0.19044634054688173 0.8249758939082594 0.004629629629629629 0.011111111111111112
0 0.36367379263512756 0.6528660382850991 0.004629629629629629 0.011111111111111112
0 0.19549063653441723 0.8199641417658048 0.004629629629629629 0.011111111111111112
0 0.32056679305380575 0.6956949281917028 0.004629629629629629 0.011111111111111112
0 0.41946509581209895 0.597434678999592 0.004629629629629629 0.011111111111111112
0 0.336677150991431 0.6796885080472235 0.004629629629629629 0.011111111111111112
0 0.27611294825987404 0.7398619739869639 0.004629629629629629 0.011111111111111112
0 0.2948647223003384 0.7212311791338574 0.004629629629629629 0.011111111111111112
0 0.1710814561395857 0.844215843577444 0.004629629629629629 0.011111111111111112
0 0.2837398723714342 0.7322842558374139 0.004629629629629629 0.011111111111111112
0 0.480747495720438 0.5365476494132423 0.004629629629629629 0.011111111111111112
0 0.300617647008611 0.7155153700688639 0.004629629629629629 0.011111111111111112
0 0.17252810623894377 0.8427785267045333 0.004629629629629629 0.011111111111111112
0 0.2560772082176653 0.7597684511901908 0.004629629629629629 0.011111111111111112
0 0.16022727272727275 0.855 0.004629629629629629 0.011111111111111112
0 0.2041458618894572 0.8113647565743458 0.004629629629629629 0.011111111111111112
0 0.1763969067547782 0.8389346861920268 0.004629629629629629 0.011111111111111112
0 0.20803939989310496 0.8074963381707216 0.004629629629629629 0.011111111111111112
0 0.24279214075962818 0.7729678085355952 0.004629629629629629 0.011111111111111112
0 0.29854166982666025 0.7175779538496408 0.004629629629629629 0.011111111111111112
0 0.16778043138136692 0.8474955714017387 0.004629629629629629 0.011111111111111112
0 0.3013051895967473 0.7148322632393608 0.004629629629629629 0.011111111111111112
0 0.18578431497406608 0.8296078418967344 0.004629629629629629 0.011111111111111112
