0 0.5965852972449172 0.4214571885437597 0.004629629629629629 0.011111111111111112
0 0.17740806983975427 0.837930046739857 0.004629629629629629 0.011111111111111112
0 0.23028511558890197 0.785394143221349 0.004629629629629629 0.011111111111111112
0 0.23876614887988026 0.7769678262741835 0.004629629629629629 0.011111111111111112
0 0.22289082015115833 0.7927407335272362 0.004629629629629629 0.011111111111111112
0 0.29565745015078004 0.7204435656566442 0.004629629629629629 0.011111111111111112
0 0.1680585225760317 0.8472192743438137 0.004629629629629629 0.011111111111111112
0 0.22306526593010054 0.7925674132049324 0.004629629629629629 0.011111111111111112
0 0.3103758094822353 0.7058201634821663 0.004629629629629629 0.011111111111111112
0 0.16022727272727275 0.855 0.004629629629629629 0.011111111111111112
0 0.27936949331890704 0.7366264388960536 0.004629629629629629 0.011111111111111112
0 0.23807096974186123 0.7776585203855056 0.004629629629629629 0.011111111111111112
0 0.4509753643276188 0.566127702539011 0.004629629629629629 0.011111111111111112
0 0.8647727272727272 0.155 0.004629629629629629 0.011111111111111112
0 0.2904070031042445 0.7256601388512668 0.004629629629629629 0.011111111111111112
0 0.2216100301215211 0.7940132603953919 0.004629629629629629 0.011111111111111112
0 0.18168773888698245 0.8336779884606755 0.004629629629629629 0.011111111111111112
0 0.2893830901565785 0.7266774459089479 0.004629629629629629 0.011111111111111112
0 0.3522001220315017 0.6642656852074112 0.004629629629629629 0.011111111111111112
0 0.2605165365845 0.755357763651529 0.004629629629629629 0.011111111111111112
0 0.4418622751926579 0.5751819975505205 0.004629629629629629 0.011111111111111112
0 0.4614185703568529 0.5557518720325461 0.004629629629629629 0.011111111111111112
0 0.1862241290128061 0.8291708653679217 0.004629629629629629 0.011111111111111112
0 0.2654545585178741 0.7504515999241766 0.004629629629629629 0.011111111111111112
0 0.6538652165976374 0.36454681705783115 0.004629629629629629 0.011111111111111112
0 0.46314909259130144 0.5540325144576748 0.004629629629629629 0.011111111111111112
0 0.16770528912340446 0.8475702288709401 0.004629629629629629 0.011111111111111112
0 0.2533513102504983 0.7624767627188599 0.004629629629629629 0.011111111111111112
0 0.35422503158855584 0.6622538395829832 0.004629629629629629 0.011111111111111112
0 0.2879887842786753 0.728062756265058 0.004629629629629629 0.011111111111111112
