0 0.3025355976323118 0.7136097933201547 0.004629629629629629 0.011111111111111112
0 0.3715179510628269 0.6450724873311268 0.004629629629629629 0.011111111111111112
0 0.3683112555562869 0.6482584944795601 0.004629629629629629 0.011111111111111112
0 0.8647727272727275 0.155 0.004629629629629629 0.011111111111111112
0 0.28654484702461047 0.7294973777949032 0.004629629629629629 0.011111111111111112
0 0.41120292641938033 0.605643544073648 0.004629629629629629 0.011111111111111112
0 0.23189651386311969 0.7837931410650294 0.004629629629629629 0.011111111111111112
0 0.3304389686727079 0.6858864440284064 0.004629629629629629 0.011111111111111112
0 0.4384808974041956 0.5785415599984123 0.004629629629629629 0.011111111111111112
0 0.37330763816820467 0.6432943465941708 0.004629629629629629 0.011111111111111112
0 0.35523380786731107 0.6612515715382844 0.004629629629629629 0.011111111111111112
0 0.16022727272727272 0.855 0.004629629629629629 0.011111111111111112
0 0.4269317564177707 0.5900161903978278 0.004629629629629629 0.011111111111111112
0 0.2596381820880692 0.7562304513447571 0.004629629629629629 0.011111111111111112
0 0.5267788822149142 0.49081323960582723 0.004629629629629629 0.011111111111111112
0 0.20751414060665713 0.8080182086875793 0.004629629629629629 0.011111111111111112
0 0.3680552472321647 0.6485128511370751 0.004629629629629629 0.011111111111111112
0 0.45527077952193623 0.561859999700786 0.004629629629629629 0.011111111111111112
0 0.16157396420871228 0.8536619968506988 0.004629629629629629 0.011111111111111112
0 0.19555928223165317 0.8198959389440349 0.004629629629629629 0.011111111111111112
0 0.37019762783620774 0.6463842923433807 0.004629629629629629 0.011111111111111112
0 0.3754550179749921 0.6411608208506531 0.004629629629629629 0.011111111111111112
0 0.2595229558108903 0.7563449342265993 0.004629629629629629 0.011111111111111112
0 0.16644381829047247 0.8488235611823693 0.004629629629629629 0.011111111111111112
0 0.2677105351203362 0.7482101780094724 0.004629629629629629 0.011111111111111112
0 0.41213343620874615 0.6047190375732457 0.004629629629629629 0.011111111111111112
0 0.2029049861915833 0.812597626622556 0.004629629629629629 0.011111111111111112
0 0.21833398334863646 0.797268171382645 0.004629629629629629 0.011111111111111112
0 0.2666816168113318 0.749232458135838 0.004629629629629629 0.011111111111111112
0 0.2223866352541876 0.79324166561842 0.004629629629629629 0.011111111111111112
