0 0.16022727272727275 0.855 0.004629629629629629 0.011111111111111112
0 0.30426086171017747 0.7118956599782753 0.004629629629629629 0.011111111111111112
0 0.8162144999453248 0.2032449484414193 0.004629629629629629 0.011111111111111112
0 0.2819827824311902 0.7340300097135272 0.004629629629629629 0.011111111111111112
0 0.533128859569239 0.48450422984733665 0.004629629629629629 0.011111111111111112
0 0.17240381381925868 0.8429020172376397 0.004629629629629629 0.011111111111111112
0 0.7225112710904135 0.2963436403359764 0.004629629629629629 0.011111111111111112
0 0.23542534701240717 0.7802870745812213 0.004629629629629629 0.011111111111111112
0 0.32555697264124356 0.6907369433112805 0.004629629629629629 0.011111111111111112
0 0.26569412540267373 0.7502135786321823 0.004629629629629629 0.011111111111111112
0 0.8528581388771257 0.166837720083372 0.004629629629629629 0.011111111111111112
0 0.8254420314195272 0.19407694942834075 0.004629629629629629 0.011111111111111112
0 0.607921552900494 0.41019407002144465 0.004629629629629629 0.011111111111111112
0 0.7149395582632652 0.3038665034029496 0.004629629629629629 0.011111111111111112
0 0.8647727272727272 0.155 0.004629629629629629 0.011111111111111112
0 0.5747022003054418 0.44319910421265774 0.004629629629629629 0.011111111111111112
0 0.5297993203889316 0.4878122881297066 0.004629629629629629 0.011111111111111112
0 0.7053813724112721 0.3133630235397684 0.004629629629629629 0.011111111111111112
0 0.20983426503343802 0.8057130528054874 0.004629629629629629 0.011111111111111112
0 0.5838336991931296 0.4341265182210198 0.004629629629629629 0.011111111111111112
0 0.5816844152143613 0.43626193585153783 0.004629629629629629 0.011111111111111112
0 0.7225388779423344 0.29631621159277755 0.004629629629629629 0.011111111111111112
0 0.4615793939881098 0.5555920859731038 0.004629629629629629 0.011111111111111112
0 0.8265688585248075 0.19295739217535254 0.004629629629629629 0.011111111111111112
0 0.1869092468428115 0.8284901676529486 0.004629629629629629 0.011111111111111112
0 0.6731436030027655 0.3453928073391878 0.004629629629629629 0.011111111111111112
0 0.8151950155781243 0.20425785549012165 0.004629629629629629 0.011111111111111112
0 0.6757337433493013 0.34281937757553305 0.004629629629629629 0.011111111111111112
0 0.44048943755459125 0.5765459781715674 0.004629629629629629 0.011111111111111112
0 0.6549608926693694 0.3634582098639814 0.004629629629629629 0.011111111111111112
