0 0.17552227443183246 0.8398036757257924 0.004629629629629629 0.011111111111111112
0 0.22622718586285198 0.789425892755618 0.004629629629629629 0.011111111111111112
0 0.16022727272727275 0.855 0.004629629629629629 0.011111111111111112
0 0.3371542677493984 0.679214469461888 0.004629629629629629 0.011111111111111112
0 0.29485558571689197 0.7212402567716041 0.004629629629629629 0.011111111111111112
0 0.3004201690027323 0.7157115740230918 0.004629629629629629 0.011111111111111112
0 0.20930710523866064 0.8062368115693307 0.004629629629629629 0.011111111111111112
0 0.24856293964600865 0.7672342406097721 0.004629629629629629 0.011111111111111112
0 0.35074740242669017 0.6657090324276755 0.004629629629629629 0.011111111111111112
0 0.5715454213518365 0.4463355168504335 0.004629629629629629 0.011111111111111112
0 0.24647333595879753 0.7693103629828723 0.004629629629629629 0.011111111111111112
0 0.3023553521508786 0.7137888759275142 0.004629629629629629 0.011111111111111112
0 0.38373165412255644 0.6329375823556536 0.004629629629629629 0.011111111111111112
0 0.8647727272727272 0.1549999999999999 0.004629629629629629 0.011111111111111112
0 0.3042118950888913 0.7119443106858757 0.004629629629629629 0.011111111111111112
0 0.1794652831951208 0.8358861057287187 0.004629629629629629 0.011111111111111112
0 0.16138686671927657 0.8538478872595574 0.004629629629629629 0.011111111111111112
0 0.18489456064611656 0.830491855874181 0.004629629629629629 0.011111111111111112
0 0.28873627724532724 0.7273200858336748 0.004629629629629629 0.011111111111111112
0 0.3926641046825295 0.6240627605089708 0.004629629629629629 0.011111111111111112
0 0.255871055246296 0.7599732741423899 0.004629629629629629 0.011111111111111112
0 0.8446761636700155 0.174966908353662 0.004629629629629629 0.011111111111111112
0 0.5866242907135656 0.43135393051684445 0.004629629629629629 0.011111111111111112
0 0.18964562118478404 0.8257714473389888 0.004629629629629629 0.011111111111111112
0 0.2938244728307223 0.7222647173165726 0.004629629629629629 0.011111111111111112
0 0.19322929546846937 0.8222108935345529 0.004629629629629629 0.011111111111111112
0 0.18834317747452436 0.8270654881866016 0.004629629629629629 0.011111111111111112
0 0.18827836478028226 0.8271298827344292 0.004629629629629629 0.011111111111111112
0 0.34286054657536036 0.6735450053380291 0.004629629629629629 0.011111111111111112
0 0.3105675658939783 0.7056296442085634 0.004629629629629629 0.011111111111111112
