0 0.6524869107990404 0.3659162305609534 0.004629629629629629 0.011111111111111112
0 0.8647727272727272 0.155 0.004629629629629629 0.011111111111111112
0 0.49787473265907617 0.5195309107774341 0.004629629629629629 0.011111111111111112
0 0.16022727272727275 0.855 0.004629629629629629 0.011111111111111112
0 0.5148834555687803 0.5026319215639214 0.004629629629629629 0.011111111111111112
0 0.20491449128861589 0.8106010860745365 0.004629629629629629 0.011111111111111112
0 0.21861208733791906 0.7969918616126481 0.004629629629629629 0.011111111111111112
0 0.5657236708601296 0.4521197076615487 0.004629629629629629 0.011111111111111112
0 0.7616142510898533 0.25749293762685554 0.004629629629629629 0.011111111111111112
0 0.35079064212844563 0.6656660716917379 0.004629629629629629 0.011111111111111112
0 0.6489337487802707 0.36944646895379574 0.004629629629629629 0.011111111111111112
0 0.3842020485444426 0.6324702227364895 0.004629629629629629 0.011111111111111112
0 0.21015125515172206 0.8053981077847406 0.004629629629629629 0.011111111111111112
0 0.5830199136834066 0.43493505350164785 0.004629629629629629 0.011111111111111112
0 0.221490206442303 0.7941323110186151 0.004629629629629629 0.011111111111111112
0 0.20019868314790926 0.8152864696465935 0.004629629629629629 0.011111111111111112
0 0.5830548317448677 0.4349003607180025 0.004629629629629629 0.011111111111111112
0 0.8309226429807595 0.18863169665137458 0.004629629629629629 0.011111111111111112
0 0.8449269382027739 0.17471775172111506 0.004629629629629629 0.011111111111111112
0 0.5354680562962523 0.4821801247121107 0.004629629629629629 0.011111111111111112
0 0.7816617703901134 0.2375747571607908 0.004629629629629629 0.011111111111111112
0 0.7672641168623712 0.2518795226012571 0.004629629629629629 0.011111111111111112
0 0.31777429828198483 0.6984694068682216 0.004629629629629629 0.011111111111111112
0 0.24891118211457802 0.7668882448668064 0.004629629629629629 0.011111111111111112
0 0.41227260800404975 0.6045807636604925 0.004629629629629629 0.011111111111111112
0 0.8116730792735228 0.20775706962501614 0.004629629629629629 0.011111111111111112
0 0.3036362702208386 0.7125162218451023 0.004629629629629629 0.011111111111111112
0 0.5664535878069812 0.4513944998562897 0.004629629629629629 0.011111111111111112
0 0.8203085624412871 0.19917729925188246 0.004629629629629629 0.011111111111111112
0 0.17533158950936625 0.8399931304229523 0.004629629629629629 0.011111111111111112
