0 0.27693505835255666 0.7390451678303631 0.004629629629629629 0.011111111111111112
0 0.5594289446710493 0.4583738227139252 0.004629629629629629 0.011111111111111112
0 0.3854670254825752 0.631213406939893 0.004629629629629629 0.011111111111111112
0 0.28208638724861307 0.7339270733142812 0.004629629629629629 0.011111111111111112
0 0.7691105345692532 0.2500450172666776 0.004629629629629629 0.011111111111111112
0 0.5492125408681132 0.4685243142342617 0.004629629629629629 0.011111111111111112
0 0.8647727272727272 0.155 0.004629629629629629 0.011111111111111112
0 0.20503871581437208 0.8104776629973336 0.004629629629629629 0.011111111111111112
0 0.4507115683117789 0.5663897966450713 0.004629629629629629 0.011111111111111112
0 0.27811559812181863 0.7378722444467093 0.004629629629629629 0.011111111111111112
0 0.8542146744435759 0.16548993635928605 0.004629629629629629 0.011111111111111112
0 0.28273021208107013 0.7332874021904208 0.004629629629629629 0.011111111111111112
0 0.7366532707023987 0.28229287943116516 0.004629629629629629 0.011111111111111112
0 0.33245682356704087 0.6838816075527465 0.004629629629629629 0.011111111111111112
0 0.3035914857481516 0.7125607173857076 0.004629629629629629 0.011111111111111112
0 0.30182597251881504 0.7143148402071129 0.004629629629629629 0.011111111111111112
0 0.35534703583224164 0.6611390740763536 0.004629629629629629 0.011111111111111112
0 0.17440005594584013 0.8409186540925202 0.004629629629629629 0.011111111111111112
0 0.6002960010589095 0.4177704247543738 0.004629629629629629 0.011111111111111112
0 0.5511269105102871 0.46662229536397287 0.004629629629629629 0.011111111111111112
0 0.654728456378169 0.3636891465662063 0.004629629629629629 0.011111111111111112
0 0.16022727272727275 0.855 0.004629629629629629 0.011111111111111112
0 0.3706984554011014 0.645886695924067 0.004629629629629629 0.011111111111111112
0 0.48667253626870943 0.5306608349330243 0.004629629629629629 0.011111111111111112
0 0.6878335615689061 0.33079762269928054 0.004629629629629629 0.011111111111111112
0 0.5849993570785731 0.4329683807090307 0.004629629629629629 0.011111111111111112
0 0.3817122719542543 0.6349439362519022 0.004629629629629629 0.011111111111111112
0 0.46723177233308416 0.5499761745851938 0.004629629629629629 0.011111111111111112
0 0.6310748940923733 0.38719010522435177 0.004629629629629629 0.011111111111111112
0 0.548421749449218 0.46931000377303506 0.004629629629629629 0.011111111111111112
