0 0.4875136799831959 0.5298251179521797 0.004629629629629629 0.011111111111111112
0 0.5034273028439372 0.5140141636260237 0.004629629629629629 0.011111111111111112
0 0.4803681342345459 0.5369245634056771 0.004629629629629629 0.011111111111111112
0 0.6314075052943031 0.3868596399011442 0.004629629629629629 0.011111111111111112
0 0.5952389842876517 0.4227948156109785 0.004629629629629629 0.011111111111111112
0 0.34259292535208735 0.6738108999727649 0.004629629629629629 0.011111111111111112
0 0.30731626042841215 0.7088599735098358 0.004629629629629629 0.011111111111111112
0 0.2973662192816433 0.7187458208427545 0.004629629629629629 0.011111111111111112
0 0.43299962793616126 0.5839874664376205 0.004629629629629629 0.011111111111111112
0 0.5252817146402757 0.4923007480348229 0.004629629629629629 0.011111111111111112
0 0.3482080512503136 0.6682320006932368 0.004629629629629629 0.011111111111111112
0 0.5104972043480825 0.5069898743896472 0.004629629629629629 0.011111111111111112
0 0.5579137371634153 0.459879254689252 0.004629629629629629 0.011111111111111112
0 0.397188140863934 0.6195679116577689 0.004629629629629629 0.011111111111111112
0 0.43098147068706943 0.5859926033173634 0.004629629629629629 0.011111111111111112
0 0.4890849890302608 0.5282639463828377 0.004629629629629629 0.011111111111111112
0 0.5051107413571064 0.5123415860064879 0.004629629629629629 0.011111111111111112
0 0.4972155524904278 0.5201858381708008 0.004629629629629629 0.011111111111111112
0 0.5410450619408772 0.47663909974906404 0.004629629629629629 0.011111111111111112
0 0.3806872858357838 0.6359623095567051 0.004629629629629629 0.011111111111111112
0 0.548815178441338 0.4689191130324772 0.004629629629629629 0.011111111111111112
0 0.21395300255855768 0.8016208877805299 0.004629629629629629 0.011111111111111112
0 0.16022727272727275 0.855 0.004629629629629629 0.011111111111111112
0 0.8647727272727272 0.155 0.004629629629629629 0.011111111111111112
0 0.35632111332445493 0.6601712809550577 0.004629629629629629 0.011111111111111112
0 0.8359530692491444 0.18363372474601147 0.004629629629629629 0.011111111111111112
0 0.24068410159962858 0.7750622474429497 0.004629629629629629 0.011111111111111112
0 0.5995583179522571 0.41850334861517696 0.004629629629629629 0.011111111111111112
0 0.3873777072548304 0.6293150521468137 0.004629629629629629 0.011111111111111112
0 0.49406384517601026 0.5233172118896415 0.004629629629629629 0.011111111111111112
