0 0.569392131095529 0.4484749149115389 0.004629629629629629 0.011111111111111112
0 0.42466248812573754 0.5922708182492672 0.004629629629629629 0.011111111111111112
0 0.8004679442810027 0.21888991342403596 0.004629629629629629 0.011111111111111112
0 0.16022727272727272 0.855 0.004629629629629629 0.011111111111111112
0 0.8647727272727272 0.1549999999999999 0.004629629629629629 0.011111111111111112
0 0.20049289651166546 0.8149941544335711 0.004629629629629629 0.011111111111111112
0 0.593359539259871 0.4246621351869669 0.004629629629629629 0.011111111111111112
0 0.3066973952242254 0.7094748460352858 0.004629629629629629 0.011111111111111112
0 0.16277534478031902 0.8524683671214895 0.004629629629629629 0.011111111111111112
0 0.4361451463085778 0.5808622417321225 0.004629629629629629 0.011111111111111112
0 0.34137145785328765 0.6750244870360884 0.004629629629629629 0.011111111111111112
0 0.1781411664315482 0.837201679803494 0.004629629629629629 0.011111111111111112
0 0.3843979255730391 0.632275609430658 0.004629629629629629 0.011111111111111112
0 0.8294476702149901 0.1900971534638162 0.004629629629629629 0.011111111111111112
0 0.824335962431205 0.19517588248770595 0.004629629629629629 0.011111111111111112
0 0.3026927788908872 0.7134536261342153 0.004629629629629629 0.011111111111111112
0 0.7852389760125567 0.23402063028429848 0.004629629629629629 0.011111111111111112
0 0.5174821986493764 0.5000499445677162 0.004629629629629629 0.011111111111111112
0 0.42552885101476984 0.5914100447982287 0.004629629629629629 0.011111111111111112
0 0.3692324158765907 0.6473432771290646 0.004629629629629629 0.011111111111111112
0 0.2852812675202347 0.7307528051734442 0.004629629629629629 0.011111111111111112
0 0.6852778590319683 0.3333368368327541 0.004629629629629629 0.011111111111111112
0 0.3298601003279369 0.6864615777386951 0.004629629629629629 0.011111111111111112
0 0.17325213404002304 0.8420591700505577 0.004629629629629629 0.011111111111111112
0 0.4500694265366025 0.5670277955700853 0.004629629629629629 0.011111111111111112
0 0.467932216142605 0.5492802497679925 0.004629629629629629 0.011111111111111112
0 0.1677901739210972 0.8474858917171034 0.004629629629629629 0.011111111111111112
0 0.3792677188282268 0.6373727180674392 0.004629629629629629 0.011111111111111112
0 0.40968630693335667 0.6071503789178262 0.004629629629629629 0.011111111111111112
0 0.4130823437088029 0.6037762520570602 0.004629629629629629 0.011111111111111112
