0 0.4008150434287623 0.6159644084643264 0.004629629629629629 0.011111111111111112
0 0.6661510415674906 0.35234025547488046 0.004629629629629629 0.011111111111111112
0 0.8647727272727271 0.15500000000000022 0.004629629629629629 0.011111111111111112
0 0.7889320168829589 0.23035141548402793 0.004629629629629629 0.011111111111111112
0 0.6402371969307405 0.3780869140171999 0.004629629629629629 0.011111111111111112
0 0.1703258972703126 0.8449665278733669 0.004629629629629629 0.011111111111111112
0 0.6810256334465372 0.3375616287047308 0.004629629629629629 0.011111111111111112
0 0.4927006103342845 0.5246716516678723 0.004629629629629629 0.011111111111111112
0 0.7870798896325284 0.2321915935263912 0.004629629629629629 0.011111111111111112
0 0.4138390437719976 0.6030244339297574 0.004629629629629629 0.011111111111111112
0 0.5942415489654027 0.423785815866632 0.004629629629629629 0.011111111111111112
0 0.791567250458835 0.227733183415093 0.004629629629629629 0.011111111111111112
0 0.2680166018534056 0.7479060859004873 0.004629629629629629 0.011111111111111112
0 0.8360775877067194 0.18351000963332423 0.004629629629629629 0.011111111111111112
0 0.6662008194971049 0.3522907986931989 0.004629629629629629 0.011111111111111112
0 0.7191922971901021 0.2996412015014471 0.004629629629629629 0.011111111111111112
0 0.6974289948124741 0.32126409547663887 0.004629629629629629 0.011111111111111112
0 0.6914103410630038 0.327243919201919 0.004629629629629629 0.011111111111111112
0 0.6976897132781236 0.3210050590656065 0.004629629629629629 0.011111111111111112
0 0.7130459488314673 0.30574789599970337 0.004629629629629629 0.011111111111111112
0 0.846573648582033 0.17308166527978666 0.004629629629629629 0.011111111111111112
0 0.4329506416920074 0.5840361366414896 0.004629629629629629 0.011111111111111112
0 0.7051378830842077 0.31360494196794864 0.004629629629629629 0.011111111111111112
0 0.6206493924771247 0.3975483455388569 0.004629629629629629 0.011111111111111112
0 0.2984102085463554 0.7177085669926535 0.004629629629629629 0.011111111111111112
0 0.7332617027630038 0.28566256628708014 0.004629629629629629 0.011111111111111112
0 0.758185043097757 0.26090002169642207 0.004629629629629629 0.011111111111111112
0 0.6431479788416693 0.37519491134440613 0.004629629629629629 0.011111111111111112
0 0.16022727272727272 0.8550000000000001 0.004629629629629629 0.011111111111111112
0 0.6928935798570699 0.3257702496903951 0.004629629629629629 0.011111111111111112
