0 0.4084358100308168 0.6083928080984143 0.004629629629629629 0.011111111111111112
0 0.599465087772795 0.4185959773096101 0.004629629629629629 0.011111111111111112
0 0.20897422722186582 0.8065675419860172 0.004629629629629629 0.011111111111111112
0 0.5640356427878127 0.45379684523017316 0.004629629629629629 0.011111111111111112
0 0.38413168177303525 0.6325401355287263 0.004629629629629629 0.011111111111111112
0 0.3984238312397208 0.6183401934779549 0.004629629629629629 0.011111111111111112
0 0.5415707584084364 0.476116794871618 0.004629629629629629 0.011111111111111112
0 0.526847414177996 0.4907451497844427 0.004629629629629629 0.011111111111111112
0 0.38134924947267074 0.6353046166529595 0.004629629629629629 0.011111111111111112
0 0.45462398200456844 0.5625026243309449 0.004629629629629629 0.011111111111111112
0 0.6786270611888469 0.3399447263026941 0.004629629629629629 0.011111111111111112
0 0.22832408481713054 0.7873425221816897 0.004629629629629629 0.011111111111111112
0 0.4385209616143407 0.5785017542670422 0.004629629629629629 0.011111111111111112
0 0.16022727272727275 0.855 0.004629629629629629 0.011111111111111112
0 0.7967121518693111 0.2226214749169426 0.004629629629629629 0.011111111111111112
0 0.8647727272727272 0.155 0.004629629629629629 0.011111111111111112
0 0.5313295472647166 0.4862919336853784 0.004629629629629629 0.011111111111111112
0 0.4234034683176978 0.5935217153488679 0.004629629629629629 0.011111111111111112
0 0.34385973859798163 0.6725522597155538 0.004629629629629629 0.011111111111111112
0 0.4406952045601347 0.5763415386950919 0.004629629629629629 0.011111111111111112
0 0.46879770933058346 0.5484203404070334 0.004629629629629629 0.011111111111111112
0 0.3368416664236949 0.6795250540048451 0.004629629629629629 0.011111111111111112
0 0.4215799586374249 0.5953334604505585 0.004629629629629629 0.011111111111111112
0 0.42954500683816293 0.5874197996575672 0.004629629629629629 0.011111111111111112
0 0.5952866021535266 0.42274750495714136 0.004629629629629629 0.011111111111111112
0 0.44821671226298776 0.5688685568483863 0.004629629629629629 0.011111111111111112
0 0.5426177695373791 0.4750765386531848 0.004629629629629629 0.011111111111111112
0 0.5135561224059081 0.5039506912870333 0.004629629629629629 0.011111111111111112
0 0.3340402372112334 0.682308409480452 0.004629629629629629 0.011111111111111112
0 0.6992757574960442 0.3194292473910272 0.004629629629629629 0.011111111111111112
