0 0.5404779223301225 0.477202580394588 0.004629629629629629 0.011111111111111112
0 0.21775592926157789 0.7978424960884968 0.004629629629629629 0.011111111111111112
0 0.8647727272727272 0.155 0.004629629629629629 0.011111111111111112
0 0.5567666823011305 0.4610189091975865 0.004629629629629629 0.011111111111111112
0 0.23682095764860445 0.7789004678846124 0.004629629629629629 0.011111111111111112
0 0.8125418660968626 0.20689388787795587 0.004629629629629629 0.011111111111111112
0 0.18382545919831755 0.8315540598932845 0.004629629629629629 0.011111111111111112
0 0.7023199266068632 0.3164047180809232 0.004629629629629629 0.011111111111111112
0 0.2978285736699844 0.7182864493859511 0.004629629629629629 0.011111111111111112
0 0.43927694143807705 0.5777506517324913 0.004629629629629629 0.011111111111111112
0 0.23198078766408187 0.783709410966009 0.004629629629629629 0.011111111111111112
0 0.7875550909430108 0.2317194580308151 0.004629629629629629 0.011111111111111112
0 0.3221579018196978 0.6941140846436551 0.004629629629629629 0.011111111111111112
0 0.46853919824651463 0.5486771836776565 0.004629629629629629 0.011111111111111112
0 0.19179942900848126 0.8236315350496379 0.004629629629629629 0.011111111111111112
0 0.4566640006899653 0.5604757670564215 0.004629629629629629 0.011111111111111112
0 0.1875245018974725 0.827878881985737 0.004629629629629629 0.011111111111111112
0 0.3830065088211314 0.6336580493002952 0.004629629629629629 0.011111111111111112
0 0.22523317823699074 0.7904134874290544 0.004629629629629629 0.011111111111111112
0 0.5214873217967881 0.4960706609244815 0.004629629629629629 0.011111111111111112
0 0.5862415441221924 0.43173420777537014 0.004629629629629629 0.011111111111111112
0 0.16022727272727272 0.855 0.004629629629629629 0.011111111111111112
0 0.5617780380619054 0.45603988476430024 0.004629629629629629 0.011111111111111112
0 0.29541943987076164 0.720680040386469 0.004629629629629629 0.011111111111111112
0 0.2419633375712915 0.7737912646065879 0.004629629629629629 0.011111111111111112
0 0.25160222343466465 0.7642145651036235 0.004629629629629629 0.011111111111111112
0 0.2928789414014198 0.7232041485431054 0.004629629629629629 0.011111111111111112
0 0.32814721249772894 0.6881634146796757 0.004629629629629629 0.011111111111111112
0 0.3916818885776737 0.6250386397357306 0.004629629629629629 0.011111111111111112
0 0.35383307217700277 0.6626432702241392 0.004629629629629629 0.011111111111111112
