0 0.8143045652037263 0.2051425610233946 0.004629629629629629 0.011111111111111112
0 0.4400825887210861 0.5769502021738888 0.004629629629629629 0.011111111111111112
0 0.7858999249645819 0.2333639455190605 0.004629629629629629 0.011111111111111112
0 0.796595930525469 0.22273694644566286 0.004629629629629629 0.011111111111111112
0 0.4552844065919076 0.5618464605473951 0.004629629629629629 0.011111111111111112
0 0.5378421410821977 0.47982135660220343 0.004629629629629629 0.011111111111111112
0 0.7730554027756246 0.24612559982292784 0.004629629629629629 0.011111111111111112
0 0.8345338517522896 0.18504378600095106 0.004629629629629629 0.011111111111111112
0 0.6262096845802038 0.3920239262880557 0.004629629629629629 0.011111111111111112
0 0.8647727272727271 0.155 0.004629629629629629 0.011111111111111112
0 0.644741353225324 0.3736118167954844 0.004629629629629629 0.011111111111111112
0 0.16022727272727272 0.855 0.004629629629629629 0.011111111111111112
0 0.6883372890152324 0.33029714510744657 0.004629629629629629 0.011111111111111112
0 0.6584458977069185 0.3599956887299004 0.004629629629629629 0.011111111111111112
0 0.8601402227539954 0.15960261739280462 0.004629629629629629 0.011111111111111112
0 0.8607536597059576 0.158993138098597 0.004629629629629629 0.011111111111111112
0 0.8105320308882671 0.2088907564077863 0.004629629629629629 0.011111111111111112
0 0.5133695017802999 0.5041361079086053 0.004629629629629629 0.011111111111111112
0 0.7109971596055128 0.3077834672306519 0.004629629629629629 0.011111111111111112
0 0.7919245846198364 0.22737815463577543 0.004629629629629629 0.011111111111111112
0 0.34484185140913015 0.67157648311609 0.004629629629629629 0.011111111111111112
0 0.6843363579073956 0.3342722637565232 0.004629629629629629 0.011111111111111112
0 0.8550359611768499 0.1646739482500975 0.004629629629629629 0.011111111111111112
0 0.6295326841036881 0.3887223654711743 0.004629629629629629 0.011111111111111112
0 0.529513607647557 0.4880961575630725 0.004629629629629629 0.011111111111111112
0 0.7600254995937816 0.2590714391132751 0.004629629629629629 0.011111111111111112
0 0.6349623083484857 0.3833277710602142 0.004629629629629629 0.011111111111111112
0 0.5835783115176906 0.43438025823403653 0.004629629629629629 0.011111111111111112
0 0.7689343957210402 0.25022001973522445 0.004629629629629629 0.011111111111111112
0 0.7024290221711759 0.31629632635896066 0.004629629629629629 0.011111111111111112
