0 0.6773475151120167 0.34121601724354467 0.004629629629629629 0.011111111111111112
0 0.8416736139113247 0.17795008682358707 0.004629629629629629 0.011111111111111112
0 0.6384670350915439 0.3798456554574339 0.004629629629629629 0.011111111111111112
0 0.5216070314202291 0.49595172362119183 0.004629629629629629 0.011111111111111112
0 0.784810826845224 0.23444601719893898 0.004629629629629629 0.011111111111111112
0 0.47105714291473116 0.546175483813751 0.004629629629629629 0.011111111111111112
0 0.5830210218529328 0.4349339524816022 0.004629629629629629 0.011111111111111112
0 0.7406885933907923 0.27828359108269685 0.004629629629629629 0.011111111111111112
0 0.6141943659153094 0.4039617267680153 0.004629629629629629 0.011111111111111112
0 0.7647452202233681 0.25438216829420207 0.004629629629629629 0.011111111111111112
0 0.48334578960324925 0.5339661187167717 0.004629629629629629 0.011111111111111112
0 0.8601172756907046 0.15962541641052577 0.004629629629629629 0.011111111111111112
0 0.7602936876451328 0.25880498130741647 0.004629629629629629 0.011111111111111112
0 0.1602272727272728 0.855 0.004629629629629629 0.011111111111111112
0 0.7909501792229136 0.22834627354626674 0.004629629629629629 0.011111111111111112
0 0.760382853788876 0.2587163904291167 0.004629629629629629 0.011111111111111112
0 0.807389175434199 0.21201333537505387 0.004629629629629629 0.011111111111111112
0 0.6531070989349932 0.36530004363878105 0.004629629629629629 0.011111111111111112
0 0.7265794882584932 0.2923016697302712 0.004629629629629629 0.011111111111111112
0 0.6492696938155027 0.36911269130588764 0.004629629629629629 0.011111111111111112
0 0.5322589237069463 0.4853685532201954 0.004629629629629629 0.011111111111111112
0 0.791905568217666 0.22739704835148017 0.004629629629629629 0.011111111111111112
0 0.5846264041323618 0.4333389275072019 0.004629629629629629 0.011111111111111112
0 0.6666022385859646 0.3518919694049125 0.004629629629629629 0.011111111111111112
0 0.5481357572979966 0.4695941508136035 0.004629629629629629 0.011111111111111112
0 0.81832110935149 0.20115193006368098 0.004629629629629629 0.011111111111111112
0 0.8647727272727272 0.155 0.004629629629629629 0.011111111111111112
0 0.8246676944463847 0.19484629067907577 0.004629629629629629 0.011111111111111112
0 0.746605814248548 0.2724045458433782 0.004629629629629629 0.011111111111111112
0 0.8601627609383653 0.15958022461607585 0.004629629629629629 0.011111111111111112
