0 0.8117676981691045 0.2076630611739222 0.004629629629629629 0.011111111111111112
0 0.736091050522277 0.2828514723843184 0.004629629629629629 0.011111111111111112
0 0.6132566961127454 0.4048933470879822 0.004629629629629629 0.011111111111111112
0 0.3283096013931358 0.6880020734545619 0.004629629629629629 0.011111111111111112
0 0.4079383977374992 0.6088870112801621 0.004629629629629629 0.011111111111111112
0 0.5733255807223333 0.4445668423791012 0.004629629629629629 0.011111111111111112
0 0.6725003097800317 0.3460319502830655 0.004629629629629629 0.011111111111111112
0 0.8410961446501938 0.17852383047658169 0.004629629629629629 0.011111111111111112
0 0.6970027027285501 0.32168763728905353 0.004629629629629629 0.011111111111111112
0 0.772722084608569 0.246456767550196 0.004629629629629629 0.011111111111111112
0 0.5385570155531059 0.4791110942246562 0.004629629629629629 0.011111111111111112
0 0.8647727272727275 0.155 0.004629629629629629 0.011111111111111112
0 0.8277079101081101 0.19182568931194213 0.004629629629629629 0.011111111111111112
0 0.499427553996775 0.5179881076419137 0.004629629629629629 0.011111111111111112
0 0.6712941162566602 0.34723036191273765 0.004629629629629629 0.011111111111111112
0 0.8516089512437555 0.16807884844168824 0.004629629629629629 0.011111111111111112
0 0.4936642271637586 0.5237142517211689 0.004629629629629629 0.011111111111111112
0 0.5244710764072742 0.4931061563437406 0.004629629629629629 0.011111111111111112
0 0.6147824785554478 0.4033774084029744 0.004629629629629629 0.011111111111111112
0 0.8463583949563754 0.1732955301723755 0.004629629629629629 0.011111111111111112
0 0.545432506455148 0.47227996132843375 0.004629629629629629 0.011111111111111112
0 0.5720566585121095 0.44582757799442013 0.004629629629629629 0.011111111111111112
0 0.7242476273507857 0.2946184863740582 0.004629629629629629 0.011111111111111112
0 0.8586162656206807 0.161116742544614 0.004629629629629629 0.011111111111111112
0 0.7777429854641241 0.24146825960338653 0.004629629629629629 0.011111111111111112
0 0.1602272727272729 0.8549999999999998 0.004629629629629629 0.011111111111111112
0 0.7596229218320248 0.2594714195991494 0.004629629629629629 0.011111111111111112
0 0.7730556422726235 0.24612536187107092 0.004629629629629629 0.011111111111111112
0 0.7387091985995964 0.280250215584917 0.004629629629629629 0.011111111111111112
0 0.7298722792296045 0.28903012257187677 0.004629629629629629 0.011111111111111112
