0 0.8506196283980672 0.1690617885593399 0.004629629629629629 0.011111111111111112
0 0.6456912122474934 0.37266808589603895 0.004629629629629629 0.011111111111111112
0 0.8578553080987176 0.1618727906632098 0.004629629629629629 0.011111111111111112
0 0.6278891561676638 0.3903552900011598 0.004629629629629629 0.011111111111111112
0 0.8287303966962862 0.19080979941143186 0.004629629629629629 0.011111111111111112
0 0.2093256876662783 0.806218349028343 0.004629629629629629 0.011111111111111112
0 0.6860354939110663 0.3325840899206182 0.004629629629629629 0.011111111111111112
0 0.6920855040385255 0.32657311211656204 0.004629629629629629 0.011111111111111112
0 0.7141343933102114 0.304666473743403 0.004629629629629629 0.011111111111111112
0 0.2806933396054979 0.7353111335532474 0.004629629629629629 0.011111111111111112
0 0.7390878729946053 0.2798739842505213 0.004629629629629629 0.011111111111111112
0 0.8572821185073974 0.16244228225716664 0.004629629629629629 0.011111111111111112
0 0.46013520122668133 0.557026961361878 0.004629629629629629 0.011111111111111112
0 0.6897634542014813 0.32888018098691557 0.004629629629629629 0.011111111111111112
0 0.32234625890974705 0.6939269427606387 0.004629629629629629 0.011111111111111112
0 0.8303642740770254 0.18918646317508456 0.004629629629629629 0.011111111111111112
0 0.6199437997042255 0.3982493861003181 0.004629629629629629 0.011111111111111112
0 0.5313652567565218 0.4862564545773914 0.004629629629629629 0.011111111111111112
0 0.7930839019571813 0.22622631676512334 0.004629629629629629 0.011111111111111112
0 0.1602272727272728 0.8550000000000001 0.004629629629629629 0.011111111111111112
0 0.5826048767716359 0.4353474127559234 0.004629629629629629 0.011111111111111112
0 0.6922364449274359 0.3264231450398381 0.004629629629629629 0.011111111111111112
0 0.7124940427668716 0.30629624138001166 0.004629629629629629 0.011111111111111112
0 0.8480765700785998 0.17158844005093965 0.004629629629629629 0.011111111111111112
0 0.43640402887547747 0.5806050293753323 0.004629629629629629 0.011111111111111112
0 0.6889472179030517 0.32969115124471 0.004629629629629629 0.011111111111111112
0 0.6745532683500355 0.34399223660706163 0.004629629629629629 0.011111111111111112
0 0.8647727272727271 0.15500000000000022 0.004629629629629629 0.011111111111111112
0 0.6474460473462863 0.3709245723140125 0.004629629629629629 0.011111111111111112
0 0.8425259692124307 0.17710323058893981 0.004629629629629629 0.011111111111111112
