0 0.365363774917211 0.6511869591145129 0.004629629629629629 0.011111111111111112
0 0.8600487913799073 0.15969345888705982 0.004629629629629629 0.011111111111111112
0 0.716504513500125 0.3023116446514886 0.004629629629629629 0.011111111111111112
0 0.1602272727272728 0.8549999999999999 0.004629629629629629 0.011111111111111112
0 0.6822318406698678 0.33636320346348625 0.004629629629629629 0.011111111111111112
0 0.8241925584147781 0.19531836131693023 0.004629629629629629 0.011111111111111112
0 0.8072831475011455 0.21211867925692637 0.004629629629629629 0.011111111111111112
0 0.43760066886899374 0.5794161096398385 0.004629629629629629 0.011111111111111112
0 0.8053331395730894 0.21405610648867252 0.004629629629629629 0.011111111111111112
0 0.544269449876192 0.4734355143165577 0.004629629629629629 0.011111111111111112
0 0.7885048698308521 0.2307758067487017 0.004629629629629629 0.011111111111111112
0 0.6364601418496897 0.3818396010009534 0.004629629629629629 0.011111111111111112
0 0.7586777925732577 0.2604104512497955 0.004629629629629629 0.011111111111111112
0 0.4681494848040058 0.549064382839891 0.004629629629629629 0.011111111111111112
0 0.6821175725707053 0.33647673434910563 0.004629629629629629 0.011111111111111112
0 0.6188735493101047 0.39931273165318626 0.004629629629629629 0.011111111111111112
0 0.5053495366630857 0.5121043313153858 0.004629629629629629 0.011111111111111112
0 0.8268658469683194 0.1926623197863147 0.004629629629629629 0.011111111111111112
0 0.2167379111686511 0.7988539463227596 0.004629629629629629 0.011111111111111112
0 0.8647727272727271 0.1549999999999999 0.004629629629629629 0.011111111111111112
0 0.8418564103505113 0.17776846971626595 0.004629629629629629 0.011111111111111112
0 0.7006055523756395 0.3181080318332355 0.004629629629629629 0.011111111111111112
0 0.6066207165504186 0.4114865138789388 0.004629629629629629 0.011111111111111112
0 0.6310865707480503 0.38717850390193725 0.004629629629629629 0.011111111111111112
0 0.7939997933793251 0.22531633431989634 0.004629629629629629 0.011111111111111112
0 0.549571819034624 0.4681673539914058 0.004629629629629629 0.011111111111111112
0 0.5688912632511433 0.4489725513504769 0.004629629629629629 0.011111111111111112
0 0.7600831631660102 0.2590141475640929 0.004629629629629629 0.011111111111111112
0 0.5046782275181858 0.5127713094335444 0.004629629629629629 0.011111111111111112
0 0.7603197376874113 0.25877909932992693 0.004629629629629629 0.011111111111111112
