0 0.23794018643573964 0.777788459928362 0.004629629629629629 0.011111111111111112
0 0.7199466991673844 0.29889166663369554 0.004629629629629629 0.011111111111111112
0 0.5865972311001666 0.4313808155520926 0.004629629629629629 0.011111111111111112
0 0.7743655423424186 0.24482391276946805 0.004629629629629629 0.011111111111111112
0 0.25286103087712253 0.762963878999504 0.004629629629629629 0.011111111111111112
0 0.7271150831459792 0.29176953029367236 0.004629629629629629 0.011111111111111112
0 0.3367079850690489 0.6796578728991385 0.004629629629629629 0.011111111111111112
0 0.3636719856443053 0.6528678336179161 0.004629629629629629 0.011111111111111112
0 0.6009502865002199 0.41712036050945905 0.004629629629629629 0.011111111111111112
0 0.42566789302650626 0.5912718998317292 0.004629629629629629 0.011111111111111112
0 0.790578670815328 0.22871538512541612 0.004629629629629629 0.011111111111111112
0 0.5378519030218155 0.4798116576428415 0.004629629629629629 0.011111111111111112
0 0.18707967703779077 0.8283208370076143 0.004629629629629629 0.011111111111111112
0 0.8058791890684736 0.21351357989325856 0.004629629629629629 0.011111111111111112
0 0.8647727272727272 0.155 0.004629629629629629 0.011111111111111112
0 0.5742559153612506 0.44364250989914467 0.004629629629629629 0.011111111111111112
0 0.32727691166846073 0.6890281006648842 0.004629629629629629 0.011111111111111112
0 0.8610009534127658 0.15874743983505835 0.004629629629629629 0.011111111111111112
0 0.4604113844727713 0.5567525599431822 0.004629629629629629 0.011111111111111112
0 0.7121288917174713 0.3066590366161898 0.004629629629629629 0.011111111111111112
0 0.814082679335196 0.20536301537019244 0.004629629629629629 0.011111111111111112
0 0.16022727272727272 0.855 0.004629629629629629 0.011111111111111112
0 0.7268273584933368 0.2920553986582332 0.004629629629629629 0.011111111111111112
0 0.710127705714278 0.3086473117419432 0.004629629629629629 0.011111111111111112
0 0.44715152950727977 0.5699268674572834 0.004629629629629629 0.011111111111111112
0 0.6395511246350927 0.3787685600399725 0.004629629629629629 0.011111111111111112
0 0.33886496703340746 0.6775148069474533 0.004629629629629629 0.011111111111111112
0 0.2597653788719666 0.7561040751852719 0.004629629629629629 0.011111111111111112
0 0.220928476678442 0.7946904167194835 0.004629629629629629 0.011111111111111112
0 0.4265206698573982 0.5904246247868431 0.004629629629629629 0.011111111111111112
