0 0.5846651923823516 0.43330038950398614 0.004629629629629629 0.011111111111111112
0 0.6912380493692326 0.3274150993363754 0.004629629629629629 0.011111111111111112
0 0.5807694630436109 0.43717098510505764 0.004629629629629629 0.011111111111111112
0 0.550572575002371 0.46717305451377344 0.004629629629629629 0.011111111111111112
0 0.37734401792225936 0.6392840079998198 0.004629629629629629 0.011111111111111112
0 0.7977638887076249 0.22157652347758575 0.004629629629629629 0.011111111111111112
0 0.8356398943838098 0.1839448791283438 0.004629629629629629 0.011111111111111112
0 0.8458548516627499 0.17379582479959038 0.004629629629629629 0.011111111111111112
0 0.7452349084681825 0.273766607070322 0.004629629629629629 0.011111111111111112
0 0.7450511913757798 0.27394913889116074 0.004629629629629629 0.011111111111111112
0 0.48448691485137535 0.5328323555670205 0.004629629629629629 0.011111111111111112
0 0.692629152976591 0.326032970591 0.004629629629629629 0.011111111111111112
0 0.845487289114801 0.1741610159762621 0.004629629629629629 0.011111111111111112
0 0.5162163592459317 0.5013076172653324 0.004629629629629629 0.011111111111111112
0 0.6744807992284708 0.3440642381859064 0.004629629629629629 0.011111111111111112
0 0.4340650205602471 0.5829289473143351 0.004629629629629629 0.011111111111111112
0 0.8575877106076185 0.16213866171888242 0.004629629629629629 0.011111111111111112
0 0.6752794361919499 0.3432707537189659 0.004629629629629629 0.011111111111111112
0 0.5775391738132384 0.4403804337597503 0.004629629629629629 0.011111111111111112
0 0.838171893054633 0.1814292159328162 0.004629629629629629 0.011111111111111112
0 0.1602272727272728 0.8549999999999999 0.004629629629629629 0.011111111111111112
0 0.8115629522923165 0.20786648610956934 0.004629629629629629 0.011111111111111112
0 0.7797498420628226 0.23947435046661475 0.004629629629629629 0.011111111111111112
0 0.8647727272727275 0.1549999999999999 0.004629629629629629 0.011111111111111112
0 0.4833292938996623 0.5339825079964646 0.004629629629629629 0.011111111111111112
0 0.7236024962485621 0.2952594553401383 0.004629629629629629 0.011111111111111112
0 0.3314500138654661 0.6848819217078596 0.004629629629629629 0.011111111111111112
0 0.6788686448792622 0.339704701216733 0.004629629629629629 0.011111111111111112
0 0.8065898451622584 0.21280750867749804 0.004629629629629629 0.011111111111111112
0 0.6760212071292758 0.34253376840059024 0.004629629629629629 0.011111111111111112
