0 0.5648479702304772 0.4529897586097194 0.004629629629629629 0.011111111111111112
0 0.7288135978406589 0.29008197375831307 0.004629629629629629 0.011111111111111112
0 0.16815256089416308 0.847125842724509 0.004629629629629629 0.011111111111111112
0 0.3547923327776949 0.661690198401516 0.004629629629629629 0.011111111111111112
0 0.7221735819888236 0.2966791507982011 0.004629629629629629 0.011111111111111112
0 0.5640788933809644 0.4537538736731063 0.004629629629629629 0.011111111111111112
0 0.3267568600455198 0.6895447971160643 0.004629629629629629 0.011111111111111112
0 0.7382122325107258 0.2807439754409562 0.004629629629629629 0.011111111111111112
0 0.3021441830087237 0.7139986826881067 0.004629629629629629 0.011111111111111112
0 0.43230634799390977 0.5846762736060509 0.004629629629629629 0.011111111111111112
0 0.25356092738007824 0.7622684979578578 0.004629629629629629 0.011111111111111112
0 0.8647727272727275 0.1549999999999999 0.004629629629629629 0.011111111111111112
0 0.3373510223082021 0.6790189842873348 0.004629629629629629 0.011111111111111112
0 0.32363672620998735 0.6926448010558834 0.004629629629629629 0.011111111111111112
0 0.44240655133792633 0.5746412328642538 0.004629629629629629 0.011111111111111112
0 0.5094419931417559 0.5080382777817394 0.004629629629629629 0.011111111111111112
0 0.41897440536058383 0.5979222037062587 0.004629629629629629 0.011111111111111112
0 0.6315814146666926 0.38668685252470536 0.004629629629629629 0.011111111111111112
0 0.19254317260321657 0.8228925898006751 0.004629629629629629 0.011111111111111112
0 0.16022727272727275 0.855 0.004629629629629629 0.011111111111111112
0 0.4998255135595994 0.5175927155601401 0.004629629629629629 0.011111111111111112
0 0.2906634920770268 0.7254053046460508 0.004629629629629629 0.011111111111111112
0 0.6793907122595007 0.3391860020131413 0.004629629629629629 0.011111111111111112
0 0.4171938884638004 0.5996912333972564 0.004629629629629629 0.011111111111111112
0 0.5412330889391939 0.4764522858281558 0.004629629629629629 0.011111111111111112
0 0.3895577391841913 0.6271490849395778 0.004629629629629629 0.011111111111111112
0 0.40102738875444033 0.6157534331084915 0.004629629629629629 0.011111111111111112
0 0.6321822872800034 0.3860898565088999 0.004629629629629629 0.011111111111111112
0 0.7251301738087219 0.29374163376423745 0.004629629629629629 0.011111111111111112
0 0.29778290905824273 0.7183318193872943 0.004629629629629629 0.011111111111111112
