0 0.18891541653172098 0.82649694099429 0.004629629629629629 0.011111111111111112
0 0.7543112261103263 0.26474884631619194 0.004629629629629629 0.011111111111111112
0 0.5332147279794351 0.4844189154268838 0.004629629629629629 0.011111111111111112
0 0.20726355903742677 0.8082671736015244 0.004629629629629629 0.011111111111111112
0 0.1634076941686655 0.8518400974066163 0.004629629629629629 0.011111111111111112
0 0.25036086177988187 0.7654479179735367 0.004629629629629629 0.011111111111111112
0 0.6969046797362538 0.32178502787494767 0.004629629629629629 0.011111111111111112
0 0.8554311367640121 0.1642813221828526 0.004629629629629629 0.011111111111111112
0 0.35034153505595955 0.6661122812992402 0.004629629629629629 0.011111111111111112
0 0.20686689905194702 0.8086612744903237 0.004629629629629629 0.011111111111111112
0 0.2417894153363287 0.7739640647626154 0.004629629629629629 0.011111111111111112
0 0.23956266793123787 0.7761764460554152 0.004629629629629629 0.011111111111111112
0 0.29227233787848167 0.7238068384949279 0.004629629629629629 0.011111111111111112
0 0.5268927127594237 0.49070014345192736 0.004629629629629629 0.011111111111111112
0 0.46724796177456435 0.5499600895917232 0.004629629629629629 0.011111111111111112
0 0.16022727272727275 0.855 0.004629629629629629 0.011111111111111112
0 0.3396809442854872 0.6767040940647417 0.004629629629629629 0.011111111111111112
0 0.16968416366075545 0.8456041212660882 0.004629629629629629 0.011111111111111112
0 0.23942931947919296 0.7763089341948665 0.004629629629629629 0.011111111111111112
0 0.3546280877382068 0.6618533837955881 0.004629629629629629 0.011111111111111112
0 0.1645780832976563 0.8506772591752318 0.004629629629629629 0.011111111111111112
0 0.21527264154151082 0.8003097625974666 0.004629629629629629 0.011111111111111112
0 0.4149943823252004 0.6018765491736718 0.004629629629629629 0.011111111111111112
0 0.23472169497360615 0.7809861869294493 0.004629629629629629 0.011111111111111112
0 0.48763736657918744 0.5297022293342268 0.004629629629629629 0.011111111111111112
0 0.19149973496840886 0.8239292955797745 0.004629629629629629 0.011111111111111112
0 0.8118594282302177 0.20757192291965454 0.004629629629629629 0.011111111111111112
0 0.1810368276726713 0.8343247002477976 0.004629629629629629 0.011111111111111112
0 0.8647727272727272 0.155 0.004629629629629629 0.011111111111111112
0 0.1876255614108107 0.8277784744692591 0.004629629629629629 0.011111111111111112
