0 0.6853831427518491 0.333232232362679 0.004629629629629629 0.011111111111111112
0 0.4235666853182589 0.5933595513612138 0.004629629629629629 0.011111111111111112
0 0.847006286403815 0.17265181866975798 0.004629629629629629 0.011111111111111112
0 0.6421760979125469 0.3761605220739857 0.004629629629629629 0.011111111111111112
0 0.5568786095944954 0.46090770401579173 0.004629629629629629 0.011111111111111112
0 0.7303503968732878 0.2885550895581529 0.004629629629629629 0.011111111111111112
0 0.35428073032479734 0.6621985001934272 0.004629629629629629 0.011111111111111112
0 0.6828613057348394 0.33573779946344995 0.004629629629629629 0.011111111111111112
0 0.21026307443323644 0.8052870099179458 0.004629629629629629 0.011111111111111112
0 0.3994821036231982 0.6172887486582418 0.004629629629629629 0.011111111111111112
0 0.6251440658303035 0.3930826700782793 0.004629629629629629 0.011111111111111112
0 0.6332645013120196 0.3850146245028966 0.004629629629629629 0.011111111111111112
0 0.8647727272727272 0.1550000000000001 0.004629629629629629 0.011111111111111112
0 0.540539846942559 0.4771410552957802 0.004629629629629629 0.011111111111111112
0 0.3077783314445613 0.7084008835970166 0.004629629629629629 0.011111111111111112
0 0.16022727272727275 0.855 0.004629629629629629 0.011111111111111112
0 0.3959685780062636 0.6207796063679704 0.004629629629629629 0.011111111111111112
0 0.41898161720752725 0.59791503838736 0.004629629629629629 0.011111111111111112
0 0.5530325388445181 0.46472896140609193 0.004629629629629629 0.011111111111111112
0 0.6488440513949235 0.3695355876463341 0.004629629629629629 0.011111111111111112
0 0.36535259697806377 0.6511980649379239 0.004629629629629629 0.011111111111111112
0 0.8148094276685164 0.20464095573579674 0.004629629629629629 0.011111111111111112
0 0.555186899269468 0.4625885000806577 0.004629629629629629 0.011111111111111112
0 0.8595792741682957 0.16015994695537097 0.004629629629629629 0.011111111111111112
0 0.23839674561257776 0.7773348462946001 0.004629629629629629 0.011111111111111112
0 0.2123725932594301 0.8031911008906307 0.004629629629629629 0.011111111111111112
0 0.7727373208675609 0.24644162958964932 0.004629629629629629 0.011111111111111112
0 0.17528440122859773 0.8400400142631997 0.004629629629629629 0.011111111111111112
0 0.22193458579337993 0.7936907986310935 0.004629629629629629 0.011111111111111112
0 0.3699690452683315 0.6466114001850126 0.004629629629629629 0.011111111111111112
