0 0.2882440642219998 0.72780912328911 0.004629629629629629 0.011111111111111112
0 0.8647727272727271 0.15500000000000022 0.004629629629629629 0.011111111111111112
0 0.1734605653300461 0.8418520834785348 0.004629629629629629 0.011111111111111112
0 0.16022727272727275 0.855 0.004629629629629629 0.011111111111111112
0 0.306265995597234 0.7099034624388771 0.004629629629629629 0.011111111111111112
0 0.3090069005259947 0.7071802407677215 0.004629629629629629 0.011111111111111112
0 0.2313636784878884 0.7843225387926787 0.004629629629629629 0.011111111111111112
0 0.17715851133644703 0.8381779951883043 0.004629629629629629 0.011111111111111112
0 0.17362863024158523 0.8416851028567476 0.004629629629629629 0.011111111111111112
0 0.3066610438626909 0.7095109628719072 0.004629629629629629 0.011111111111111112
0 0.2712837473492305 0.7446600187627 0.004629629629629629 0.011111111111111112
0 0.2830838986518839 0.7329359974684508 0.004629629629629629 0.011111111111111112
0 0.4408254111327839 0.5762121721648471 0.004629629629629629 0.011111111111111112
0 0.4139038734941384 0.6029600224638884 0.004629629629629629 0.011111111111111112
0 0.3284603838430858 0.6878522637946116 0.004629629629629629 0.011111111111111112
0 0.1702181276024605 0.8450736022530393 0.004629629629629629 0.011111111111111112
0 0.4268066761009281 0.5901404637448844 0.004629629629629629 0.011111111111111112
0 0.3436357455802403 0.6727748076170517 0.004629629629629629 0.011111111111111112
0 0.46156455066785157 0.5556068335300056 0.004629629629629629 0.011111111111111112
0 0.5968302653916377 0.4212138008366956 0.004629629629629629 0.011111111111111112
0 0.16392383503836297 0.8513272864780136 0.004629629629629629 0.011111111111111112
0 0.2023822653547295 0.8131169750669139 0.004629629629629629 0.011111111111111112
0 0.49270584982020843 0.5246664459850832 0.004629629629629629 0.011111111111111112
0 0.17514730908414267 0.8401762219422066 0.004629629629629629 0.011111111111111112
0 0.5781736878101583 0.43975001340152015 0.004629629629629629 0.011111111111111112
0 0.25182778942009615 0.7639904543826141 0.004629629629629629 0.011111111111111112
0 0.23420151952907284 0.7815030064033729 0.004629629629629629 0.011111111111111112
0 0.35982787572501773 0.656687142828047 0.004629629629629629 0.011111111111111112
0 0.31381800517868 0.7024001754998922 0.004629629629629629 0.011111111111111112
0 0.6460074292061353 0.37235390904680754 0.004629629629629629 0.011111111111111112
