0 0.16022727272727272 0.855 0.004629629629629629 0.011111111111111112
0 0.4155740321363505 0.6013006390387227 0.004629629629629629 0.011111111111111112
0 0.8533366517717902 0.16636229436867292 0.004629629629629629 0.011111111111111112
0 0.7654607289531862 0.2536712757497376 0.004629629629629629 0.011111111111111112
0 0.515513657281051 0.5020057856691493 0.004629629629629629 0.011111111111111112
0 0.32737718754414413 0.6889284717303342 0.004629629629629629 0.011111111111111112
0 0.5477315208955482 0.4699957792392618 0.004629629629629629 0.011111111111111112
0 0.4758467708325261 0.5414167567212321 0.004629629629629629 0.011111111111111112
0 0.6030275407721181 0.4150565078780247 0.004629629629629629 0.011111111111111112
0 0.5563216308621046 0.46146108933700564 0.004629629629629629 0.011111111111111112
0 0.7814352307122918 0.23779983529230356 0.004629629629629629 0.011111111111111112
0 0.5551982235265236 0.46257724888332497 0.004629629629629629 0.011111111111111112
0 0.3869426095656478 0.6297473427541306 0.004629629629629629 0.011111111111111112
0 0.3492710101671341 0.6671758995758796 0.004629629629629629 0.011111111111111112
0 0.6123626582280051 0.40578161698636916 0.004629629629629629 0.011111111111111112
0 0.32111581984184834 0.69514944351197 0.004629629629629629 0.011111111111111112
0 0.5181679178801696 0.4993686493319605 0.004629629629629629 0.011111111111111112
0 0.7558056730805959 0.26326404093927885 0.004629629629629629 0.011111111111111112
0 0.428429025397103 0.5885285812183622 0.004629629629629629 0.011111111111111112
0 0.454348383085844 0.5627764451921291 0.004629629629629629 0.011111111111111112
0 0.5375323162790269 0.4801291825356765 0.004629629629629629 0.011111111111111112
0 0.7308145865206181 0.2880938946827406 0.004629629629629629 0.011111111111111112
0 0.8647727272727272 0.1549999999999999 0.004629629629629629 0.011111111111111112
0 0.6981311185795522 0.3205665015403158 0.004629629629629629 0.011111111111111112
0 0.35695540796705855 0.6595410785359548 0.004629629629629629 0.011111111111111112
0 0.3637627732124465 0.652777631776021 0.004629629629629629 0.011111111111111112
0 0.6689559814957391 0.34955341193326556 0.004629629629629629 0.011111111111111112
0 0.523282060486504 0.49428750119405407 0.004629629629629629 0.011111111111111112
0 0.45476991115695586 0.5623576366569599 0.004629629629629629 0.011111111111111112
0 0.3233263859207231 0.6929531391497331 0.004629629629629629 0.011111111111111112
