0 0.8437842281953264 0.1758530894059337 0.004629629629629629 0.011111111111111112
0 0.7450373358195641 0.2739629050566911 0.004629629629629629 0.011111111111111112
0 0.8647727272727272 0.1550000000000001 0.004629629629629629 0.011111111111111112
0 0.5228025217549606 0.49476394612732955 0.004629629629629629 0.011111111111111112
0 0.7079910548977555 0.3107701777144881 0.004629629629629629 0.011111111111111112
0 0.33888265168110027 0.6774972363942616 0.004629629629629629 0.011111111111111112
0 0.23170580607116273 0.7839826184841352 0.004629629629629629 0.011111111111111112
0 0.45245674003344355 0.5646558840958045 0.004629629629629629 0.011111111111111112
0 0.24447271919717575 0.7712980725395803 0.004629629629629629 0.011111111111111112
0 0.5201860760963447 0.49736351149137364 0.004629629629629629 0.011111111111111112
0 0.5785610564914403 0.43936514387302067 0.004629629629629629 0.011111111111111112
0 0.5689672818745852 0.44889702316976693 0.004629629629629629 0.011111111111111112
0 0.4776843754985816 0.5395910075691512 0.004629629629629629 0.011111111111111112
0 0.21706026488258934 0.7985336723102016 0.004629629629629629 0.011111111111111112
0 0.38835859863228406 0.6283404891008274 0.004629629629629629 0.011111111111111112
0 0.30047332776453206 0.7156587582210455 0.004629629629629629 0.011111111111111112
0 0.45165971491615703 0.5654477671155601 0.004629629629629629 0.011111111111111112
0 0.32990918706594796 0.6864128076893162 0.004629629629629629 0.011111111111111112
0 0.31233822616868695 0.7038704075485304 0.004629629629629629 0.011111111111111112
0 0.2895454069767356 0.726516176294082 0.004629629629629629 0.011111111111111112
0 0.4493320974294246 0.5677603677152814 0.004629629629629629 0.011111111111111112
0 0.2938626341596138 0.7222268021898031 0.004629629629629629 0.011111111111111112
0 0.5395535469115025 0.47812099210082987 0.004629629629629629 0.011111111111111112
0 0.34634377324965127 0.6700842510938949 0.004629629629629629 0.011111111111111112
0 0.16022727272727275 0.855 0.004629629629629629 0.011111111111111112
0 0.6095862470381243 0.40854011584599276 0.004629629629629629 0.011111111111111112
0 0.6880335918030687 0.3305988829827576 0.004629629629629629 0.011111111111111112
0 0.598181067450885 0.4198717136294434 0.004629629629629629 0.011111111111111112
0 0.4629210793156732 0.5542590566799118 0.004629629629629629 0.011111111111111112
0 0.21058996770584826 0.8049622256341895 0.004629629629629629 0.011111111111111112
