0 0.3690937610920973 0.6474810373665614 0.004629629629629629 0.011111111111111112
0 0.8018783952455455 0.21748856214313536 0.004629629629629629 0.011111111111111112
0 0.39247296924055347 0.6242526628190631 0.004629629629629629 0.011111111111111112
0 0.7150468439404686 0.3037599098914053 0.004629629629629629 0.011111111111111112
0 0.32646599516584207 0.689833785448131 0.004629629629629629 0.011111111111111112
0 0.3028053061813282 0.7133418248262933 0.004629629629629629 0.011111111111111112
0 0.2901600725017204 0.7259054763531294 0.004629629629629629 0.011111111111111112
0 0.5226598003615669 0.49490574673754 0.004629629629629629 0.011111111111111112
0 0.37390176556899174 0.6427040522733889 0.004629629629629629 0.011111111111111112
0 0.8647727272727275 0.1549999999999999 0.004629629629629629 0.011111111111111112
0 0.16544714000346075 0.8498138092868842 0.004629629629629629 0.011111111111111112
0 0.49815951700607003 0.5192479637488079 0.004629629629629629 0.011111111111111112
0 0.2044466554178043 0.8110659036494073 0.004629629629629629 0.011111111111111112
0 0.7190007121247278 0.29983155053414134 0.004629629629629629 0.011111111111111112
0 0.5602140105326231 0.45759382179339386 0.004629629629629629 0.011111111111111112
0 0.8307893329401289 0.18876414662722663 0.004629629629629629 0.011111111111111112
0 0.19942877644108306 0.8160514092133756 0.004629629629629629 0.011111111111111112
0 0.2382154638774051 0.777514958470191 0.004629629629629629 0.011111111111111112
0 0.20329700358587663 0.812208138372742 0.004629629629629629 0.011111111111111112
0 0.6032407900746556 0.41484463437743896 0.004629629629629629 0.011111111111111112
0 0.6096370482721584 0.40848964236185553 0.004629629629629629 0.011111111111111112
0 0.8072401745793065 0.21216137493410828 0.004629629629629629 0.011111111111111112
0 0.4298749258571757 0.5870920091483545 0.004629629629629629 0.011111111111111112
0 0.5722356726409087 0.4456497187954842 0.004629629629629629 0.011111111111111112
0 0.32240703436260515 0.6938665594074762 0.004629629629629629 0.011111111111111112
0 0.7078640142933461 0.31089639870209473 0.004629629629629629 0.011111111111111112
0 0.1644744220111068 0.8507802516792874 0.004629629629629629 0.011111111111111112
0 0.16022727272727275 0.855 0.004629629629629629 0.011111111111111112
0 0.3713675285312023 0.6452219393948055 0.004629629629629629 0.011111111111111112
0 0.7503400285133626 0.26869442328349785 0.004629629629629629 0.011111111111111112
