0 0.23818433964437774 0.777545881901715 0.004629629629629629 0.011111111111111112
0 0.17170378419978102 0.8435975305369918 0.004629629629629629 0.011111111111111112
0 0.6395374497407602 0.3787821467091802 0.004629629629629629 0.011111111111111112
0 0.2943936686862898 0.7216991936923314 0.004629629629629629 0.011111111111111112
0 0.45714213433951056 0.5600007181400992 0.004629629629629629 0.011111111111111112
0 0.24858982781115888 0.7672075259166551 0.004629629629629629 0.011111111111111112
0 0.19725358182109512 0.8182125703196862 0.004629629629629629 0.011111111111111112
0 0.33908715590604904 0.6772940515514093 0.004629629629629629 0.011111111111111112
0 0.5628921610264979 0.4549329496898022 0.004629629629629629 0.011111111111111112
0 0.31837230672484346 0.697875256544349 0.004629629629629629 0.011111111111111112
0 0.49155910635025757 0.5258057911100668 0.004629629629629629 0.011111111111111112
0 0.17735917134188306 0.8379786297635485 0.004629629629629629 0.011111111111111112
0 0.18766765546418354 0.8277366519904241 0.004629629629629629 0.011111111111111112
0 0.25709870967900417 0.7587535400608604 0.004629629629629629 0.011111111111111112
0 0.1671489501501004 0.8481229785605454 0.004629629629629629 0.011111111111111112
0 0.20513976356507888 0.8103772671675991 0.004629629629629629 0.011111111111111112
0 0.3450542610019622 0.6713654439077279 0.004629629629629629 0.011111111111111112
0 0.37233717209723766 0.6442585515937124 0.004629629629629629 0.011111111111111112
0 0.2699474004742344 0.7459877440449542 0.004629629629629629 0.011111111111111112
0 0.5137071163124145 0.5038006715347625 0.004629629629629629 0.011111111111111112
0 0.16022727272727272 0.855 0.004629629629629629 0.011111111111111112
0 0.1956717652159621 0.8197841816563989 0.004629629629629629 0.011111111111111112
0 0.32336803320389323 0.6929117605587125 0.004629629629629629 0.011111111111111112
0 0.29602070853508955 0.7200826508748143 0.004629629629629629 0.011111111111111112
0 0.6367047128888436 0.3815966078394715 0.004629629629629629 0.011111111111111112
0 0.3978401309482482 0.6189201279610953 0.004629629629629629 0.011111111111111112
0 0.8647727272727272 0.1550000000000001 0.004629629629629629 0.011111111111111112
0 0.4447974936523072 0.5722657159841593 0.004629629629629629 0.011111111111111112
0 0.17970245803101592 0.8356504610530551 0.004629629629629629 0.011111111111111112
0 0.22507066285160676 0.790574954328081 0.004629629629629629 0.011111111111111112
