0 0.7067833319551798 0.31197010889614374 0.004629629629629629 0.011111111111111112
0 0.49725891336919886 0.5201427570396346 0.004629629629629629 0.011111111111111112
0 0.41084467834139793 0.6059994808737078 0.004629629629629629 0.011111111111111112
0 0.3367787977244916 0.6795875170995375 0.004629629629629629 0.011111111111111112
0 0.4017846331027152 0.615001074207625 0.004629629629629629 0.011111111111111112
0 0.3608446170017657 0.6556769611724393 0.004629629629629629 0.011111111111111112
0 0.4594180245530225 0.5577395110892551 0.004629629629629629 0.011111111111111112
0 0.24553131612778137 0.7702463052665914 0.004629629629629629 0.011111111111111112
0 0.43197711778993847 0.5850033797441901 0.004629629629629629 0.011111111111111112
0 0.16022727272727275 0.855 0.004629629629629629 0.011111111111111112
0 0.3030895684801468 0.7130593964777896 0.004629629629629629 0.011111111111111112
0 0.2458700579619914 0.7699097488635698 0.004629629629629629 0.011111111111111112
0 0.2227975624782981 0.7928333895376909 0.004629629629629629 0.011111111111111112
0 0.5632228387129982 0.45460440540773084 0.004629629629629629 0.011111111111111112
0 0.21788906842108033 0.7977102158913137 0.004629629629629629 0.011111111111111112
0 0.36145373054967417 0.655071777389356 0.004629629629629629 0.011111111111111112
0 0.7608597538144931 0.2582425671778583 0.004629629629629629 0.011111111111111112
0 0.531260875705431 0.4863601622023459 0.004629629629629629 0.011111111111111112
0 0.34797454936551975 0.6684639961142579 0.004629629629629629 0.011111111111111112
0 0.4593640546063159 0.557793132842757 0.004629629629629629 0.011111111111111112
0 0.7499635371243867 0.26906848569577063 0.004629629629629629 0.011111111111111112
0 0.4074128722314451 0.6094091462990804 0.004629629629629629 0.011111111111111112
0 0.6968965866793813 0.3217930687185501 0.004629629629629629 0.011111111111111112
0 0.46709608699779454 0.5501109845312235 0.004629629629629629 0.011111111111111112
0 0.21936791256988722 0.7962409126724991 0.004629629629629629 0.011111111111111112
0 0.3905821566299234 0.6261312766386568 0.004629629629629629 0.011111111111111112
0 0.8622180922883803 0.1575381534683189 0.004629629629629629 0.011111111111111112
0 0.17182845304607014 0.84347366600584 0.004629629629629629 0.011111111111111112
0 0.6433752292941857 0.3749691270238412 0.004629629629629629 0.011111111111111112
0 0.8647727272727272 0.15499999999999978 0.004629629629629629 0.011111111111111112
