0 0.31273622786599053 0.7034749736041126 0.004629629629629629 0.011111111111111112
0 0.5768894346113174 0.44102598109585245 0.004629629629629629 0.011111111111111112
0 0.4678273621374837 0.5493844272956614 0.004629629629629629 0.011111111111111112
0 0.177359455816899 0.8379783471238552 0.004629629629629629 0.011111111111111112
0 0.4466573068347327 0.5704179015964591 0.004629629629629629 0.011111111111111112
0 0.16524081185888184 0.8500188062821432 0.004629629629629629 0.011111111111111112
0 0.6282018973003103 0.3900445665532401 0.004629629629629629 0.011111111111111112
0 0.5163950659603479 0.5011300634974608 0.004629629629629629 0.011111111111111112
0 0.22749560249181797 0.788165659459742 0.004629629629629629 0.011111111111111112
0 0.7990626115604286 0.22028617948189674 0.004629629629629629 0.011111111111111112
0 0.23758789762546162 0.7781384759076059 0.004629629629629629 0.011111111111111112
0 0.16022727272727275 0.855 0.004629629629629629 0.011111111111111112
0 0.3017206931033463 0.7144194404005463 0.004629629629629629 0.011111111111111112
0 0.4660525317591159 0.551147807155459 0.004629629629629629 0.011111111111111112
0 0.31275075080924525 0.703460544357266 0.004629629629629629 0.011111111111111112
0 0.28608045649125025 0.7299587722603063 0.004629629629629629 0.011111111111111112
0 0.8347313670596429 0.18484754498590314 0.004629629629629629 0.011111111111111112
0 0.7766352601830532 0.24256883826974068 0.004629629629629629 0.011111111111111112
0 0.3467963457297493 0.6696345984362491 0.004629629629629629 0.011111111111111112
0 0.21133800359867594 0.80421901577938 0.004629629629629629 0.011111111111111112
0 0.19659622060617485 0.8188656904945101 0.004629629629629629 0.011111111111111112
0 0.3670176080605733 0.6495437958623982 0.004629629629629629 0.011111111111111112
0 0.5530938349803816 0.4646680607291693 0.004629629629629629 0.011111111111111112
0 0.29725054315160104 0.7188607506751834 0.004629629629629629 0.011111111111111112
0 0.8647727272727275 0.1549999999999999 0.004629629629629629 0.011111111111111112
0 0.4780364193362463 0.5392412349820521 0.004629629629629629 0.011111111111111112
0 0.48507303138869096 0.53225002042672 0.004629629629629629 0.011111111111111112
0 0.3281202966994205 0.6881901568276726 0.004629629629629629 0.011111111111111112
0 0.23716544870371753 0.7785581993524355 0.004629629629629629 0.011111111111111112
0 0.6348790944303463 0.38341044811436553 0.004629629629629629 0.011111111111111112
