0 0.2226034771816605 0.7930262226711244 0.004629629629629629 0.011111111111111112
0 0.3838852118636397 0.6327850153096741 0.004629629629629629 0.011111111111111112
0 0.36229670098153965 0.6542342454764059 0.004629629629629629 0.011111111111111112
0 0.8647727272727272 0.1550000000000001 0.004629629629629629 0.011111111111111112
0 0.18625508863479037 0.8291401054854342 0.004629629629629629 0.011111111111111112
0 0.39482573423553197 0.6219150769530843 0.004629629629629629 0.011111111111111112
0 0.3501841133605099 0.6662686873708482 0.004629629629629629 0.011111111111111112
0 0.3548482038531929 0.6616346877845697 0.004629629629629629 0.011111111111111112
0 0.20735402255691346 0.8081772937176472 0.004629629629629629 0.011111111111111112
0 0.2579916727523594 0.7578663380395914 0.004629629629629629 0.011111111111111112
0 0.2682756539540495 0.7476487051037186 0.004629629629629629 0.011111111111111112
0 0.2727007045797516 0.7432522031917307 0.004629629629629629 0.011111111111111112
0 0.24092978517068644 0.774818148927189 0.004629629629629629 0.011111111111111112
0 0.5132461189619966 0.5042586947087261 0.004629629629629629 0.011111111111111112
0 0.25910817178760304 0.7567570422239299 0.004629629629629629 0.011111111111111112
0 0.1913759367896917 0.8240522950605643 0.004629629629629629 0.011111111111111112
0 0.3378516990981846 0.6785215376701909 0.004629629629629629 0.011111111111111112
0 0.2669300107313967 0.748985666757193 0.004629629629629629 0.011111111111111112
0 0.16618454914914196 0.8490811576195622 0.004629629629629629 0.011111111111111112
0 0.16969168408697333 0.8455966493587491 0.004629629629629629 0.011111111111111112
0 0.21342638845971995 0.8021441043690525 0.004629629629629629 0.011111111111111112
0 0.21844008305378254 0.7971627561917257 0.004629629629629629 0.011111111111111112
0 0.16022727272727272 0.855 0.004629629629629629 0.011111111111111112
0 0.2400949512432903 0.775647596829247 0.004629629629629629 0.011111111111111112
0 0.3301637849389303 0.6861598523832564 0.004629629629629629 0.011111111111111112
0 0.2009423835195492 0.8145475673418673 0.004629629629629629 0.011111111111111112
0 0.3235045150533055 0.6927761592373609 0.004629629629629629 0.011111111111111112
0 0.5916016039452355 0.42640872898344356 0.004629629629629629 0.011111111111111112
0 0.19393895903212585 0.8215058084455007 0.004629629629629629 0.011111111111111112
0 0.24337968124641768 0.7723840586325915 0.004629629629629629 0.011111111111111112
