0 0.4030589924695684 0.6137349365141064 0.004629629629629629 0.011111111111111112
0 0.7292233205216399 0.2896748944494677 0.004629629629629629 0.011111111111111112
0 0.7147207451880715 0.30408390478088404 0.004629629629629629 0.011111111111111112
0 0.25972039166876737 0.7561487721484506 0.004629629629629629 0.011111111111111112
0 0.6812403720626824 0.33734827549901253 0.004629629629629629 0.011111111111111112
0 0.7689840911647551 0.2501706449072758 0.004629629629629629 0.011111111111111112
0 0.4811956222802178 0.536102413992558 0.004629629629629629 0.011111111111111112
0 0.22701496210531294 0.7886431989405279 0.004629629629629629 0.011111111111111112
0 0.8447168492736501 0.17492648523779303 0.004629629629629629 0.011111111111111112
0 0.555860457642808 0.4619192872452104 0.004629629629629629 0.011111111111111112
0 0.8647727272727275 0.155 0.004629629629629629 0.011111111111111112
0 0.5778418450674507 0.4400797152233072 0.004629629629629629 0.011111111111111112
0 0.4540617521238272 0.5630612269221331 0.004629629629629629 0.011111111111111112
0 0.6862284897667976 0.33239233919944 0.004629629629629629 0.011111111111111112
0 0.38388347362011427 0.6327867423387253 0.004629629629629629 0.011111111111111112
0 0.6402767312770878 0.37804763473115155 0.004629629629629629 0.011111111111111112
0 0.7818754358316442 0.23736247020597967 0.004629629629629629 0.011111111111111112
0 0.3987265933881657 0.6180393846336936 0.004629629629629629 0.011111111111111112
0 0.8529106424465127 0.1667855552466908 0.004629629629629629 0.011111111111111112
0 0.8002084364699414 0.21914774699115513 0.004629629629629629 0.011111111111111112
0 0.6227362646451066 0.3954749370622815 0.004629629629629629 0.011111111111111112
0 0.2857178637542273 0.7303190256893485 0.004629629629629629 0.011111111111111112
0 0.6874991348090269 0.3311298918671605 0.004629629629629629 0.011111111111111112
0 0.7734004429125189 0.24578278575143303 0.004629629629629629 0.011111111111111112
0 0.6955762615340131 0.32310487563717427 0.004629629629629629 0.011111111111111112
0 0.6389040243019869 0.37941148553221976 0.004629629629629629 0.011111111111111112
0 0.1602272727272728 0.855 0.004629629629629629 0.011111111111111112
0 0.6735497665287686 0.34498926422303 0.004629629629629629 0.011111111111111112
0 0.7587412474083906 0.26034740580069593 0.004629629629629629 0.011111111111111112
0 0.5531485778405809 0.46461367104871326 0.004629629629629629 0.011111111111111112
