0 0.6234698449997502 0.3947460894841192 0.004629629629629629 0.011111111111111112
0 0.6336486449032359 0.38463295925743 0.004629629629629629 0.011111111111111112
0 0.7392852091815623 0.2796779212002543 0.004629629629629629 0.011111111111111112
0 0.45882563352148015 0.5583280802431746 0.004629629629629629 0.011111111111111112
0 0.6121021835855025 0.40604041114730716 0.004629629629629629 0.011111111111111112
0 0.27851289689202136 0.7374775088943787 0.004629629629629629 0.011111111111111112
0 0.7428455440397029 0.276140556244424 0.004629629629629629 0.011111111111111112
0 0.8000316488993711 0.21932339399675402 0.004629629629629629 0.011111111111111112
0 0.5306662379172175 0.4869509636177322 0.004629629629629629 0.011111111111111112
0 0.16022727272727275 0.855 0.004629629629629629 0.011111111111111112
0 0.6577350790329987 0.36070192147689156 0.004629629629629629 0.011111111111111112
0 0.8002904252554508 0.21906628716555201 0.004629629629629629 0.011111111111111112
0 0.5751410787604944 0.4427630572315088 0.004629629629629629 0.011111111111111112
0 0.8328593486083166 0.18670748589883374 0.004629629629629629 0.011111111111111112
0 0.6173104276784699 0.4008657686291331 0.004629629629629629 0.011111111111111112
0 0.5824737726785916 0.43547767101610885 0.004629629629629629 0.011111111111111112
0 0.7806992772641369 0.23853104065369643 0.004629629629629629 0.011111111111111112
0 0.8008410177176696 0.2185192469127669 0.004629629629629629 0.011111111111111112
0 0.6395293825686351 0.3787901618350336 0.004629629629629629 0.011111111111111112
0 0.6420193602908983 0.37631624848517187 0.004629629629629629 0.011111111111111112
0 0.7889544722413299 0.23032910499893683 0.004629629629629629 0.011111111111111112
0 0.6749037543060827 0.34364401185073074 0.004629629629629629 0.011111111111111112
0 0.8037618158861841 0.21561729260340418 0.004629629629629629 0.011111111111111112
0 0.559111355019708 0.4586893633997738 0.004629629629629629 0.011111111111111112
0 0.772698498706438 0.24648020128521647 0.004629629629629629 0.011111111111111112
0 0.8647727272727272 0.155 0.004629629629629629 0.011111111111111112
0 0.7903938458555969 0.22889901766605203 0.004629629629629629 0.011111111111111112
0 0.8124277180241726 0.20700729951146718 0.004629629629629629 0.011111111111111112
0 0.635037595370717 0.38325296976070694 0.004629629629629629 0.011111111111111112
0 0.8120714633024264 0.20736125581565376 0.004629629629629629 0.011111111111111112
