0 0.21714027781618653 0.7984541755890792 0.004629629629629629 0.011111111111111112
0 0.20214129207545473 0.8133563936798708 0.004629629629629629 0.011111111111111112
0 0.2568902290529201 0.7589606756506471 0.004629629629629629 0.011111111111111112
0 0.17058065098175498 0.8447134177342563 0.004629629629629629 0.011111111111111112
0 0.2395446120362621 0.776194385460746 0.004629629629629629 0.011111111111111112
0 0.29534798339352625 0.7207510358541739 0.004629629629629629 0.011111111111111112
0 0.7745521897542924 0.24463846953444487 0.004629629629629629 0.011111111111111112
0 0.19722625817393993 0.8182397176852467 0.004629629629629629 0.011111111111111112
0 0.18502848762969015 0.8303587929356627 0.004629629629629629 0.011111111111111112
0 0.1932738919580619 0.8221665847642482 0.004629629629629629 0.011111111111111112
0 0.2238066488182155 0.7918308134322246 0.004629629629629629 0.011111111111111112
0 0.2447225038898318 0.7710498993610704 0.004629629629629629 0.011111111111111112
0 0.19435681669074506 0.8210906466427437 0.004629629629629629 0.011111111111111112
0 0.28083392591255735 0.7351714542546204 0.004629629629629629 0.011111111111111112
0 0.265113810126323 0.7507901499390081 0.004629629629629629 0.011111111111111112
0 0.21924186187050027 0.7963661501415674 0.004629629629629629 0.011111111111111112
0 0.18716552253252047 0.8282355453547862 0.004629629629629629 0.011111111111111112
0 0.4212318804436582 0.5956792929785589 0.004629629629629629 0.011111111111111112
0 0.16022727272727275 0.855 0.004629629629629629 0.011111111111111112
0 0.16566262818144079 0.8495997113552137 0.004629629629629629 0.011111111111111112
0 0.34024267571571515 0.6761459867082572 0.004629629629629629 0.011111111111111112
0 0.5754787968335746 0.4424275179847066 0.004629629629629629 0.011111111111111112
0 0.20866129729637337 0.8068784530087646 0.004629629629629629 0.011111111111111112
0 0.27219502054520056 0.7437546247486394 0.004629629629629629 0.011111111111111112
0 0.244190804772338 0.771578168161677 0.004629629629629629 0.011111111111111112
0 0.22813747038025564 0.7875279326544558 0.004629629629629629 0.011111111111111112
0 0.2604948459293195 0.7553793143669988 0.004629629629629629 0.011111111111111112
0 0.16371438039193908 0.8515353898041379 0.004629629629629629 0.011111111111111112
0 0.2331447198495629 0.7825529880204342 0.004629629629629629 0.011111111111111112
0 0.8647727272727272 0.1549999999999999 0.004629629629629629 0.011111111111111112
