0 0.534432599794354 0.48320890084948065 0.004629629629629629 0.011111111111111112
0 0.16720389422062135 0.8480683889678988 0.004629629629629629 0.011111111111111112
0 0.2551036634204756 0.760735715053205 0.004629629629629629 0.011111111111111112
0 0.22553051084376644 0.7901180730971612 0.004629629629629629 0.011111111111111112
0 0.4388994369018471 0.5781257207555842 0.004629629629629629 0.011111111111111112
0 0.17769985140984174 0.8376401476315121 0.004629629629629629 0.011111111111111112
0 0.16022727272727275 0.855 0.004629629629629629 0.011111111111111112
0 0.3260592265742709 0.6902379297262083 0.004629629629629629 0.011111111111111112
0 0.4714439206876878 0.5457912013812651 0.004629629629629629 0.011111111111111112
0 0.24645874347238664 0.7693248613242094 0.004629629629629629 0.011111111111111112
0 0.23069171955510356 0.7849901625065422 0.004629629629629629 0.011111111111111112
0 0.49591795896913404 0.5214750601209895 0.004629629629629629 0.011111111111111112
0 0.31972862488428705 0.6965276888246439 0.004629629629629629 0.011111111111111112
0 0.2257158672327573 0.7899339125558412 0.004629629629629629 0.011111111111111112
0 0.32157603426477455 0.6946921982143531 0.004629629629629629 0.011111111111111112
0 0.8647727272727275 0.155 0.004629629629629629 0.011111111111111112
0 0.6705572781262767 0.34796244624873157 0.004629629629629629 0.011111111111111112
0 0.5812102121740715 0.4367330795173741 0.004629629629629629 0.011111111111111112
0 0.627095112954173 0.3911442103552089 0.004629629629629629 0.011111111111111112
0 0.29365857965115405 0.7224295402175631 0.004629629629629629 0.011111111111111112
0 0.317352332321497 0.698888650467674 0.004629629629629629 0.011111111111111112
0 0.2697291771199103 0.7462045595066698 0.004629629629629629 0.011111111111111112
0 0.22374442918750484 0.791892631645963 0.004629629629629629 0.011111111111111112
0 0.481257112997999 0.536041319989085 0.004629629629629629 0.011111111111111112
0 0.5302711586002867 0.48734349403584426 0.004629629629629629 0.011111111111111112
0 0.6865396534678248 0.33208318300616135 0.004629629629629629 0.011111111111111112
0 0.21508575023658144 0.8004954481520418 0.004629629629629629 0.011111111111111112
0 0.652095217794063 0.3663053965142858 0.004629629629629629 0.011111111111111112
0 0.25381806273349394 0.7620130215422061 0.004629629629629629 0.011111111111111112
0 0.8134597015286221 0.20598197396511092 0.004629629629629629 0.011111111111111112
