0 0.6781921202472546 0.34037686117369537 0.004629629629629629 0.011111111111111112
0 0.5633781594872965 0.45445008670294407 0.004629629629629629 0.011111111111111112
0 0.5835950031999179 0.43436367424008165 0.004629629629629629 0.011111111111111112
0 0.5405811181191461 0.4771000503848484 0.004629629629629629 0.011111111111111112
0 0.6610642587069488 0.357394220381483 0.004629629629629629 0.011111111111111112
0 0.7593000367971824 0.2597922215047349 0.004629629629629629 0.011111111111111112
0 0.7305260720899033 0.28838054773003147 0.004629629629629629 0.011111111111111112
0 0.7028196459359606 0.31590822274749736 0.004629629629629629 0.011111111111111112
0 0.765824942603667 0.25330941186474387 0.004629629629629629 0.011111111111111112
0 0.6052933607929408 0.4128053060508846 0.004629629629629629 0.011111111111111112
0 0.6650763841362319 0.353407979632389 0.004629629629629629 0.011111111111111112
0 0.4386415744117619 0.578381919616701 0.004629629629629629 0.011111111111111112
0 0.16022727272727272 0.855 0.004629629629629629 0.011111111111111112
0 0.5450994308054612 0.4726108881029611 0.004629629629629629 0.011111111111111112
0 0.5298282111199427 0.4877835837905085 0.004629629629629629 0.011111111111111112
0 0.7887187268790838 0.230563329423362 0.004629629629629629 0.011111111111111112
0 0.6068331264067174 0.41127547440880996 0.004629629629629629 0.011111111111111112
0 0.8314884040371747 0.1880695856662909 0.004629629629629629 0.011111111111111112
0 0.5675974609172069 0.45025800657258164 0.004629629629629629 0.011111111111111112
0 0.6162601334116565 0.40190928680390264 0.004629629629629629 0.011111111111111112
0 0.4945937533191066 0.5227907225087586 0.004629629629629629 0.011111111111111112
0 0.4943519891682128 0.523030926890937 0.004629629629629629 0.011111111111111112
0 0.8504304542211016 0.16924974225774428 0.004629629629629629 0.011111111111111112
0 0.7709559536918065 0.24821150407394715 0.004629629629629629 0.011111111111111112
0 0.5347123780766386 0.4829309275883719 0.004629629629629629 0.011111111111111112
0 0.6010204092472926 0.4170506901672062 0.004629629629629629 0.011111111111111112
0 0.5725969317513121 0.445290790389019 0.004629629629629629 0.011111111111111112
0 0.7040531261422917 0.31468270047798136 0.004629629629629629 0.011111111111111112
0 0.7516665993708814 0.2673764109476405 0.004629629629629629 0.011111111111111112
0 0.8647727272727272 0.1550000000000001 0.004629629629629629 0.011111111111111112
