0 0.19768924776712501 0.8177797151216952 0.004629629629629629 0.011111111111111112
0 0.38820796269111957 0.6284901531972102 0.004629629629629629 0.011111111111111112
0 0.20592773414065138 0.8095943802731592 0.004629629629629629 0.011111111111111112
0 0.4706812854628343 0.5465489163788615 0.004629629629629629 0.011111111111111112
0 0.21934621730222967 0.796262467970688 0.004629629629629629 0.011111111111111112
0 0.18445840192616617 0.8309252006669059 0.004629629629629629 0.011111111111111112
0 0.16022727272727275 0.855 0.004629629629629629 0.011111111111111112
0 0.408474827081548 0.6083540427705911 0.004629629629629629 0.011111111111111112
0 0.8647727272727272 0.155 0.004629629629629629 0.011111111111111112
0 0.3223280133795743 0.6939450705777134 0.004629629629629629 0.011111111111111112
0 0.22808139069926456 0.7875836505310533 0.004629629629629629 0.011111111111111112
0 0.5663669992174768 0.45148052980973274 0.004629629629629629 0.011111111111111112
0 0.29865130981243304 0.717469021218615 0.004629629629629629 0.011111111111111112
0 0.17105683367639565 0.8442403071860327 0.004629629629629629 0.011111111111111112
0 0.17055371064776806 0.8447401842596369 0.004629629629629629 0.011111111111111112
0 0.33167646103073556 0.6846569354920434 0.004629629629629629 0.011111111111111112
0 0.3184536318581462 0.6977944560893258 0.004629629629629629 0.011111111111111112
0 0.23953139330756676 0.7762075189073208 0.004629629629629629 0.011111111111111112
0 0.25628164120919594 0.7595653371211861 0.004629629629629629 0.011111111111111112
0 0.42058341232787017 0.5963235774290838 0.004629629629629629 0.011111111111111112
0 0.34812920604992026 0.6683103372149181 0.004629629629629629 0.011111111111111112
0 0.3197514584409954 0.6965050025812046 0.004629629629629629 0.011111111111111112
0 0.3853638524659129 0.6313159143241898 0.004629629629629629 0.011111111111111112
0 0.20078150049468652 0.8147074124117308 0.004629629629629629 0.011111111111111112
0 0.1701549182849397 0.8451364037685116 0.004629629629629629 0.011111111111111112
0 0.17096828459683308 0.844328284981211 0.004629629629629629 0.011111111111111112
0 0.6661537494107483 0.3523375651015791 0.004629629629629629 0.011111111111111112
0 0.18672615194460201 0.8286720812937503 0.004629629629629629 0.011111111111111112
0 0.24439169762791166 0.7713785713890426 0.004629629629629629 0.011111111111111112
0 0.1727978980328809 0.8425104755028151 0.004629629629629629 0.011111111111111112
