0 0.45257523633921487 0.5645381522823285 0.004629629629629629 0.011111111111111112
0 0.3265952077714679 0.689705406472219 0.004629629629629629 0.011111111111111112
0 0.331537213471447 0.6847952846799817 0.004629629629629629 0.011111111111111112
0 0.5649046075251012 0.4529334867169963 0.004629629629629629 0.011111111111111112
0 0.6510433797313381 0.3673504485249932 0.004629629629629629 0.011111111111111112
0 0.5402354684392495 0.47744347006681026 0.004629629629629629 0.011111111111111112
0 0.5370400271270693 0.48061829562858915 0.004629629629629629 0.011111111111111112
0 0.8647727272727272 0.1550000000000001 0.004629629629629629 0.011111111111111112
0 0.25424694548995613 0.7615869057712693 0.004629629629629629 0.011111111111111112
0 0.16022727272727275 0.855 0.004629629629629629 0.011111111111111112
0 0.49296668736954424 0.5244072912586464 0.004629629629629629 0.011111111111111112
0 0.26345852997539043 0.7524347508631605 0.004629629629629629 0.011111111111111112
0 0.4832596229848409 0.5340517294215129 0.004629629629629629 0.011111111111111112
0 0.22924508225617296 0.7864274666616088 0.004629629629629629 0.011111111111111112
0 0.4325209050441911 0.5844631007948036 0.004629629629629629 0.011111111111111112
0 0.3342888168057394 0.6820614336252654 0.004629629629629629 0.011111111111111112
0 0.47039367195124215 0.5468346743194111 0.004629629629629629 0.011111111111111112
0 0.5802068157859922 0.43773000238036913 0.004629629629629629 0.011111111111111112
0 0.31880096456155127 0.6974493642420716 0.004629629629629629 0.011111111111111112
0 0.3065008188567506 0.7096701541681316 0.004629629629629629 0.011111111111111112
0 0.7237135491625267 0.2951491188965865 0.004629629629629629 0.011111111111111112
0 0.2576512596595197 0.7582045549189289 0.004629629629629629 0.011111111111111112
0 0.3214073529370275 0.6948597912754696 0.004629629629629629 0.011111111111111112
0 0.46133134682725946 0.5558385328296906 0.004629629629629629 0.011111111111111112
0 0.3163429462487815 0.6998915243721783 0.004629629629629629 0.011111111111111112
0 0.6848711493888333 0.3337409225427077 0.004629629629629629 0.011111111111111112
0 0.5316794929365206 0.485944245727586 0.004629629629629629 0.011111111111111112
0 0.5108051222783753 0.5066839430266467 0.004629629629629629 0.011111111111111112
0 0.7562983359707203 0.2627745565194135 0.004629629629629629 0.011111111111111112
0 0.40044524858618147 0.6163318175337295 0.004629629629629629 0.011111111111111112
