0 0.16022727272727275 0.855 0.004629629629629629 0.011111111111111112
0 0.5650195837421036 0.45281925228203906 0.004629629629629629 0.011111111111111112
0 0.32153426595827256 0.6947336970479098 0.004629629629629629 0.011111111111111112
0 0.7693646769004548 0.249792514563419 0.004629629629629629 0.011111111111111112
0 0.4136114536361028 0.6032505557421945 0.004629629629629629 0.011111111111111112
0 0.4228066885066272 0.5941146449676091 0.004629629629629629 0.011111111111111112
0 0.2896753489314029 0.7263870726746061 0.004629629629629629 0.011111111111111112
0 0.33633144629053746 0.6800319823952079 0.004629629629629629 0.011111111111111112
0 0.6626267278742649 0.3558418316604077 0.004629629629629629 0.011111111111111112
0 0.5988874606576295 0.4191698777982261 0.004629629629629629 0.011111111111111112
0 0.7500606273942942 0.2689720218147013 0.004629629629629629 0.011111111111111112
0 0.22793712768332783 0.787726982817855 0.004629629629629629 0.011111111111111112
0 0.17628948767271715 0.8390414122477521 0.004629629629629629 0.011111111111111112
0 0.4737996155729571 0.5434507045275137 0.004629629629629629 0.011111111111111112
0 0.8114719642769017 0.20795688710552987 0.004629629629629629 0.011111111111111112
0 0.5146503081268035 0.5028635648288533 0.004629629629629629 0.011111111111111112
0 0.3100934686491784 0.7061006827614615 0.004629629629629629 0.011111111111111112
0 0.7825930844311136 0.23664945159747425 0.004629629629629629 0.011111111111111112
0 0.5258658556221514 0.49172037570444327 0.004629629629629629 0.011111111111111112
0 0.6152091636817764 0.4029534760839125 0.004629629629629629 0.011111111111111112
0 0.16129512452137776 0.8539390375723085 0.004629629629629629 0.011111111111111112
0 0.4726235337221176 0.544619198753509 0.004629629629629629 0.011111111111111112
0 0.3290046226398665 0.6873115362158745 0.004629629629629629 0.011111111111111112
0 0.48607471508610123 0.5312547992047769 0.004629629629629629 0.011111111111111112
0 0.38382014285591654 0.6328496645173475 0.004629629629629629 0.011111111111111112
0 0.8647727272727275 0.1549999999999999 0.004629629629629629 0.011111111111111112
0 0.23764552256019086 0.7780812227466491 0.004629629629629629 0.011111111111111112
0 0.46996762103099665 0.5472579765240421 0.004629629629629629 0.011111111111111112
0 0.38186280578446097 0.6347943736076969 0.004629629629629629 0.011111111111111112
0 0.5113906797725679 0.5061021633227389 0.004629629629629629 0.011111111111111112
