0 0.8642976914235043 0.15547197110180855 0.004629629629629629 0.011111111111111112
0 0.5743444221893818 0.4435545740828079 0.004629629629629629 0.011111111111111112
0 0.6801885016224685 0.33839335967832174 0.004629629629629629 0.011111111111111112
0 0.8647727272727275 0.155 0.004629629629629629 0.011111111111111112
0 0.40615002703714465 0.6106638441050306 0.004629629629629629 0.011111111111111112
0 0.5404141838752667 0.47726590763360605 0.004629629629629629 0.011111111111111112
0 0.5835042989084334 0.43445379334258905 0.004629629629629629 0.011111111111111112
0 0.34354465353401564 0.6728653119726555 0.004629629629629629 0.011111111111111112
0 0.42992834865836604 0.5870389310103978 0.004629629629629629 0.011111111111111112
0 0.8048999336955548 0.21448651748957787 0.004629629629629629 0.011111111111111112
0 0.772997535438855 0.24618309382204098 0.004629629629629629 0.011111111111111112
0 0.5472964334912362 0.4704280596280621 0.004629629629629629 0.011111111111111112
0 0.16022727272727272 0.8550000000000001 0.004629629629629629 0.011111111111111112
0 0.810107462916093 0.20931258523175278 0.004629629629629629 0.011111111111111112
0 0.7029382169528358 0.31579041670492464 0.004629629629629629 0.011111111111111112
0 0.4891607163917553 0.5281887075849658 0.004629629629629629 0.011111111111111112
0 0.8050635896238799 0.21432391740595175 0.004629629629629629 0.011111111111111112
0 0.6774713498062815 0.3410929814827914 0.004629629629629629 0.011111111111111112
0 0.8571730160122596 0.16255068086523897 0.004629629629629629 0.011111111111111112
0 0.40773735804574185 0.6090867539416501 0.004629629629629629 0.011111111111111112
0 0.8321718072687395 0.18739059148783305 0.004629629629629629 0.011111111111111112
0 0.6163863676901354 0.4017838669401235 0.004629629629629629 0.011111111111111112
0 0.8609700861354395 0.15877810796866015 0.004629629629629629 0.011111111111111112
0 0.8021130436988549 0.21725542755081528 0.004629629629629629 0.011111111111111112
0 0.8123184969737041 0.2071158159099973 0.004629629629629629 0.011111111111111112
0 0.8295823517586389 0.18996334083335228 0.004629629629629629 0.011111111111111112
0 0.43641739179099714 0.5805917526721708 0.004629629629629629 0.011111111111111112
0 0.8519976594757107 0.16769264800477776 0.004629629629629629 0.011111111111111112
0 0.7359722371993674 0.282969519169661 0.004629629629629629 0.011111111111111112
0 0.21434780136478537 0.8012286360633747 0.004629629629629629 0.011111111111111112
