0 0.6051032731848279 0.4129941672873323 0.004629629629629629 0.011111111111111112
0 0.8647727272727275 0.1549999999999999 0.004629629629629629 0.011111111111111112
0 0.7455426940234925 0.273460807228272 0.004629629629629629 0.011111111111111112
0 0.6789623968122602 0.33961155413491567 0.004629629629629629 0.011111111111111112
0 0.7128061912985599 0.3059861067098178 0.004629629629629629 0.011111111111111112
0 0.7086367537132319 0.3101286446978211 0.004629629629629629 0.011111111111111112
0 0.5128325123737945 0.5046696328673268 0.004629629629629629 0.011111111111111112
0 0.4454868635218197 0.571580793662192 0.004629629629629629 0.011111111111111112
0 0.4864693094503617 0.5308627506106084 0.004629629629629629 0.011111111111111112
0 0.6398527557519712 0.3784688749302995 0.004629629629629629 0.011111111111111112
0 0.7401751872944946 0.2787936848815989 0.004629629629629629 0.011111111111111112
0 0.7344421396970366 0.28448974507520225 0.004629629629629629 0.011111111111111112
0 0.6723394763763757 0.3461917460518589 0.004629629629629629 0.011111111111111112
0 0.47798759049750533 0.539289748796027 0.004629629629629629 0.011111111111111112
0 0.370206266462047 0.6463757094506113 0.004629629629629629 0.011111111111111112
0 0.35972901490001175 0.6567853658412787 0.004629629629629629 0.011111111111111112
0 0.6453384691136934 0.3730185532676853 0.004629629629629629 0.011111111111111112
0 0.16022727272727272 0.855 0.004629629629629629 0.011111111111111112
0 0.7175067530873672 0.30131587112609964 0.004629629629629629 0.011111111111111112
0 0.34330782166589735 0.6731006158932374 0.004629629629629629 0.011111111111111112
0 0.35554365040754815 0.6609437279821779 0.004629629629629629 0.011111111111111112
0 0.315189975652641 0.7010370564483437 0.004629629629629629 0.011111111111111112
0 0.32593750641661945 0.69035886459252 0.004629629629629629 0.011111111111111112
0 0.5990054532673249 0.419052646431174 0.004629629629629629 0.011111111111111112
0 0.6528696281068852 0.3655359823970302 0.004629629629629629 0.011111111111111112
0 0.33889721062049905 0.6774827713835042 0.004629629629629629 0.011111111111111112
0 0.7117061137603968 0.3070790869735413 0.004629629629629629 0.011111111111111112
0 0.6099823709545991 0.4081465475676887 0.004629629629629629 0.011111111111111112
0 0.7759421198922057 0.2432575066877439 0.004629629629629629 0.011111111111111112
0 0.6421097781972755 0.37622641392012623 0.004629629629629629 0.011111111111111112
