0 0.3170375760582331 0.6992013760453686 0.004629629629629629 0.011111111111111112
0 0.16332827409579637 0.8519190050919185 0.004629629629629629 0.011111111111111112
0 0.6029076938581311 0.41517558158611495 0.004629629629629629 0.011111111111111112
0 0.6860662467717926 0.33255353546544486 0.004629629629629629 0.011111111111111112
0 0.36285180807006234 0.6536827197239381 0.004629629629629629 0.011111111111111112
0 0.4392101676101637 0.5778169947615149 0.004629629629629629 0.011111111111111112
0 0.4248541608176162 0.5920803821554008 0.004629629629629629 0.011111111111111112
0 0.7609941869853285 0.25810900131780273 0.004629629629629629 0.011111111111111112
0 0.5210360593820256 0.4965190119688262 0.004629629629629629 0.011111111111111112
0 0.4554680968260532 0.5616639554115342 0.004629629629629629 0.011111111111111112
0 0.49565635122745705 0.5217349800707847 0.004629629629629629 0.011111111111111112
0 0.6806420671237137 0.3379427204061168 0.004629629629629629 0.011111111111111112
0 0.8452063485771034 0.17444014399436197 0.004629629629629629 0.011111111111111112
0 0.6279121228571377 0.390332471483876 0.004629629629629629 0.011111111111111112
0 0.8444609297564316 0.17518075366135177 0.004629629629629629 0.011111111111111112
0 0.5123708632095436 0.5051283036498729 0.004629629629629629 0.011111111111111112
0 0.44748329011213694 0.5695972472434253 0.004629629629629629 0.011111111111111112
0 0.5267756758950748 0.49081642523973223 0.004629629629629629 0.011111111111111112
0 0.7130327665150547 0.3057609932689136 0.004629629629629629 0.011111111111111112
0 0.7216304320638599 0.29721879653010047 0.004629629629629629 0.011111111111111112
0 0.6223699593940976 0.3958388790536062 0.004629629629629629 0.011111111111111112
0 0.2870685006195162 0.7289771026102871 0.004629629629629629 0.011111111111111112
0 0.27325812408909605 0.7426983799372853 0.004629629629629629 0.011111111111111112
0 0.6964264943291598 0.3222601282148994 0.004629629629629629 0.011111111111111112
0 0.7062293145607816 0.31252055198477185 0.004629629629629629 0.011111111111111112
0 0.8194445626506202 0.2000357248503517 0.004629629629629629 0.011111111111111112
0 0.8647727272727272 0.1550000000000001 0.004629629629629629 0.011111111111111112
0 0.5235223077493619 0.4940488039135372 0.004629629629629629 0.011111111111111112
0 0.7380149500891838 0.28093998507268203 0.004629629629629629 0.011111111111111112
0 0.16022727272727275 0.855 0.004629629629629629 0.011111111111111112
