0 0.8647727272727272 0.155 0.004629629629629629 0.011111111111111112
0 0.7041772996177417 0.3145593281217276 0.004629629629629629 0.011111111111111112
0 0.7151504635396473 0.3036569588057698 0.004629629629629629 0.011111111111111112
0 0.7051697852286887 0.3135732456437545 0.004629629629629629 0.011111111111111112
0 0.6873744123347048 0.3312538096803579 0.004629629629629629 0.011111111111111112
0 0.8504525558638394 0.1692277832062499 0.004629629629629629 0.011111111111111112
0 0.5276865979784272 0.48991138007304647 0.004629629629629629 0.011111111111111112
0 0.7970491072104239 0.22228669348125618 0.004629629629629629 0.011111111111111112
0 0.27277512760755884 0.74317826031249 0.004629629629629629 0.011111111111111112
0 0.3518188786666435 0.6646444689376574 0.004629629629629629 0.011111111111111112
0 0.3396175329589394 0.676767096285957 0.004629629629629629 0.011111111111111112
0 0.4832065710482046 0.5341044390875902 0.004629629629629629 0.011111111111111112
0 0.21679194954787614 0.7988002565782392 0.004629629629629629 0.011111111111111112
0 0.3640054554328842 0.652536515247328 0.004629629629629629 0.011111111111111112
0 0.4233011077875851 0.5936234154884639 0.004629629629629629 0.011111111111111112
0 0.6215115357667349 0.3966917644640182 0.004629629629629629 0.011111111111111112
0 0.43190053339085677 0.5850794700503745 0.004629629629629629 0.011111111111111112
0 0.3314147384178502 0.6849169695719425 0.004629629629629629 0.011111111111111112
0 0.5695798059899164 0.44828845082292185 0.004629629629629629 0.011111111111111112
0 0.16022727272727275 0.855 0.004629629629629629 0.011111111111111112
0 0.3596621097031669 0.6568518393916922 0.004629629629629629 0.011111111111111112
0 0.6482617977765895 0.37011408478971086 0.004629629629629629 0.011111111111111112
0 0.6719938042424561 0.34653518804297917 0.004629629629629629 0.011111111111111112
0 0.36440064396553873 0.65214387631811 0.004629629629629629 0.011111111111111112
0 0.16320288254405324 0.8520435876659084 0.004629629629629629 0.011111111111111112
0 0.7399884019639345 0.27897926514551025 0.004629629629629629 0.011111111111111112
0 0.811567167302122 0.2078622982933756 0.004629629629629629 0.011111111111111112
0 0.5063498550342455 0.5111104666111368 0.004629629629629629 0.011111111111111112
0 0.2389472015558122 0.7767879416800317 0.004629629629629629 0.011111111111111112
0 0.802370466808325 0.21699966523559966 0.004629629629629629 0.011111111111111112
