0 0.39614286282218275 0.6206064459702185 0.004629629629629629 0.011111111111111112
0 0.22809542061159027 0.787569711134291 0.004629629629629629 0.011111111111111112
0 0.4703111456339971 0.5469166682088029 0.004629629629629629 0.011111111111111112
0 0.8451523865079377 0.17449375792114574 0.004629629629629629 0.011111111111111112
0 0.21629679572845234 0.7992922158568926 0.004629629629629629 0.011111111111111112
0 0.512280648162572 0.5052179366642833 0.004629629629629629 0.011111111111111112
0 0.39175916204813127 0.6249618648037921 0.004629629629629629 0.011111111111111112
0 0.43666074390530735 0.5803499705715011 0.004629629629629629 0.011111111111111112
0 0.6333374357663424 0.38494216059344044 0.004629629629629629 0.011111111111111112
0 0.33614922435503 0.6802130287053251 0.004629629629629629 0.011111111111111112
0 0.467008561074144 0.5501979457714956 0.004629629629629629 0.011111111111111112
0 0.5603078449590494 0.4575005927503638 0.004629629629629629 0.011111111111111112
0 0.6736246733371015 0.3449148406844281 0.004629629629629629 0.011111111111111112
0 0.8094263093474918 0.20998934426120172 0.004629629629629629 0.011111111111111112
0 0.5090148019585624 0.5084627128927832 0.004629629629629629 0.011111111111111112
0 0.18385155060864866 0.8315281368146329 0.004629629629629629 0.011111111111111112
0 0.26418211085363597 0.7517158382486456 0.004629629629629629 0.011111111111111112
0 0.370965940416618 0.645620936618328 0.004629629629629629 0.011111111111111112
0 0.21519284998577243 0.8003890393689745 0.004629629629629629 0.011111111111111112
0 0.5452389062317009 0.47247231251818106 0.004629629629629629 0.011111111111111112
0 0.2929756875024403 0.7231080266104787 0.004629629629629629 0.011111111111111112
0 0.45630396640528764 0.5608334785392626 0.004629629629629629 0.011111111111111112
0 0.34453162592911724 0.6718847071413931 0.004629629629629629 0.011111111111111112
0 0.2758456018629072 0.7401275955684664 0.004629629629629629 0.011111111111111112
0 0.7558161468323693 0.2632536347600976 0.004629629629629629 0.011111111111111112
0 0.7457638767934784 0.2732410514438989 0.004629629629629629 0.011111111111111112
0 0.16022727272727275 0.855 0.004629629629629629 0.011111111111111112
0 0.8647727272727272 0.155 0.004629629629629629 0.011111111111111112
0 0.4065380472087554 0.6102783272893656 0.004629629629629629 0.011111111111111112
0 0.702386569754906 0.31633850488867393 0.004629629629629629 0.011111111111111112
