0 0.4260687071920806 0.5908736715639974 0.004629629629629629 0.011111111111111112
0 0.268860639045119 0.7470674941100108 0.004629629629629629 0.011111111111111112
0 0.2942832984096343 0.721808851902686 0.004629629629629629 0.011111111111111112
0 0.28411625989571015 0.731910296619746 0.004629629629629629 0.011111111111111112
0 0.5147022485184864 0.5028119595364716 0.004629629629629629 0.011111111111111112
0 0.19212079318169467 0.8233122441936712 0.004629629629629629 0.011111111111111112
0 0.17854675451109647 0.8367987084212332 0.004629629629629629 0.011111111111111112
0 0.20082450688255943 0.8146646834844248 0.004629629629629629 0.011111111111111112
0 0.26357354292245494 0.7523204799351093 0.004629629629629629 0.011111111111111112
0 0.33744702431191714 0.6789236016513857 0.004629629629629629 0.011111111111111112
0 0.3314542507989244 0.6848777121094558 0.004629629629629629 0.011111111111111112
0 0.3250577859113934 0.6912329094815833 0.004629629629629629 0.011111111111111112
0 0.18569101465154292 0.8297005402816928 0.004629629629629629 0.011111111111111112
0 0.2266098359294056 0.7890457113991713 0.004629629629629629 0.011111111111111112
0 0.2965396665675815 0.719567040958661 0.004629629629629629 0.011111111111111112
0 0.3921039600893892 0.6246192912660262 0.004629629629629629 0.011111111111111112
0 0.16448203601651198 0.8507726867964978 0.004629629629629629 0.011111111111111112
0 0.22809242214109654 0.7875726902598137 0.004629629629629629 0.011111111111111112
0 0.16022727272727272 0.855 0.004629629629629629 0.011111111111111112
0 0.8647727272727272 0.155 0.004629629629629629 0.011111111111111112
0 0.20843804370791838 0.8071002662514875 0.004629629629629629 0.011111111111111112
0 0.3110767182036766 0.7051237767524763 0.004629629629629629 0.011111111111111112
0 0.3173620175396984 0.6988790277347514 0.004629629629629629 0.011111111111111112
0 0.3289859282942029 0.6873301099528565 0.004629629629629629 0.011111111111111112
0 0.34607546156812596 0.6703508317323135 0.004629629629629629 0.011111111111111112
0 0.8454994314477456 0.1741489519809495 0.004629629629629629 0.011111111111111112
0 0.29656168958377266 0.7195451600264453 0.004629629629629629 0.011111111111111112
0 0.21048025418548902 0.8050712313253852 0.004629629629629629 0.011111111111111112
0 0.1716680659768124 0.8436330183198122 0.004629629629629629 0.011111111111111112
0 0.3139606086610267 0.7022584920400122 0.004629629629629629 0.011111111111111112
