0 0.2513415507073322 0.7644735560714249 0.004629629629629629 0.011111111111111112
0 0.2760271288932755 0.7399472396802295 0.004629629629629629 0.011111111111111112
0 0.28176846162255664 0.7342429478072663 0.004629629629629629 0.011111111111111112
0 0.20524558563229894 0.8102721278233933 0.004629629629629629 0.011111111111111112
0 0.21664820728149783 0.798943071475157 0.004629629629629629 0.011111111111111112
0 0.16022727272727272 0.855 0.004629629629629629 0.011111111111111112
0 0.1940358795811284 0.8214095131903627 0.004629629629629629 0.011111111111111112
0 0.20033067007138255 0.8151553342516585 0.004629629629629629 0.011111111111111112
0 0.29244391551453386 0.7236363678113663 0.004629629629629629 0.011111111111111112
0 0.8647727272727271 0.155 0.004629629629629629 0.011111111111111112
0 0.371130894854588 0.6454570464025383 0.004629629629629629 0.011111111111111112
0 0.44668621763551536 0.5703891773169718 0.004629629629629629 0.011111111111111112
0 0.2521687103895316 0.763651732903304 0.004629629629629629 0.011111111111111112
0 0.1997702334781401 0.8157121551249448 0.004629629629629629 0.011111111111111112
0 0.38569496206288645 0.6309869409181644 0.004629629629629629 0.011111111111111112
0 0.2588205723260598 0.757042786205076 0.004629629629629629 0.011111111111111112
0 0.20305169029110476 0.8124518690010959 0.004629629629629629 0.011111111111111112
0 0.16918583423928119 0.8460992356590368 0.004629629629629629 0.011111111111111112
0 0.33521306870685325 0.6811431446396425 0.004629629629629629 0.011111111111111112
0 0.16934983816137814 0.8459362898267597 0.004629629629629629 0.011111111111111112
0 0.19124569956119988 0.8241816920488724 0.004629629629629629 0.011111111111111112
0 0.18867797227396413 0.8267328533536098 0.004629629629629629 0.011111111111111112
0 0.34085899515603574 0.6755336435223903 0.004629629629629629 0.011111111111111112
0 0.25781946619116014 0.7580374335907184 0.004629629629629629 0.011111111111111112
0 0.274011261538413 0.7419501014392542 0.004629629629629629 0.011111111111111112
0 0.19951489345425422 0.8159658477938377 0.004629629629629629 0.011111111111111112
0 0.3797757661933636 0.6368679484272387 0.004629629629629629 0.011111111111111112
0 0.20466000621508404 0.8108539293088843 0.004629629629629629 0.011111111111111112
0 0.22537193230816352 0.7902756285454375 0.004629629629629629 0.011111111111111112
0 0.2632928745216786 0.7525993375720096 0.004629629629629629 0.011111111111111112
