0 0.5308052550919649 0.48681284332798325 0.004629629629629629 0.011111111111111112
0 0.21717883768648746 0.798415864492135 0.004629629629629629 0.011111111111111112
0 0.4357000423196605 0.5813044740824018 0.004629629629629629 0.011111111111111112
0 0.6351772622391485 0.38311420396884616 0.004629629629629629 0.011111111111111112
0 0.46070301781049966 0.5564628081108585 0.004629629629629629 0.011111111111111112
0 0.26125297714285284 0.7546260743225848 0.004629629629629629 0.011111111111111112
0 0.8480497209685889 0.17161511594088596 0.004629629629629629 0.011111111111111112
0 0.8647727272727272 0.1550000000000001 0.004629629629629629 0.011111111111111112
0 0.23989897106647562 0.7758423126178243 0.004629629629629629 0.011111111111111112
0 0.16022727272727275 0.855 0.004629629629629629 0.011111111111111112
0 0.39129243450639384 0.6254255812000991 0.004629629629629629 0.011111111111111112
0 0.3641567879400453 0.6523861590789227 0.004629629629629629 0.011111111111111112
0 0.4814100431264477 0.5358893765066262 0.004629629629629629 0.011111111111111112
0 0.32937825530782855 0.6869403140812542 0.004629629629629629 0.011111111111111112
0 0.708966203758724 0.3098013201364936 0.004629629629629629 0.011111111111111112
0 0.23278768710166284 0.7829077173312511 0.004629629629629629 0.011111111111111112
0 0.2874858985404859 0.7285623975791302 0.004629629629629629 0.011111111111111112
0 0.3298000628118263 0.686521227915992 0.004629629629629629 0.011111111111111112
0 0.6671694202151266 0.3513284470120677 0.004629629629629629 0.011111111111111112
0 0.41878053557186584 0.5981148227221462 0.004629629629629629 0.011111111111111112
0 0.3535266440246698 0.6629477214206506 0.004629629629629629 0.011111111111111112
0 0.1807165402578733 0.8346429212921775 0.004629629629629629 0.011111111111111112
0 0.5465382090892669 0.4711813922596962 0.004629629629629629 0.011111111111111112
0 0.508035820903378 0.50943537794116 0.004629629629629629 0.011111111111111112
0 0.301559070030236 0.7145800207441525 0.004629629629629629 0.011111111111111112
0 0.27175281956054786 0.7441939728237138 0.004629629629629629 0.011111111111111112
0 0.2695820349384591 0.7463507523837245 0.004629629629629629 0.011111111111111112
0 0.3772632059651017 0.6393642985895119 0.004629629629629629 0.011111111111111112
0 0.22867170244670382 0.7869971472465007 0.004629629629629629 0.011111111111111112
0 0.3674131521760497 0.649150803644441 0.004629629629629629 0.011111111111111112
