0 0.17003617372207042 0.8452543822374269 0.004629629629629629 0.011111111111111112
0 0.17275860312340172 0.8425495168967493 0.004629629629629629 0.011111111111111112
0 0.6489818836248519 0.3693986446565988 0.004629629629629629 0.011111111111111112
0 0.4460960951755057 0.5709754925353041 0.004629629629629629 0.011111111111111112
0 0.339616716344507 0.6767679076319091 0.004629629629629629 0.011111111111111112
0 0.16022727272727275 0.855 0.004629629629629629 0.011111111111111112
0 0.7223182419991336 0.29653542407828015 0.004629629629629629 0.011111111111111112
0 0.5368941025155645 0.4807632787909877 0.004629629629629629 0.011111111111111112
0 0.23255772859501025 0.783136192234635 0.004629629629629629 0.011111111111111112
0 0.2660111921676439 0.749898557459244 0.004629629629629629 0.011111111111111112
0 0.29423882684229274 0.7218530365566899 0.004629629629629629 0.011111111111111112
0 0.34081109636111906 0.6755812332928237 0.004629629629629629 0.011111111111111112
0 0.39412609633506046 0.6226102010606496 0.004629629629629629 0.011111111111111112
0 0.498112491065306 0.5192946862964056 0.004629629629629629 0.011111111111111112
0 0.2279689641181341 0.7876953517794022 0.004629629629629629 0.011111111111111112
0 0.3171294688593997 0.6991100761009836 0.004629629629629629 0.011111111111111112
0 0.3337094247842728 0.6826370876336902 0.004629629629629629 0.011111111111111112
0 0.3059231775402983 0.7102440687664133 0.004629629629629629 0.011111111111111112
0 0.3204609569895012 0.6958000814426891 0.004629629629629629 0.011111111111111112
0 0.17296177944737817 0.8423476513877661 0.004629629629629629 0.011111111111111112
0 0.20947627028361623 0.806068737911762 0.004629629629629629 0.011111111111111112
0 0.1803102646786304 0.835046575738651 0.004629629629629629 0.011111111111111112
0 0.7107621339324052 0.30801697660909416 0.004629629629629629 0.011111111111111112
0 0.29721941621513454 0.718891676792705 0.004629629629629629 0.011111111111111112
0 0.5227467190637222 0.494819388801205 0.004629629629629629 0.011111111111111112
0 0.8647727272727272 0.15500000000000022 0.004629629629629629 0.011111111111111112
0 0.18707694733334543 0.8283235491010632 0.004629629629629629 0.011111111111111112
0 0.25067472999704804 0.7651360747126104 0.004629629629629629 0.011111111111111112
0 0.4096018563157569 0.6072342846927319 0.004629629629629629 0.011111111111111112
0 0.23155993964635674 0.7841275438352328 0.004629629629629629 0.011111111111111112
