0 0.18142134213636565 0.8339426665225786 0.004629629629629629 0.011111111111111112
0 0.5249960176442108 0.4925846018244615 0.004629629629629629 0.011111111111111112
0 0.18255430883714896 0.832817009284381 0.004629629629629629 0.011111111111111112
0 0.2223070588200654 0.7933207286561931 0.004629629629629629 0.011111111111111112
0 0.20741912798448228 0.808112608325095 0.004629629629629629 0.011111111111111112
0 0.3792724478037406 0.6373680196014448 0.004629629629629629 0.011111111111111112
0 0.16022727272727275 0.855 0.004629629629629629 0.011111111111111112
0 0.26404732753324 0.7518497519992324 0.004629629629629629 0.011111111111111112
0 0.2160488038171646 0.7995386078203656 0.004629629629629629 0.011111111111111112
0 0.17996730595417884 0.8353873218261707 0.004629629629629629 0.011111111111111112
0 0.8647727272727272 0.155 0.004629629629629629 0.011111111111111112
0 0.17638064974825995 0.838950838314632 0.004629629629629629 0.011111111111111112
0 0.25749715259374534 0.7583576677455692 0.004629629629629629 0.011111111111111112
0 0.3068970521252453 0.7092764772433047 0.004629629629629629 0.011111111111111112
0 0.26591000747154886 0.7499990893508481 0.004629629629629629 0.011111111111111112
0 0.35343074704214084 0.6630429997129698 0.004629629629629629 0.011111111111111112
0 0.17660818592733035 0.8387247701109105 0.004629629629629629 0.011111111111111112
0 0.311839801050361 0.7043656170209316 0.004629629629629629 0.011111111111111112
0 0.16089809783626693 0.8543335027949348 0.004629629629629629 0.011111111111111112
0 0.1899399783107134 0.8254789892912913 0.004629629629629629 0.011111111111111112
0 0.19798414663041242 0.8174867188317193 0.004629629629629629 0.011111111111111112
0 0.1713787161419073 0.8439205013815889 0.004629629629629629 0.011111111111111112
0 0.18219322699261029 0.8331757615686324 0.004629629629629629 0.011111111111111112
0 0.3164778781341083 0.699757463015144 0.004629629629629629 0.011111111111111112
0 0.29614503609408055 0.7199591254291071 0.004629629629629629 0.011111111111111112
0 0.22222644666194238 0.7934008207358766 0.004629629629629629 0.011111111111111112
0 0.30573681446702855 0.7104292294972749 0.004629629629629629 0.011111111111111112
0 0.23229490352955015 0.7833973216545114 0.004629629629629629 0.011111111111111112
0 0.22686348989142252 0.7887936939143285 0.004629629629629629 0.011111111111111112
0 0.2559034857266308 0.7599410528909604 0.004629629629629629 0.011111111111111112
