0 0.5520678859468743 0.46568739073665405 0.004629629629629629 0.011111111111111112
0 0.4438554988974957 0.5732016333534559 0.004629629629629629 0.011111111111111112
0 0.5825723611108621 0.4353797186382403 0.004629629629629629 0.011111111111111112
0 0.8298864636929894 0.18966119091148165 0.004629629629629629 0.011111111111111112
0 0.2778749315046349 0.7381113583760402 0.004629629629629629 0.011111111111111112
0 0.4058008229037396 0.6110107953085427 0.004629629629629629 0.011111111111111112
0 0.8144254500089767 0.20502245612011358 0.004629629629629629 0.011111111111111112
0 0.5401513434783112 0.47752705228606523 0.004629629629629629 0.011111111111111112
0 0.4715400919076069 0.5456956506208294 0.004629629629629629 0.011111111111111112
0 0.24795574912881505 0.7678375137687903 0.004629629629629629 0.011111111111111112
0 0.4379069877769056 0.5791117669829455 0.004629629629629629 0.011111111111111112
0 0.17510857556690862 0.8402147055657812 0.004629629629629629 0.011111111111111112
0 0.29628370280169 0.7198213533454177 0.004629629629629629 0.011111111111111112
0 0.20835411566723339 0.8071836528209424 0.004629629629629629 0.011111111111111112
0 0.26033699531798327 0.7555361465872941 0.004629629629629629 0.011111111111111112
0 0.6517796327101865 0.36661894556536323 0.004629629629629629 0.011111111111111112
0 0.679196166879101 0.3393792922620545 0.004629629629629629 0.011111111111111112
0 0.1893366515613348 0.8260784236100286 0.004629629629629629 0.011111111111111112
0 0.3457484793142317 0.6706757044232795 0.004629629629629629 0.011111111111111112
0 0.4956188537974096 0.5217722355819286 0.004629629629629629 0.011111111111111112
0 0.16022727272727275 0.855 0.004629629629629629 0.011111111111111112
0 0.27946118117901875 0.7365353425705234 0.004629629629629629 0.011111111111111112
0 0.7458004862646729 0.2732046781628412 0.004629629629629629 0.011111111111111112
0 0.262898897445289 0.7529907728608096 0.004629629629629629 0.011111111111111112
0 0.2759714760263213 0.7400025334964291 0.004629629629629629 0.011111111111111112
0 0.3206246153285177 0.6956374789639245 0.004629629629629629 0.011111111111111112
0 0.3516742001697819 0.6647882140248619 0.004629629629629629 0.011111111111111112
0 0.8647727272727272 0.155 0.004629629629629629 0.011111111111111112
0 0.30584642212864727 0.7103203289818603 0.004629629629629629 0.011111111111111112
0 0.21819856406132668 0.7974027169971334 0.004629629629629629 0.011111111111111112
