0 0.7690670058157557 0.2500882651895073 0.004629629629629629 0.011111111111111112
0 0.581963459486008 0.4359846918655147 0.004629629629629629 0.011111111111111112
0 0.6110183980494893 0.407117204518572 0.004629629629629629 0.011111111111111112
0 0.6694535942204733 0.3490590096132073 0.004629629629629629 0.011111111111111112
0 0.8380100821077563 0.18158998293810033 0.004629629629629629 0.011111111111111112
0 0.8121784070231839 0.20725500205438516 0.004629629629629629 0.011111111111111112
0 0.7737055639807159 0.2454796332062566 0.004629629629629629 0.011111111111111112
0 0.8470679788692608 0.17259052422021842 0.004629629629629629 0.011111111111111112
0 0.6821592443093522 0.3364353314603857 0.004629629629629629 0.011111111111111112
0 0.741011643920048 0.27796262475040406 0.004629629629629629 0.011111111111111112
0 0.838511097537982 0.18109219986548897 0.004629629629629629 0.011111111111111112
0 0.2881563071946401 0.7278963141420995 0.004629629629629629 0.011111111111111112
0 0.847954639087889 0.17170958439009745 0.004629629629629629 0.011111111111111112
0 0.8064725032057654 0.2129240935891106 0.004629629629629629 0.011111111111111112
0 0.743310591469254 0.27567850912087033 0.004629629629629629 0.011111111111111112
0 0.6283887800909702 0.389858889458004 0.004629629629629629 0.011111111111111112
0 0.8592279884611386 0.16050896630312705 0.004629629629629629 0.011111111111111112
0 0.5694030981122847 0.44846401864973007 0.004629629629629629 0.011111111111111112
0 0.806814202327029 0.21258459897830687 0.004629629629629629 0.011111111111111112
0 0.5683799743217802 0.44948054164158624 0.004629629629629629 0.011111111111111112
0 0.8427059932545287 0.17692436799227482 0.004629629629629629 0.011111111111111112
0 0.701662791781201 0.31705761332706495 0.004629629629629629 0.011111111111111112
0 0.7199255173950178 0.2989127117494663 0.004629629629629629 0.011111111111111112
0 0.7710692286746466 0.248098959897448 0.004629629629629629 0.011111111111111112
0 0.6434676598127087 0.37487729283124427 0.004629629629629629 0.011111111111111112
0 0.6363347707449258 0.38196416325988014 0.004629629629629629 0.011111111111111112
0 0.6737036313707303 0.3448363920574681 0.004629629629629629 0.011111111111111112
0 0.16022727272727275 0.855 0.004629629629629629 0.011111111111111112
0 0.8647727272727275 0.1549999999999999 0.004629629629629629 0.011111111111111112
0 0.5837530674249384 0.4342066297842549 0.004629629629629629 0.011111111111111112
