0 0.32722244109575144 0.6890822198145437 0.004629629629629629 0.011111111111111112
0 0.4684553769892051 0.5487604641526608 0.004629629629629629 0.011111111111111112
0 0.483431682235192 0.5338807802308415 0.004629629629629629 0.011111111111111112
0 0.18411474385926166 0.8312666415849918 0.004629629629629629 0.011111111111111112
0 0.42674619312804263 0.5902005565050416 0.004629629629629629 0.011111111111111112
0 0.6495118471427982 0.36887210025812317 0.004629629629629629 0.011111111111111112
0 0.29520646069928475 0.7208916454987753 0.004629629629629629 0.011111111111111112
0 0.851052765504158 0.1686314458861915 0.004629629629629629 0.011111111111111112
0 0.32969797268291995 0.6866226593989054 0.004629629629629629 0.011111111111111112
0 0.200859325902787 0.8146300891030375 0.004629629629629629 0.011111111111111112
0 0.7581484528932041 0.2609363758351392 0.004629629629629629 0.011111111111111112
0 0.7378724099326419 0.28108160561531065 0.004629629629629629 0.011111111111111112
0 0.41875408546511306 0.598141102183049 0.004629629629629629 0.011111111111111112
0 0.39485007049523424 0.6218908977015093 0.004629629629629629 0.011111111111111112
0 0.357855445412407 0.6586468477838021 0.004629629629629629 0.011111111111111112
0 0.28970940875734014 0.7263532325894814 0.004629629629629629 0.011111111111111112
0 0.24500659801801616 0.7707676380982291 0.004629629629629629 0.011111111111111112
0 0.23112583468709658 0.7845588481173363 0.004629629629629629 0.011111111111111112
0 0.8647727272727275 0.1549999999999999 0.004629629629629629 0.011111111111111112
0 0.26068476719305766 0.7551906184017362 0.004629629629629629 0.011111111111111112
0 0.23655943442533756 0.7791603038612775 0.004629629629629629 0.011111111111111112
0 0.2744563057616292 0.741507928469091 0.004629629629629629 0.011111111111111112
0 0.4017099229886147 0.6150753023209893 0.004629629629629629 0.011111111111111112
0 0.18481072875887847 0.8305751469105337 0.004629629629629629 0.011111111111111112
0 0.8366342296842064 0.1829569588944014 0.004629629629629629 0.011111111111111112
0 0.16022727272727275 0.855 0.004629629629629629 0.011111111111111112
0 0.48008232690908237 0.5372085268129118 0.004629629629629629 0.011111111111111112
0 0.18168977601537942 0.8336759644750424 0.004629629629629629 0.011111111111111112
0 0.3733302221980716 0.6432719082677224 0.004629629629629629 0.011111111111111112
0 0.46138611454470674 0.555784118452356 0.004629629629629629 0.011111111111111112
