0 0.17523641720140223 0.8400876887160261 0.004629629629629629 0.011111111111111112
0 0.16803057058861678 0.8472470459958259 0.004629629629629629 0.011111111111111112
0 0.322798926644707 0.6934771954626783 0.004629629629629629 0.011111111111111112
0 0.22291203410042812 0.7927196564421554 0.004629629629629629 0.011111111111111112
0 0.1791639569731394 0.8361854879105584 0.004629629629629629 0.011111111111111112
0 0.5707009878726956 0.4471745023716445 0.004629629629629629 0.011111111111111112
0 0.8424431391499623 0.17718552626390852 0.004629629629629629 0.011111111111111112
0 0.16159414129925367 0.8536419499349351 0.004629629629629629 0.011111111111111112
0 0.19032716634953545 0.8250942992398165 0.004629629629629629 0.011111111111111112
0 0.5920484882859572 0.42596472776750066 0.004629629629629629 0.011111111111111112
0 0.16022727272727275 0.855 0.004629629629629629 0.011111111111111112
0 0.24557426742761726 0.7702036310719159 0.004629629629629629 0.011111111111111112
0 0.30388813298725514 0.7122659839997595 0.004629629629629629 0.011111111111111112
0 0.21508165634757645 0.8004995156288595 0.004629629629629629 0.011111111111111112
0 0.16318985712793646 0.8520565290470824 0.004629629629629629 0.011111111111111112
0 0.8647727272727275 0.155 0.004629629629629629 0.011111111111111112
0 0.3175067545013464 0.6987352245599527 0.004629629629629629 0.011111111111111112
0 0.25521884134431116 0.760621280212749 0.004629629629629629 0.011111111111111112
0 0.3100785231792075 0.7061155318090455 0.004629629629629629 0.011111111111111112
0 0.48688264076289917 0.5304520859517003 0.004629629629629629 0.011111111111111112
0 0.40013044316046176 0.6166445919567026 0.004629629629629629 0.011111111111111112
0 0.22784183707031075 0.7878216586527235 0.004629629629629629 0.011111111111111112
0 0.1774638751202522 0.8378746014934269 0.004629629629629629 0.011111111111111112
0 0.415739695958383 0.6011360440155421 0.004629629629629629 0.011111111111111112
0 0.33053486399282034 0.6857911673877785 0.004629629629629629 0.011111111111111112
0 0.39922680244374265 0.6175424027333138 0.004629629629629629 0.011111111111111112
0 0.1678120522059122 0.847464154582513 0.004629629629629629 0.011111111111111112
0 0.8410927711153966 0.1785271822466383 0.004629629629629629 0.011111111111111112
0 0.18324718467255421 0.8321286036156559 0.004629629629629629 0.011111111111111112
0 0.3482277826570905 0.6682123965858585 0.004629629629629629 0.011111111111111112
