0 0.7191556582462759 0.29967760406499044 0.004629629629629629 0.011111111111111112
0 0.30771487248004775 0.7084639331488558 0.004629629629629629 0.011111111111111112
0 0.5689882484761505 0.4488761918365989 0.004629629629629629 0.011111111111111112
0 0.36248555824713674 0.6540466066447802 0.004629629629629629 0.011111111111111112
0 0.7899520100826194 0.22933800288565567 0.004629629629629629 0.011111111111111112
0 0.70528305433729 0.3134607073035959 0.004629629629629629 0.011111111111111112
0 0.6749923057571892 0.343556031699309 0.004629629629629629 0.011111111111111112
0 0.3543143961982569 0.6621650515191513 0.004629629629629629 0.011111111111111112
0 0.5715868298940608 0.44629437546009454 0.004629629629629629 0.011111111111111112
0 0.28247394387370545 0.733542017054512 0.004629629629629629 0.011111111111111112
0 0.42455405086456144 0.5923785559152099 0.004629629629629629 0.011111111111111112
0 0.2771270307069696 0.738854434007269 0.004629629629629629 0.011111111111111112
0 0.37393060945676526 0.6426753944752138 0.004629629629629629 0.011111111111111112
0 0.7235453951506208 0.2953161880438995 0.004629629629629629 0.011111111111111112
0 0.3433408247115408 0.6730678257704692 0.004629629629629629 0.011111111111111112
0 0.17348917148272405 0.8418236618816807 0.004629629629629629 0.011111111111111112
0 0.8647727272727272 0.155 0.004629629629629629 0.011111111111111112
0 0.6607748481944817 0.3576817637293536 0.004629629629629629 0.011111111111111112
0 0.19783597698891756 0.8176339325400432 0.004629629629629629 0.011111111111111112
0 0.5927951733484472 0.4252228600279943 0.004629629629629629 0.011111111111111112
0 0.29872085107585566 0.7173999286085048 0.004629629629629629 0.011111111111111112
0 0.16022727272727275 0.855 0.004629629629629629 0.011111111111111112
0 0.8221420286943697 0.19735566181333616 0.004629629629629629 0.011111111111111112
0 0.4441371183358622 0.5729218308146917 0.004629629629629629 0.011111111111111112
0 0.48798532191225263 0.5293565188742779 0.004629629629629629 0.011111111111111112
0 0.2668935936367896 0.7490218489028027 0.004629629629629629 0.011111111111111112
0 0.2936769118660974 0.7224113262749742 0.004629629629629629 0.011111111111111112
0 0.7483508503178476 0.2706707680712998 0.004629629629629629 0.011111111111111112
0 0.6894737433657692 0.32916802272046153 0.004629629629629629 0.011111111111111112
0 0.5013268363359259 0.516101078737209 0.004629629629629629 0.011111111111111112
