0 0.7781044933946754 0.24110908398206438 0.004629629629629629 0.011111111111111112
0 0.16022727272727275 0.855 0.004629629629629629 0.011111111111111112
0 0.2894473488079471 0.7266136018295235 0.004629629629629629 0.011111111111111112
0 0.7234293437521597 0.29543149072366054 0.004629629629629629 0.011111111111111112
0 0.22623744450408453 0.7894157002991676 0.004629629629629629 0.011111111111111112
0 0.6655820390411981 0.3529055870171321 0.004629629629629629 0.011111111111111112
0 0.4928040357578292 0.5245688935051246 0.004629629629629629 0.011111111111111112
0 0.5636464486307666 0.4541835284571737 0.004629629629629629 0.011111111111111112
0 0.36731828905473196 0.6492450547456211 0.004629629629629629 0.011111111111111112
0 0.2605161025359645 0.7553581948997514 0.004629629629629629 0.011111111111111112
0 0.7424619985688311 0.276521627228387 0.004629629629629629 0.011111111111111112
0 0.7281800132405783 0.29071147071581244 0.004629629629629629 0.011111111111111112
0 0.6956656492917653 0.3230160645746331 0.004629629629629629 0.011111111111111112
0 0.40070807599926617 0.6160706857813744 0.004629629629629629 0.011111111111111112
0 0.43351142732907494 0.5834789689762739 0.004629629629629629 0.011111111111111112
0 0.6668494943830812 0.351646308806487 0.004629629629629629 0.011111111111111112
0 0.27864359744287964 0.7373476515728808 0.004629629629629629 0.011111111111111112
0 0.3082440658774014 0.7079381539024528 0.004629629629629629 0.011111111111111112
0 0.8647727272727271 0.155 0.004629629629629629 0.011111111111111112
0 0.6770194331003523 0.34154198259706914 0.004629629629629629 0.011111111111111112
0 0.7827246875443276 0.23651869753660368 0.004629629629629629 0.011111111111111112
0 0.7161328303935437 0.3026809298025437 0.004629629629629629 0.011111111111111112
0 0.2513212044132034 0.7644937710991399 0.004629629629629629 0.011111111111111112
0 0.4137548479436344 0.6031080865592278 0.004629629629629629 0.011111111111111112
0 0.3478024153527566 0.6686350195850032 0.004629629629629629 0.011111111111111112
0 0.2345112983037254 0.78119522620146 0.004629629629629629 0.011111111111111112
0 0.6148551955469113 0.4033051605533915 0.004629629629629629 0.011111111111111112
0 0.4363368882125593 0.5806717368726829 0.004629629629629629 0.011111111111111112
0 0.759627027367633 0.2594673405508679 0.004629629629629629 0.011111111111111112
0 0.7998264968191389 0.21952722251517798 0.004629629629629629 0.011111111111111112
