0 0.6160146601986752 0.40215317631873565 0.004629629629629629 0.011111111111111112
0 0.5317305140008586 0.48589355383140514 0.004629629629629629 0.011111111111111112
0 0.6860521060371763 0.3325675849695151 0.004629629629629629 0.011111111111111112
0 0.567266805102647 0.45058652912382174 0.004629629629629629 0.011111111111111112
0 0.1815234194133917 0.8338412478086302 0.004629629629629629 0.011111111111111112
0 0.7960993183821721 0.22323035463964833 0.004629629629629629 0.011111111111111112
0 0.6611416664172655 0.35731731207574924 0.004629629629629629 0.011111111111111112
0 0.1602272727272728 0.855 0.004629629629629629 0.011111111111111112
0 0.8638761441650005 0.15589079870058004 0.004629629629629629 0.011111111111111112
0 0.837308184650998 0.18228735202416965 0.004629629629629629 0.011111111111111112
0 0.8214933110526087 0.19800019417998874 0.004629629629629629 0.011111111111111112
0 0.6756300711877788 0.34292238088440036 0.004629629629629629 0.011111111111111112
0 0.4619581163067188 0.5552158070242923 0.004629629629629629 0.011111111111111112
0 0.4813022186882761 0.535996505303261 0.004629629629629629 0.011111111111111112
0 0.7591806656928243 0.25991082247293573 0.004629629629629629 0.011111111111111112
0 0.3564259201756222 0.6600671502771238 0.004629629629629629 0.011111111111111112
0 0.7327908617576013 0.28613036960857674 0.004629629629629629 0.011111111111111112
0 0.6257259506436306 0.3925045393605219 0.004629629629629629 0.011111111111111112
0 0.6718171700777319 0.3467106826324471 0.004629629629629629 0.011111111111111112
0 0.7660786769359708 0.2530573145281321 0.004629629629629629 0.011111111111111112
0 0.6590175132045928 0.3594277610741465 0.004629629629629629 0.011111111111111112
0 0.8200525871000014 0.1994316231393534 0.004629629629629629 0.011111111111111112
0 0.8647727272727271 0.15500000000000022 0.004629629629629629 0.011111111111111112
0 0.6577658061748217 0.3606713925746933 0.004629629629629629 0.011111111111111112
0 0.5093583076225886 0.5081214233943313 0.004629629629629629 0.011111111111111112
0 0.718306267443067 0.30052151492753343 0.004629629629629629 0.011111111111111112
0 0.5767640431379037 0.4411505635920182 0.004629629629629629 0.011111111111111112
0 0.8526263978295817 0.16706796602738336 0.004629629629629629 0.011111111111111112
0 0.7713084706494424 0.24786126141926365 0.004629629629629629 0.011111111111111112
0 0.30776088082083625 0.7084182216360724 0.004629629629629629 0.011111111111111112
