0 0.5214300946555016 0.49612751885840484 0.004629629629629629 0.011111111111111112
0 0.678288730298905 0.3402808744127008 0.004629629629629629 0.011111111111111112
0 0.41309771870356865 0.603760976255809 0.004629629629629629 0.011111111111111112
0 0.856750025689939 0.16297094221773795 0.004629629629629629 0.011111111111111112
0 0.7024382072628619 0.31628720052593073 0.004629629629629629 0.011111111111111112
0 0.7296084753794603 0.2892922244616975 0.004629629629629629 0.011111111111111112
0 0.6281175482376898 0.39012837142835977 0.004629629629629629 0.011111111111111112
0 0.7366314603087991 0.2823145491125479 0.004629629629629629 0.011111111111111112
0 0.730034082090036 0.28886936360086746 0.004629629629629629 0.011111111111111112
0 0.8614473470043401 0.15830392620213957 0.004629629629629629 0.011111111111111112
0 0.7894657783393826 0.22982109764990377 0.004629629629629629 0.011111111111111112
0 0.6309667791568562 0.3872975226441556 0.004629629629629629 0.011111111111111112
0 0.8073921591877901 0.21201037087148597 0.004629629629629629 0.011111111111111112
0 0.46175435974154977 0.5554182490309764 0.004629629629629629 0.011111111111111112
0 0.1602272727272728 0.855 0.004629629629629629 0.011111111111111112
0 0.2664287229027995 0.749483720470767 0.004629629629629629 0.011111111111111112
0 0.6533485582734871 0.3650601421024708 0.004629629629629629 0.011111111111111112
0 0.7757229754216984 0.2434752373229576 0.004629629629629629 0.011111111111111112
0 0.6894101570918797 0.3292311987603259 0.004629629629629629 0.011111111111111112
0 0.8560643471366207 0.16365219703845424 0.004629629629629629 0.011111111111111112
0 0.5465432160406729 0.4711764176112024 0.004629629629629629 0.011111111111111112
0 0.6104765931785754 0.40765551387418963 0.004629629629629629 0.011111111111111112
0 0.3239142697367084 0.6923690481325607 0.004629629629629629 0.011111111111111112
0 0.8647727272727275 0.155 0.004629629629629629 0.011111111111111112
0 0.5789881574547932 0.4389407983997537 0.004629629629629629 0.011111111111111112
0 0.7400646865986599 0.27890347266971843 0.004629629629629629 0.011111111111111112
0 0.7713865309631422 0.24778370472049097 0.004629629629629629 0.011111111111111112
0 0.8564057318619033 0.16331301479526997 0.004629629629629629 0.011111111111111112
0 0.3805378871132434 0.6361107444165193 0.004629629629629629 0.011111111111111112
0 0.7143051606369131 0.30449680814138946 0.004629629629629629 0.011111111111111112
