0 0.19154071071042397 0.8238885841973852 0.004629629629629629 0.011111111111111112
0 0.2025459025109799 0.8129543936342523 0.004629629629629629 0.011111111111111112
0 0.16022727272727275 0.855 0.004629629629629629 0.011111111111111112
0 0.42136640251531626 0.5955456387912343 0.004629629629629629 0.011111111111111112
0 0.301824261274144 0.7143165404114957 0.004629629629629629 0.011111111111111112
0 0.1727262598392358 0.8425816515145657 0.004629629629629629 0.011111111111111112
0 0.21228804202746793 0.8032751066307738 0.004629629629629629 0.011111111111111112
0 0.35979983594031384 0.656715001710914 0.004629629629629629 0.011111111111111112
0 0.16494291844019301 0.8503147778078083 0.004629629629629629 0.011111111111111112
0 0.1884687822761142 0.8269406937385704 0.004629629629629629 0.011111111111111112
0 0.2600842981553677 0.7557872134456347 0.004629629629629629 0.011111111111111112
0 0.19659507179153698 0.8188668318974407 0.004629629629629629 0.011111111111111112
0 0.2692649523566406 0.7466657892714668 0.004629629629629629 0.011111111111111112
0 0.17278144571785323 0.8425268216738748 0.004629629629629629 0.011111111111111112
0 0.32516390236080844 0.6911274776544226 0.004629629629629629 0.011111111111111112
0 0.43849436383958124 0.5785281804432547 0.004629629629629629 0.011111111111111112
0 0.5697742531138466 0.4480952581965655 0.004629629629629629 0.011111111111111112
0 0.8647727272727272 0.155 0.004629629629629629 0.011111111111111112
0 0.7376625836711965 0.28129007815894036 0.004629629629629629 0.011111111111111112
0 0.1755802129006265 0.8397461110535711 0.004629629629629629 0.011111111111111112
0 0.19754612828331117 0.8179219112540005 0.004629629629629629 0.011111111111111112
0 0.17962889179534838 0.8357235526678475 0.004629629629629629 0.011111111111111112
0 0.3046390656190736 0.7115198960945979 0.004629629629629629 0.011111111111111112
0 0.21615445984226891 0.7994336334470361 0.004629629629629629 0.011111111111111112
0 0.16470524208846699 0.8505509207637167 0.004629629629629629 0.011111111111111112
0 0.2441458700955365 0.7716228129373379 0.004629629629629629 0.011111111111111112
0 0.26872254137978646 0.7472047008226639 0.004629629629629629 0.011111111111111112
0 0.3591873768943711 0.6573235094081733 0.004629629629629629 0.011111111111111112
0 0.18289510693457112 0.8324784098843615 0.004629629629629629 0.011111111111111112
0 0.20368750726363052 0.8118201540735542 0.004629629629629629 0.011111111111111112
