0 0.27969254665671583 0.7363054697733274 0.004629629629629629 0.011111111111111112
0 0.19862268006095388 0.8168523049716975 0.004629629629629629 0.011111111111111112
0 0.34825029957661324 0.6681900249367844 0.004629629629629629 0.011111111111111112
0 0.2380304257687105 0.777698802784636 0.004629629629629629 0.011111111111111112
0 0.26087000244391834 0.7550065782170102 0.004629629629629629 0.011111111111111112
0 0.1828927513974259 0.832480750224493 0.004629629629629629 0.011111111111111112
0 0.5116966630322897 0.5057981541485638 0.004629629629629629 0.011111111111111112
0 0.26345505016678017 0.7524382082213926 0.004629629629629629 0.011111111111111112
0 0.2742699471761166 0.7416930847411486 0.004629629629629629 0.011111111111111112
0 0.16022727272727275 0.855 0.004629629629629629 0.011111111111111112
0 0.17671262692260042 0.8386210029285132 0.004629629629629629 0.011111111111111112
0 0.28477485425237653 0.7312559512589292 0.004629629629629629 0.011111111111111112
0 0.2409197796121171 0.7748280899337675 0.004629629629629629 0.011111111111111112
0 0.17047071742868777 0.844822642038594 0.004629629629629629 0.011111111111111112
0 0.4637220923872952 0.5534632114345582 0.004629629629629629 0.011111111111111112
0 0.2710099004592908 0.7449320988985111 0.004629629629629629 0.011111111111111112
0 0.27500391059394985 0.7409638565711724 0.004629629629629629 0.011111111111111112
0 0.2006669449646202 0.8148212288738612 0.004629629629629629 0.011111111111111112
0 0.2127510027887989 0.8028151327130643 0.004629629629629629 0.011111111111111112
0 0.24123026298827105 0.7745196096761695 0.004629629629629629 0.011111111111111112
0 0.21231320443586013 0.8032501065605003 0.004629629629629629 0.011111111111111112
0 0.18166709564037695 0.8336984985250449 0.004629629629629629 0.011111111111111112
0 0.26252015391888167 0.7533670728805949 0.004629629629629629 0.011111111111111112
0 0.8647727272727272 0.155 0.004629629629629629 0.011111111111111112
0 0.31002075729284306 0.706172925012272 0.004629629629629629 0.011111111111111112
0 0.28972781182095086 0.7263349482553133 0.004629629629629629 0.011111111111111112
0 0.5822840075614082 0.43566621184221366 0.004629629629629629 0.011111111111111112
0 0.1700201488817889 0.845270303691642 0.004629629629629629 0.011111111111111112
0 0.23179911757679345 0.7838899089882182 0.004629629629629629 0.011111111111111112
0 0.18954397681920326 0.825872435934469 0.004629629629629629 0.011111111111111112
