0 0.3069284760851763 0.709245256018599 0.004629629629629629 0.011111111111111112
0 0.27543600967897564 0.7405345452221791 0.004629629629629629 0.011111111111111112
0 0.7674983460375141 0.25164680458208283 0.004629629629629629 0.011111111111111112
0 0.35993041457651936 0.6565852655175226 0.004629629629629629 0.011111111111111112
0 0.8647727272727272 0.155 0.004629629629629629 0.011111111111111112
0 0.4133446967525754 0.6035155916135703 0.004629629629629629 0.011111111111111112
0 0.5838725220267756 0.4340879458572681 0.004629629629629629 0.011111111111111112
0 0.33831493937905227 0.6780612860362965 0.004629629629629629 0.011111111111111112
0 0.41688642565301215 0.5999967125770073 0.004629629629629629 0.011111111111111112
0 0.4226661300764471 0.5942542965692075 0.004629629629629629 0.011111111111111112
0 0.7895851156891092 0.22970253021856252 0.004629629629629629 0.011111111111111112
0 0.388632808571372 0.6280680482581207 0.004629629629629629 0.011111111111111112
0 0.4866039362225833 0.5307289923982076 0.004629629629629629 0.011111111111111112
0 0.29615025750515034 0.7199539377045603 0.004629629629629629 0.011111111111111112
0 0.34697074198343075 0.6694613273196882 0.004629629629629629 0.011111111111111112
0 0.3885106798505118 0.6281893890517496 0.004629629629629629 0.011111111111111112
0 0.6235582885725703 0.3946582165149946 0.004629629629629629 0.011111111111111112
0 0.6154492149699248 0.4027149735137523 0.004629629629629629 0.011111111111111112
0 0.3151957045422671 0.7010313645192959 0.004629629629629629 0.011111111111111112
0 0.725147913351099 0.293724008670521 0.004629629629629629 0.011111111111111112
0 0.6493939195428057 0.3689892670348897 0.004629629629629629 0.011111111111111112
0 0.16022727272727275 0.855 0.004629629629629629 0.011111111111111112
0 0.2220295152661178 0.7935964816065668 0.004629629629629629 0.011111111111111112
0 0.8222643822519334 0.197234097633563 0.004629629629629629 0.011111111111111112
0 0.7592131358942609 0.2598785617566698 0.004629629629629629 0.011111111111111112
0 0.6079011636284457 0.4102143277498024 0.004629629629629629 0.011111111111111112
0 0.5552802469526978 0.4624957546405453 0.004629629629629629 0.011111111111111112
0 0.5456481827768975 0.47206567646682435 0.004629629629629629 0.011111111111111112
0 0.30609029001719923 0.7100780344345247 0.004629629629629629 0.011111111111111112
0 0.2372522509054481 0.7784719571649097 0.004629629629629629 0.011111111111111112
