0 0.193875598177167 0.8215687605207502 0.004629629629629629 0.011111111111111112
0 0.16729234925809772 0.8479805046080836 0.004629629629629629 0.011111111111111112
0 0.8560839530055223 0.16363271765902948 0.004629629629629629 0.011111111111111112
0 0.8647727272727272 0.155 0.004629629629629629 0.011111111111111112
0 0.23322509438064326 0.7824731320347157 0.004629629629629629 0.011111111111111112
0 0.571037405768746 0.446840254913633 0.004629629629629629 0.011111111111111112
0 0.42040868285325983 0.5964971796167612 0.004629629629629629 0.011111111111111112
0 0.1971252533042035 0.8183400709106623 0.004629629629629629 0.011111111111111112
0 0.8431495936996027 0.176483629485556 0.004629629629629629 0.011111111111111112
0 0.7245894531919488 0.29427886586090257 0.004629629629629629 0.011111111111111112
0 0.6802895268805647 0.33829298619608417 0.004629629629629629 0.011111111111111112
0 0.8399586057285263 0.17965403043746425 0.004629629629629629 0.011111111111111112
0 0.4959446879245198 0.5214485036104771 0.004629629629629629 0.011111111111111112
0 0.16474370055587917 0.8505127104154491 0.004629629629629629 0.011111111111111112
0 0.7464063288656669 0.27260274422378905 0.004629629629629629 0.011111111111111112
0 0.8579739049204348 0.16175495898227768 0.004629629629629629 0.011111111111111112
0 0.6448809144331206 0.3734731559825772 0.004629629629629629 0.011111111111111112
0 0.8029023419477661 0.2164712215486711 0.004629629629629629 0.011111111111111112
0 0.16294370559562277 0.8523010925049941 0.004629629629629629 0.011111111111111112
0 0.5870250811186538 0.4309557258563053 0.004629629629629629 0.011111111111111112
0 0.16043726421577634 0.8547913632952931 0.004629629629629629 0.011111111111111112
0 0.6087049259062178 0.40941575103511274 0.004629629629629629 0.011111111111111112
0 0.3582705232016258 0.6582344479158041 0.004629629629629629 0.011111111111111112
0 0.16022727272727275 0.855 0.004629629629629629 0.011111111111111112
0 0.49990944914656665 0.5175093214930887 0.004629629629629629 0.011111111111111112
0 0.3439037542605744 0.6725085280249777 0.004629629629629629 0.011111111111111112
0 0.5079138257853647 0.5095565859938956 0.004629629629629629 0.011111111111111112
0 0.4676960216532088 0.5495149204219731 0.004629629629629629 0.011111111111111112
0 0.3785374052417819 0.6380983199533263 0.004629629629629629 0.011111111111111112
0 0.76821551939645 0.2509342581480432 0.004629629629629629 0.011111111111111112
