0 0.7313841269316285 0.28752802872599487 0.004629629629629629 0.011111111111111112
0 0.5079681108591534 0.5095026511463895 0.004629629629629629 0.011111111111111112
0 0.5631206118030044 0.454705972789273 0.004629629629629629 0.011111111111111112
0 0.33372727226515736 0.6826193552978437 0.004629629629629629 0.011111111111111112
0 0.2648321582936419 0.7510699846630913 0.004629629629629629 0.011111111111111112
0 0.2081644520461512 0.8073720928057595 0.004629629629629629 0.011111111111111112
0 0.21921312244797883 0.7963947041484597 0.004629629629629629 0.011111111111111112
0 0.6373385440501564 0.3809668659114574 0.004629629629629629 0.011111111111111112
0 0.3133496624231854 0.7028654966892223 0.004629629629629629 0.011111111111111112
0 0.36768226782125185 0.6488834242292078 0.004629629629629629 0.011111111111111112
0 0.43606540630678886 0.5809414672822871 0.004629629629629629 0.011111111111111112
0 0.4337734619615072 0.5832186248898573 0.004629629629629629 0.011111111111111112
0 0.7824833814936394 0.23675844677406155 0.004629629629629629 0.011111111111111112
0 0.7609784743499103 0.2581246125813794 0.004629629629629629 0.011111111111111112
0 0.32542497123579606 0.6908680930947575 0.004629629629629629 0.011111111111111112
0 0.2561588169561034 0.7596873689597424 0.004629629629629629 0.011111111111111112
0 0.16022727272727275 0.855 0.004629629629629629 0.011111111111111112
0 0.6526605798737407 0.36574368193189627 0.004629629629629629 0.011111111111111112
0 0.8418722864092529 0.17775269608371003 0.004629629629629629 0.011111111111111112
0 0.18707608339942236 0.8283244074612192 0.004629629629629629 0.011111111111111112
0 0.8207757112787836 0.1987131642778537 0.004629629629629629 0.011111111111111112
0 0.22904473379843504 0.7866265225486517 0.004629629629629629 0.011111111111111112
0 0.3797058087751477 0.6369374545072726 0.004629629629629629 0.011111111111111112
0 0.4981318393040819 0.5192754628849766 0.004629629629629629 0.011111111111111112
0 0.19798575890032932 0.8174851169635438 0.004629629629629629 0.011111111111111112
0 0.7611540819502289 0.2579501379333209 0.004629629629629629 0.011111111111111112
0 0.670968837831283 0.3475535417676284 0.004629629629629629 0.011111111111111112
0 0.23844990131919475 0.7772820335280258 0.004629629629629629 0.011111111111111112
0 0.8647727272727272 0.155 0.004629629629629629 0.011111111111111112
0 0.3888444580579426 0.6278577642521086 0.004629629629629629 0.011111111111111112
