0 0.17027551420423306 0.8450165858874071 0.004629629629629629 0.011111111111111112
0 0.3801465793094106 0.636499527653876 0.004629629629629629 0.011111111111111112
0 0.7740633510310105 0.24512415445951205 0.004629629629629629 0.011111111111111112
0 0.48318546890327146 0.5341254050896529 0.004629629629629629 0.011111111111111112
0 0.6089462138169597 0.40917601982056906 0.004629629629629629 0.011111111111111112
0 0.2012264816212741 0.8142653021311211 0.004629629629629629 0.011111111111111112
0 0.18470639084273868 0.8306788116788274 0.004629629629629629 0.011111111111111112
0 0.3606115115118259 0.6559085627559923 0.004629629629629629 0.011111111111111112
0 0.28928474112011787 0.7267751604354957 0.004629629629629629 0.011111111111111112
0 0.8647727272727272 0.1549999999999999 0.004629629629629629 0.011111111111111112
0 0.21902677230305698 0.7965798520343822 0.004629629629629629 0.011111111111111112
0 0.17265032673403163 0.8426570947287686 0.004629629629629629 0.011111111111111112
0 0.16128480588904665 0.8539492896328181 0.004629629629629629 0.011111111111111112
0 0.8594719634216612 0.1602665653746077 0.004629629629629629 0.011111111111111112
0 0.34027553040503666 0.6761133439846733 0.004629629629629629 0.011111111111111112
0 0.205842229896771 0.8096793328767565 0.004629629629629629 0.011111111111111112
0 0.3514758118651383 0.6649853224049593 0.004629629629629629 0.011111111111111112
0 0.21697058491326937 0.7986227736990743 0.004629629629629629 0.011111111111111112
0 0.16138381578339508 0.8538509185119817 0.004629629629629629 0.011111111111111112
0 0.7654930828642822 0.2536391305735519 0.004629629629629629 0.011111111111111112
0 0.2786812949328538 0.7373101972925195 0.004629629629629629 0.011111111111111112
0 0.20472903069957996 0.8107853501436432 0.004629629629629629 0.011111111111111112
0 0.47220018880294884 0.5450398124151348 0.004629629629629629 0.011111111111111112
0 0.7923961219964611 0.22690965943577407 0.004629629629629629 0.011111111111111112
0 0.16022727272727272 0.855 0.004629629629629629 0.011111111111111112
0 0.7198485048880527 0.2989892274015475 0.004629629629629629 0.011111111111111112
0 0.46421937350330883 0.5529691385838092 0.004629629629629629 0.011111111111111112
0 0.2094995073891999 0.8060456507229885 0.004629629629629629 0.011111111111111112
0 0.42177179962700717 0.59514285714478 0.004629629629629629 0.011111111111111112
0 0.22780513631086832 0.7878581226330728 0.004629629629629629 0.011111111111111112
