0 0.25399885432559693 0.7618333963474714 0.004629629629629629 0.011111111111111112
0 0.29273023391771563 0.7233518966236889 0.004629629629629629 0.011111111111111112
0 0.25692409538666766 0.7589270278093753 0.004629629629629629 0.011111111111111112
0 0.550886115701427 0.4668615366579371 0.004629629629629629 0.011111111111111112
0 0.37263589210609743 0.6439617588107163 0.004629629629629629 0.011111111111111112
0 0.2839407099033937 0.7320847140314669 0.004629629629629629 0.011111111111111112
0 0.16395642913150935 0.851294902669339 0.004629629629629629 0.011111111111111112
0 0.4119448136283829 0.6049064432337357 0.004629629629629629 0.011111111111111112
0 0.24094982451002997 0.7747982388739056 0.004629629629629629 0.011111111111111112
0 0.22490331646556372 0.7907412210600205 0.004629629629629629 0.011111111111111112
0 0.8647727272727272 0.1549999999999999 0.004629629629629629 0.011111111111111112
0 0.2020030847813825 0.8134937093139814 0.004629629629629629 0.011111111111111112
0 0.3305034069945952 0.6858224214376281 0.004629629629629629 0.011111111111111112
0 0.48244478657572 0.5348613088215427 0.004629629629629629 0.011111111111111112
0 0.23004966037410512 0.785628079370244 0.004629629629629629 0.011111111111111112
0 0.44339947316316103 0.5736547169862787 0.004629629629629629 0.011111111111111112
0 0.2726313929811503 0.7433210676187281 0.004629629629629629 0.011111111111111112
0 0.28107288819521814 0.7349340336641059 0.004629629629629629 0.011111111111111112
0 0.17936923812094277 0.8359815311572569 0.004629629629629629 0.011111111111111112
0 0.1778612659992734 0.8374797744265283 0.004629629629629629 0.011111111111111112
0 0.18442802229767155 0.8309553842977974 0.004629629629629629 0.011111111111111112
0 0.18525092359735934 0.8301377920387526 0.004629629629629629 0.011111111111111112
0 0.22599069754288023 0.7896608553444933 0.004629629629629629 0.011111111111111112
0 0.24475330302134551 0.771019298933631 0.004629629629629629 0.011111111111111112
0 0.20461797849283064 0.8108956858845424 0.004629629629629629 0.011111111111111112
0 0.21801535976014416 0.7975847393350826 0.004629629629629629 0.011111111111111112
0 0.6244763806826399 0.3937460475798288 0.004629629629629629 0.011111111111111112
0 0.17815244304289124 0.8371904759444823 0.004629629629629629 0.011111111111111112
0 0.16022727272727275 0.855 0.004629629629629629 0.011111111111111112
0 0.16409624541868192 0.8511559884227289 0.004629629629629629 0.011111111111111112
