0 0.25137746740322214 0.7644378710961535 0.004629629629629629 0.011111111111111112
0 0.7132075649744601 0.305587322541504 0.004629629629629629 0.011111111111111112
0 0.6436095589583307 0.3747363091639811 0.004629629629629629 0.011111111111111112
0 0.43529031752862174 0.5817115554876919 0.004629629629629629 0.011111111111111112
0 0.6389001649815153 0.37941531995384936 0.004629629629629629 0.011111111111111112
0 0.5825030578356342 0.4354485747955633 0.004629629629629629 0.011111111111111112
0 0.5663214141429981 0.45152582078695674 0.004629629629629629 0.011111111111111112
0 0.5850937426120247 0.43287460411450446 0.004629629629629629 0.011111111111111112
0 0.40379509232017474 0.6130035856947941 0.004629629629629629 0.011111111111111112
0 0.16022727272727266 0.855 0.004629629629629629 0.011111111111111112
0 0.2781608557614568 0.737827278791843 0.004629629629629629 0.011111111111111112
0 0.6571401224338492 0.36129303964636916 0.004629629629629629 0.011111111111111112
0 0.6784941686364502 0.34007676148378496 0.004629629629629629 0.011111111111111112
0 0.507410208000719 0.5100569546315437 0.004629629629629629 0.011111111111111112
0 0.6558310368847138 0.3625936794822843 0.004629629629629629 0.011111111111111112
0 0.5492533894532655 0.46848372918836845 0.004629629629629629 0.011111111111111112
0 0.4335625667918102 0.5834281594455563 0.004629629629629629 0.011111111111111112
0 0.27141286211072 0.7445317369996717 0.004629629629629629 0.011111111111111112
0 0.43284654503939596 0.5841395617027937 0.004629629629629629 0.011111111111111112
0 0.25292221957386385 0.7629030850685481 0.004629629629629629 0.011111111111111112
0 0.8535569450149975 0.16614342237219604 0.004629629629629629 0.011111111111111112
0 0.7756931294197207 0.2435048907700839 0.004629629629629629 0.011111111111111112
0 0.4526036412861409 0.5645099305931244 0.004629629629629629 0.011111111111111112
0 0.8647727272727272 0.155 0.004629629629629629 0.011111111111111112
0 0.5857395976078432 0.43223291592511054 0.004629629629629629 0.011111111111111112
0 0.2937872528154461 0.7223016972027181 0.004629629629629629 0.011111111111111112
0 0.5182356150955957 0.49930138887276304 0.004629629629629629 0.011111111111111112
0 0.6120406748807251 0.4061015230217312 0.004629629629629629 0.011111111111111112
0 0.39215359106748743 0.6245699804877866 0.004629629629629629 0.011111111111111112
0 0.4252646349646476 0.5916725562286727 0.004629629629629629 0.011111111111111112
