0 0.600097226299086 0.4179679170963919 0.004629629629629629 0.011111111111111112
0 0.27310366399333436 0.7428518435163001 0.004629629629629629 0.011111111111111112
0 0.19221945194997403 0.8232142219335742 0.004629629629629629 0.011111111111111112
0 0.573961186935572 0.44393533685110925 0.004629629629629629 0.011111111111111112
0 0.27173153840677844 0.7442151166797168 0.004629629629629629 0.011111111111111112
0 0.503758049646568 0.5136855506737324 0.004629629629629629 0.011111111111111112
0 0.3755995186526032 0.6410172524354781 0.004629629629629629 0.011111111111111112
0 0.6443502272542995 0.3740004193731478 0.004629629629629629 0.011111111111111112
0 0.4295165819310681 0.5874480411781646 0.004629629629629629 0.011111111111111112
0 0.18192740974225324 0.8334398638689872 0.004629629629629629 0.011111111111111112
0 0.6243845255088384 0.3938373101396058 0.004629629629629629 0.011111111111111112
0 0.4602717262745934 0.5568913171207266 0.004629629629629629 0.011111111111111112
0 0.1963669475153434 0.8190934844041105 0.004629629629629629 0.011111111111111112
0 0.1814761288515765 0.8338882332700466 0.004629629629629629 0.011111111111111112
0 0.2175751538079928 0.798022105248833 0.004629629629629629 0.011111111111111112
0 0.19033560248029416 0.8250859175357077 0.004629629629629629 0.011111111111111112
0 0.2566843558679329 0.7591652206215376 0.004629629629629629 0.011111111111111112
0 0.2814912062268585 0.7345184144584761 0.004629629629629629 0.011111111111111112
0 0.2522002279189487 0.7636204187127864 0.004629629629629629 0.011111111111111112
0 0.19877552462101702 0.8167004465055702 0.004629629629629629 0.011111111111111112
0 0.44541474376271867 0.5716524481325247 0.004629629629629629 0.011111111111111112
0 0.760042137879358 0.25905490817147664 0.004629629629629629 0.011111111111111112
0 0.5497493134703437 0.4679910046810778 0.004629629629629629 0.011111111111111112
0 0.38678173972591623 0.6299071747239284 0.004629629629629629 0.011111111111111112
0 0.2111342804026776 0.8044214246321784 0.004629629629629629 0.011111111111111112
0 0.42237786154614887 0.594540705302536 0.004629629629629629 0.011111111111111112
0 0.4207615450260512 0.596146593974117 0.004629629629629629 0.011111111111111112
0 0.2003563054328689 0.8151298642796013 0.004629629629629629 0.011111111111111112
0 0.8647727272727272 0.1550000000000001 0.004629629629629629 0.011111111111111112
0 0.16022727272727275 0.855 0.004629629629629629 0.011111111111111112
