0 0.16022727272727275 0.855 0.004629629629629629 0.011111111111111112
0 0.3014080067545132 0.7147301094180967 0.004629629629629629 0.011111111111111112
0 0.49639488136709353 0.5210012146417264 0.004629629629629629 0.011111111111111112
0 0.2025865024655185 0.8129140556149043 0.004629629629629629 0.011111111111111112
0 0.2772512938109442 0.7387309726007393 0.004629629629629629 0.011111111111111112
0 0.27097274933036697 0.7449690103427322 0.004629629629629629 0.011111111111111112
0 0.7598297130886265 0.25926596247968725 0.004629629629629629 0.011111111111111112
0 0.23609544036426808 0.7796213044122755 0.004629629629629629 0.011111111111111112
0 0.21034302288913181 0.80520757725854 0.004629629629629629 0.011111111111111112
0 0.19194104682835633 0.8234908308931169 0.004629629629629629 0.011111111111111112
0 0.303481772905342 0.7126697224037247 0.004629629629629629 0.011111111111111112
0 0.318387481995147 0.6978601791790153 0.004629629629629629 0.011111111111111112
0 0.568429528574942 0.4494313070932835 0.004629629629629629 0.011111111111111112
0 0.16659092202551087 0.848677406503686 0.004629629629629629 0.011111111111111112
0 0.1698466851965315 0.8454426482563493 0.004629629629629629 0.011111111111111112
0 0.2960270367499852 0.7200763634871113 0.004629629629629629 0.011111111111111112
0 0.6599505046734344 0.35850078890510384 0.004629629629629629 0.011111111111111112
0 0.5065914985836395 0.510870382052384 0.004629629629629629 0.011111111111111112
0 0.16203405407990903 0.8532048753012517 0.004629629629629629 0.011111111111111112
0 0.8647727272727272 0.155 0.004629629629629629 0.011111111111111112
0 0.18660027044928104 0.8287971506503918 0.004629629629629629 0.011111111111111112
0 0.278132942163118 0.7378550123024504 0.004629629629629629 0.011111111111111112
0 0.18027942393704777 0.8350772175077074 0.004629629629629629 0.011111111111111112
0 0.3370857865718978 0.6792825088253402 0.004629629629629629 0.011111111111111112
0 0.4423575645894429 0.5746899035691988 0.004629629629629629 0.011111111111111112
0 0.2405820996067538 0.775163591358451 0.004629629629629629 0.011111111111111112
0 0.1641737530600521 0.8510789808306579 0.004629629629629629 0.011111111111111112
0 0.26739965510928937 0.7485190523430286 0.004629629629629629 0.011111111111111112
0 0.19875360837921052 0.8167222213522682 0.004629629629629629 0.011111111111111112
0 0.2112051226957023 0.8043510393862054 0.004629629629629629 0.011111111111111112
