0 0.7565854086389631 0.2624893359329012 0.004629629629629629 0.011111111111111112
0 0.6465248403646959 0.37183983602475373 0.004629629629629629 0.011111111111111112
0 0.16022727272727272 0.8550000000000001 0.004629629629629629 0.011111111111111112
0 0.7771952795742343 0.2420124319068899 0.004629629629629629 0.011111111111111112
0 0.6837569429069613 0.33484794059566436 0.004629629629629629 0.011111111111111112
0 0.6776685901925085 0.3408970136151852 0.004629629629629629 0.011111111111111112
0 0.4201409483230313 0.59676318682744 0.004629629629629629 0.011111111111111112
0 0.3522906785637066 0.664175712910898 0.004629629629629629 0.011111111111111112
0 0.5032280307622937 0.514212150081334 0.004629629629629629 0.011111111111111112
0 0.4874172339770282 0.5299209417260495 0.004629629629629629 0.011111111111111112
0 0.39772402945000274 0.6190354804174167 0.004629629629629629 0.011111111111111112
0 0.8647727272727272 0.155 0.004629629629629629 0.011111111111111112
0 0.842902185238716 0.17672944176282407 0.004629629629629629 0.011111111111111112
0 0.7428533778437527 0.2761327729810457 0.004629629629629629 0.011111111111111112
0 0.5848949415579842 0.4330721225810996 0.004629629629629629 0.011111111111111112
0 0.7802186321438495 0.23900858483772366 0.004629629629629629 0.011111111111111112
0 0.6634115553073879 0.35506206763007914 0.004629629629629629 0.011111111111111112
0 0.4325657445237325 0.584418550602227 0.004629629629629629 0.011111111111111112
0 0.4030696992601188 0.613724298799624 0.004629629629629629 0.011111111111111112
0 0.6422396318485127 0.37609739803438097 0.004629629629629629 0.011111111111111112
0 0.7380683090850243 0.2808869703284275 0.004629629629629629 0.011111111111111112
0 0.18080235727185362 0.834557657936352 0.004629629629629629 0.011111111111111112
0 0.2762656477811994 0.7397102596238406 0.004629629629629629 0.011111111111111112
0 0.38356392573520587 0.6331042286243762 0.004629629629629629 0.011111111111111112
0 0.8508063457899705 0.16887627579577133 0.004629629629629629 0.011111111111111112
0 0.5381963312883928 0.47946945149411296 0.004629629629629629 0.011111111111111112
0 0.4882228128282056 0.5291205601577829 0.004629629629629629 0.011111111111111112
0 0.49937358949319494 0.5180417239874063 0.004629629629629629 0.011111111111111112
0 0.4603833263451048 0.5567804370506702 0.004629629629629629 0.011111111111111112
0 0.7588220203469274 0.26026715397789146 0.004629629629629629 0.011111111111111112
