0 0.2988864866522034 0.7172353616487785 0.004629629629629629 0.011111111111111112
0 0.17265474984328796 0.842652700155701 0.004629629629629629 0.011111111111111112
0 0.2731465939688992 0.7428091905083195 0.004629629629629629 0.011111111111111112
0 0.3352922181765767 0.6810645058116593 0.004629629629629629 0.011111111111111112
0 0.20913800841805796 0.8064048174427036 0.004629629629629629 0.011111111111111112
0 0.1889192420880442 0.8264931401189755 0.004629629629629629 0.011111111111111112
0 0.2943124411438682 0.7217798971860923 0.004629629629629629 0.011111111111111112
0 0.30304183378407223 0.7131068232080832 0.004629629629629629 0.011111111111111112
0 0.16022727272727272 0.855 0.004629629629629629 0.011111111111111112
0 0.6436321626360503 0.37471385131644025 0.004629629629629629 0.011111111111111112
0 0.18399667920270069 0.8313839445340909 0.004629629629629629 0.011111111111111112
0 0.2687535718715995 0.747173870527572 0.004629629629629629 0.011111111111111112
0 0.202447491780744 0.8130521694565511 0.004629629629629629 0.011111111111111112
0 0.18350653399324682 0.831870927516387 0.004629629629629629 0.011111111111111112
0 0.30363683783994405 0.7125156578880556 0.004629629629629629 0.011111111111111112
0 0.16472750213142556 0.8505288043339385 0.004629629629629629 0.011111111111111112
0 0.8647727272727272 0.155 0.004629629629629629 0.011111111111111112
0 0.37530271448874797 0.64131214173376 0.004629629629629629 0.011111111111111112
0 0.2832632300647346 0.7327578230324573 0.004629629629629629 0.011111111111111112
0 0.24616672587315697 0.769614994938928 0.004629629629629629 0.011111111111111112
0 0.24536077175414023 0.770415749353951 0.004629629629629629 0.011111111111111112
0 0.3618967006171634 0.6546316651932699 0.004629629629629629 0.011111111111111112
0 0.37306985730021697 0.6435305933920425 0.004629629629629629 0.011111111111111112
0 0.18946070772107293 0.8259551678126115 0.004629629629629629 0.011111111111111112
0 0.5932890385039429 0.4247321810993084 0.004629629629629629 0.011111111111111112
0 0.235955705256655 0.7797601380030653 0.004629629629629629 0.011111111111111112
0 0.3933493541893707 0.6233819319666898 0.004629629629629629 0.011111111111111112
0 0.17978851968820825 0.8355649546323609 0.004629629629629629 0.011111111111111112
0 0.4320933383409749 0.5848879090031606 0.004629629629629629 0.011111111111111112
0 0.3377107629529453 0.6786615645499771 0.004629629629629629 0.011111111111111112
