0 0.5486286082118659 0.4691044795830495 0.004629629629629629 0.011111111111111112
0 0.6297599913139544 0.38849652475903895 0.004629629629629629 0.011111111111111112
0 0.7378249312370694 0.2811287779967183 0.004629629629629629 0.011111111111111112
0 0.7902187674683188 0.22907296651534784 0.004629629629629629 0.011111111111111112
0 0.5241122771679546 0.49346264074925805 0.004629629629629629 0.011111111111111112
0 0.7103587231810473 0.30841778471044345 0.004629629629629629 0.011111111111111112
0 0.8204006643388543 0.19908579156010614 0.004629629629629629 0.011111111111111112
0 0.3742975904530844 0.6423107810982258 0.004629629629629629 0.011111111111111112
0 0.6051535150558405 0.41294424955742304 0.004629629629629629 0.011111111111111112
0 0.7876774699503041 0.23159786856550432 0.004629629629629629 0.011111111111111112
0 0.497452454424925 0.5199504646358811 0.004629629629629629 0.011111111111111112
0 0.6349268901778375 0.3833629607265357 0.004629629629629629 0.011111111111111112
0 0.5431808692102661 0.474517071881413 0.004629629629629629 0.011111111111111112
0 0.8201915160666304 0.1992935904886383 0.004629629629629629 0.011111111111111112
0 0.631844789995921 0.38642517639114954 0.004629629629629629 0.011111111111111112
0 0.8565627238164856 0.1631570356920081 0.004629629629629629 0.011111111111111112
0 0.8647727272727272 0.1550000000000001 0.004629629629629629 0.011111111111111112
0 0.4426991985066516 0.5743504737417785 0.004629629629629629 0.011111111111111112
0 0.6035962050093073 0.41449151244236565 0.004629629629629629 0.011111111111111112
0 0.47974709310022057 0.5375415978230067 0.004629629629629629 0.011111111111111112
0 0.4362766945689673 0.5807315421701874 0.004629629629629629 0.011111111111111112
0 0.16022727272727272 0.855 0.004629629629629629 0.011111111111111112
0 0.5360803422653627 0.48157178897505915 0.004629629629629629 0.011111111111111112
0 0.623809045079178 0.39440907779230067 0.004629629629629629 0.011111111111111112
0 0.44994082793631074 0.567155564501988 0.004629629629629629 0.011111111111111112
0 0.4688201350797189 0.5483980593401503 0.004629629629629629 0.011111111111111112
0 0.47168886280256506 0.5455478395380967 0.004629629629629629 0.011111111111111112
0 0.5696133124702857 0.44825516051339365 0.004629629629629629 0.011111111111111112
0 0.5792248801482681 0.4387056029494628 0.004629629629629629 0.011111111111111112
0 0.8503091556173116 0.16937025828989705 0.004629629629629629 0.011111111111111112
