0 0.16022727272727275 0.855 0.004629629629629629 0.011111111111111112
0 0.6241677381592217 0.39405269886116046 0.004629629629629629 0.011111111111111112
0 0.4416582026000078 0.5753847535457988 0.004629629629629629 0.011111111111111112
0 0.5631185914754794 0.45470798008242697 0.004629629629629629 0.011111111111111112
0 0.6304415543479214 0.3878193589059363 0.004629629629629629 0.011111111111111112
0 0.5317126030435553 0.4859113492341451 0.004629629629629629 0.011111111111111112
0 0.47743347422978694 0.5398402901200827 0.004629629629629629 0.011111111111111112
0 0.42789051994348826 0.589063612443244 0.004629629629629629 0.011111111111111112
0 0.5638645028057244 0.4539668810833449 0.004629629629629629 0.011111111111111112
0 0.4632245452587437 0.5539575485816354 0.004629629629629629 0.011111111111111112
0 0.6772712995690376 0.34129174107334337 0.004629629629629629 0.011111111111111112
0 0.5477550735322527 0.46997237855505225 0.004629629629629629 0.011111111111111112
0 0.5486205071327095 0.46911252839717904 0.004629629629629629 0.011111111111111112
0 0.7634865828897677 0.25563268538694056 0.004629629629629629 0.011111111111111112
0 0.48211171867349395 0.5351922278985931 0.004629629629629629 0.011111111111111112
0 0.2618491111267188 0.7540337863644213 0.004629629629629629 0.011111111111111112
0 0.49952392639595244 0.5178923570001505 0.004629629629629629 0.011111111111111112
0 0.38558287090662174 0.6310983089056791 0.004629629629629629 0.011111111111111112
0 0.5682195534823176 0.449639927507891 0.004629629629629629 0.011111111111111112
0 0.6041667755344965 0.41392462301733896 0.004629629629629629 0.011111111111111112
0 0.6865213786323937 0.33210133993942825 0.004629629629629629 0.011111111111111112
0 0.3470198663677102 0.6694125198669203 0.004629629629629629 0.011111111111111112
0 0.43642654860313457 0.5805826549362405 0.004629629629629629 0.011111111111111112
0 0.4066789119486973 0.6101383713541975 0.004629629629629629 0.011111111111111112
0 0.6381509284922245 0.3801597226593383 0.004629629629629629 0.011111111111111112
0 0.8647727272727272 0.1550000000000001 0.004629629629629629 0.011111111111111112
0 0.5803430210127913 0.4375946758969686 0.004629629629629629 0.011111111111111112
0 0.6793853722953443 0.33919130752591603 0.004629629629629629 0.011111111111111112
0 0.8462545104582699 0.17339874444791245 0.004629629629629629 0.011111111111111112
0 0.532823515017829 0.484807604433899 0.004629629629629629 0.011111111111111112
