0 0.16834950020368059 0.8469301739911819 0.004629629629629629 0.011111111111111112
0 0.2570907792265631 0.7587614193490922 0.004629629629629629 0.011111111111111112
0 0.42771451885240813 0.5892384780434139 0.004629629629629629 0.011111111111111112
0 0.4743675706767191 0.5428864136502275 0.004629629629629629 0.011111111111111112
0 0.19587995673624556 0.819577333307214 0.004629629629629629 0.011111111111111112
0 0.16623245185644092 0.8490335639619877 0.004629629629629629 0.011111111111111112
0 0.26425015585825556 0.7516482322440557 0.004629629629629629 0.011111111111111112
0 0.24463794379112458 0.7711339139107537 0.004629629629629629 0.011111111111111112
0 0.2137604446860809 0.8018122033441518 0.004629629629629629 0.011111111111111112
0 0.2890522773938385 0.7270061243957993 0.004629629629629629 0.011111111111111112
0 0.16022727272727275 0.855 0.004629629629629629 0.011111111111111112
0 0.1740501167882423 0.8412663355781336 0.004629629629629629 0.011111111111111112
0 0.35414832321149947 0.6623300530672844 0.004629629629629629 0.011111111111111112
0 0.3260463593309952 0.6902507139550111 0.004629629629629629 0.011111111111111112
0 0.25115547137565264 0.7646584348912872 0.004629629629629629 0.011111111111111112
0 0.6310850468567383 0.38718001796169244 0.004629629629629629 0.011111111111111112
0 0.33562628076173445 0.6807325984689865 0.004629629629629629 0.011111111111111112
0 0.32604516431064345 0.6902519012655542 0.004629629629629629 0.011111111111111112
0 0.3076755027811824 0.708503048849664 0.004629629629629629 0.011111111111111112
0 0.20014437158123205 0.8153404308160662 0.004629629629629629 0.011111111111111112
0 0.8647727272727272 0.155 0.004629629629629629 0.011111111111111112
0 0.20318795132258163 0.8123164870730479 0.004629629629629629 0.011111111111111112
0 0.4486088008602863 0.5684789978549415 0.004629629629629629 0.011111111111111112
0 0.274520808157055 0.7414438422181518 0.004629629629629629 0.011111111111111112
0 0.5498497010399411 0.46789126477321985 0.004629629629629629 0.011111111111111112
0 0.23335401759249363 0.7823450405855225 0.004629629629629629 0.011111111111111112
0 0.23034391962508333 0.7853357185660463 0.004629629629629629 0.011111111111111112
0 0.25316621638453785 0.7626606624308463 0.004629629629629629 0.011111111111111112
0 0.20704431156297243 0.8084850065761436 0.004629629629629629 0.011111111111111112
0 0.4383531486451425 0.5786684845719229 0.004629629629629629 0.011111111111111112
