0 0.607315784785005 0.4107959299555434 0.004629629629629629 0.011111111111111112
0 0.47030531624115723 0.5469224599926568 0.004629629629629629 0.011111111111111112
0 0.7477081172980267 0.27130935442647686 0.004629629629629629 0.011111111111111112
0 0.16223436872000302 0.8530058530136745 0.004629629629629629 0.011111111111111112
0 0.2017323225724333 0.8137627246699696 0.004629629629629629 0.011111111111111112
0 0.5309792871248008 0.486639934082456 0.004629629629629629 0.011111111111111112
0 0.16022727272727275 0.855 0.004629629629629629 0.011111111111111112
0 0.2873593514194465 0.7286881282671307 0.004629629629629629 0.011111111111111112
0 0.48265880128434047 0.5346486748529778 0.004629629629629629 0.011111111111111112
0 0.702745707619496 0.31598168404256544 0.004629629629629629 0.011111111111111112
0 0.24084015601864772 0.7749071998266338 0.004629629629629629 0.011111111111111112
0 0.5060487251227145 0.5114096537490449 0.004629629629629629 0.011111111111111112
0 0.19053355791656001 0.8248892392312888 0.004629629629629629 0.011111111111111112
0 0.4005651622314707 0.6162126775248614 0.004629629629629629 0.011111111111111112
0 0.45813519823093324 0.5590140611124922 0.004629629629629629 0.011111111111111112
0 0.35615864738473196 0.6603326987274276 0.004629629629629629 0.011111111111111112
0 0.29771017422171026 0.718404084966817 0.004629629629629629 0.011111111111111112
0 0.16263711637629225 0.8526057037293613 0.004629629629629629 0.011111111111111112
0 0.37889435450291675 0.6377436735906504 0.004629629629629629 0.011111111111111112
0 0.27699553423297035 0.7389850821169198 0.004629629629629629 0.011111111111111112
0 0.3277272923800174 0.6885806256353376 0.004629629629629629 0.011111111111111112
0 0.2052068786541421 0.8103105850791106 0.004629629629629629 0.011111111111111112
0 0.2107983027671311 0.8047552346700763 0.004629629629629629 0.011111111111111112
0 0.46988804194018174 0.5473370422013679 0.004629629629629629 0.011111111111111112
0 0.41472741110181865 0.602141798002064 0.004629629629629629 0.011111111111111112
0 0.2295544028110031 0.7861201417232614 0.004629629629629629 0.011111111111111112
0 0.16328629140657397 0.8519607169250814 0.004629629629629629 0.011111111111111112
0 0.8647727272727272 0.155 0.004629629629629629 0.011111111111111112
0 0.570806808982644 0.4470693639785344 0.004629629629629629 0.011111111111111112
0 0.292892324615494 0.7231908516723479 0.004629629629629629 0.011111111111111112
