0 0.7963104175888698 0.22302061736331644 0.004629629629629629 0.011111111111111112
0 0.3860736115668732 0.6306107343142032 0.004629629629629629 0.011111111111111112
0 0.8046965963170507 0.2146885430140269 0.004629629629629629 0.011111111111111112
0 0.4411466751145076 0.5758929808539731 0.004629629629629629 0.011111111111111112
0 0.16022727272727272 0.855 0.004629629629629629 0.011111111111111112
0 0.6361547880821378 0.38214298474419844 0.004629629629629629 0.011111111111111112
0 0.8494371065391462 0.17023668124497726 0.004629629629629629 0.011111111111111112
0 0.7435697018767677 0.27542107039340497 0.004629629629629629 0.011111111111111112
0 0.46709708519023974 0.5501099927787295 0.004629629629629629 0.011111111111111112
0 0.8587517820044752 0.16098210046006944 0.004629629629629629 0.011111111111111112
0 0.7371870032133898 0.28176259035572887 0.004629629629629629 0.011111111111111112
0 0.7910454190477986 0.22825164817186464 0.004629629629629629 0.011111111111111112
0 0.6706947325554108 0.34782587862236597 0.004629629629629629 0.011111111111111112
0 0.7735471340467245 0.2456370410116415 0.004629629629629629 0.011111111111111112
0 0.3703701965330355 0.6462128369929839 0.004629629629629629 0.011111111111111112
0 0.8636153838992258 0.15614987664205957 0.004629629629629629 0.011111111111111112
0 0.5823058855351524 0.435644475016687 0.004629629629629629 0.011111111111111112
0 0.8647727272727271 0.155 0.004629629629629629 0.011111111111111112
0 0.6786399615808489 0.3399319091390273 0.004629629629629629 0.011111111111111112
0 0.7387575603227601 0.2802021658728704 0.004629629629629629 0.011111111111111112
0 0.6799453001693209 0.33863499208983605 0.004629629629629629 0.011111111111111112
0 0.8565606249765222 0.163159120991068 0.004629629629629629 0.011111111111111112
0 0.7971754392156698 0.22216117652120557 0.004629629629629629 0.011111111111111112
0 0.6513915918897126 0.3670044828966725 0.004629629629629629 0.011111111111111112
0 0.8640353916350421 0.15573257863357118 0.004629629629629629 0.011111111111111112
0 0.6315243350083778 0.38674356392716003 0.004629629629629629 0.011111111111111112
0 0.785331471212362 0.23392873182771767 0.004629629629629629 0.011111111111111112
0 0.6578475464416599 0.36059017966441526 0.004629629629629629 0.011111111111111112
0 0.49975620901713586 0.517661572976523 0.004629629629629629 0.011111111111111112
0 0.5936173499202834 0.42440598782113786 0.004629629629629629 0.011111111111111112
