0 0.8456073308373815 0.1740417487164083 0.004629629629629629 0.011111111111111112
0 0.6031630421985937 0.41492188065430047 0.004629629629629629 0.011111111111111112
0 0.5092115705027079 0.5082672138231161 0.004629629629629629 0.011111111111111112
0 0.7788182545298067 0.24039992775748248 0.004629629629629629 0.011111111111111112
0 0.8181052938439476 0.2013663532131103 0.004629629629629629 0.011111111111111112
0 0.8320764245650177 0.18748535881927283 0.004629629629629629 0.011111111111111112
0 0.8362032178350551 0.18338519002194528 0.004629629629629629 0.011111111111111112
0 0.7117774851089694 0.30700817608528214 0.004629629629629629 0.011111111111111112
0 0.5565278198533851 0.4612562305972818 0.004629629629629629 0.011111111111111112
0 0.21404135321380988 0.801533107129505 0.004629629629629629 0.011111111111111112
0 0.7170367998773598 0.3017827923799135 0.004629629629629629 0.011111111111111112
0 0.24660000521798214 0.7691845109447145 0.004629629629629629 0.011111111111111112
0 0.6446427543352904 0.3737097795636472 0.004629629629629629 0.011111111111111112
0 0.7846020839858276 0.23465341333021011 0.004629629629629629 0.011111111111111112
0 0.5924531171747266 0.4255627093876909 0.004629629629629629 0.011111111111111112
0 0.8131359492417352 0.20630363752756636 0.004629629629629629 0.011111111111111112
0 0.4778630148938625 0.5394135206860978 0.004629629629629629 0.011111111111111112
0 0.6486226179987582 0.3697555924399436 0.004629629629629629 0.011111111111111112
0 0.4976071079834037 0.5197968088422957 0.004629629629629629 0.011111111111111112
0 0.16022727272727272 0.8550000000000001 0.004629629629629629 0.011111111111111112
0 0.25718275778756916 0.758670034198157 0.004629629629629629 0.011111111111111112
0 0.7704058784033623 0.24875803048956266 0.004629629629629629 0.011111111111111112
0 0.6052387282898399 0.41285958608622364 0.004629629629629629 0.011111111111111112
0 0.7764276900267758 0.2427750692637195 0.004629629629629629 0.011111111111111112
0 0.827878672333229 0.1916560287785984 0.004629629629629629 0.011111111111111112
0 0.8647727272727272 0.1550000000000001 0.004629629629629629 0.011111111111111112
0 0.7368812061746294 0.2820664145103682 0.004629629629629629 0.011111111111111112
0 0.8586893197684422 0.16104415971393507 0.004629629629629629 0.011111111111111112
0 0.6226892921286651 0.3955216065302296 0.004629629629629629 0.011111111111111112
0 0.8103377749706772 0.2090837590613918 0.004629629629629629 0.011111111111111112
