0 0.16022727272727275 0.855 0.004629629629629629 0.011111111111111112
0 0.1738680184034141 0.8414472591346724 0.004629629629629629 0.011111111111111112
0 0.28837670080394323 0.72767734242705 0.004629629629629629 0.011111111111111112
0 0.20994287966967282 0.8056051389088411 0.004629629629629629 0.011111111111111112
0 0.4982645979286704 0.5191435607676436 0.004629629629629629 0.011111111111111112
0 0.25784982167836307 0.7580072739453683 0.004629629629629629 0.011111111111111112
0 0.28891764742904463 0.7271398857801751 0.004629629629629629 0.011111111111111112
0 0.2174095277620131 0.7981866627396773 0.004629629629629629 0.011111111111111112
0 0.37459774091044706 0.6420125670954268 0.004629629629629629 0.011111111111111112
0 0.18915552986272027 0.8262583767815553 0.004629629629629629 0.011111111111111112
0 0.18882320003867795 0.8265885625422168 0.004629629629629629 0.011111111111111112
0 0.4268125194889325 0.5901346580561574 0.004629629629629629 0.011111111111111112
0 0.2105762912674806 0.804975813837471 0.004629629629629629 0.011111111111111112
0 0.1694321821648365 0.8458544770749367 0.004629629629629629 0.011111111111111112
0 0.2218876764580554 0.7937374053255449 0.004629629629629629 0.011111111111111112
0 0.22044246625900948 0.7951732915878229 0.004629629629629629 0.011111111111111112
0 0.2866386554587939 0.7294041745764241 0.004629629629629629 0.011111111111111112
0 0.38062514574570044 0.6360240487429815 0.004629629629629629 0.011111111111111112
0 0.4811306105494515 0.536167006292803 0.004629629629629629 0.011111111111111112
0 0.2617138786016199 0.7541681464216164 0.004629629629629629 0.011111111111111112
0 0.2806923422454386 0.7353121244787255 0.004629629629629629 0.011111111111111112
0 0.20777449070488282 0.8077595382674067 0.004629629629629629 0.011111111111111112
0 0.8647727272727271 0.1550000000000001 0.004629629629629629 0.011111111111111112
0 0.21756145579840241 0.7980357148841679 0.004629629629629629 0.011111111111111112
0 0.4139437207057234 0.6029204323310877 0.004629629629629629 0.011111111111111112
0 0.3187387561973721 0.6975111712619657 0.004629629629629629 0.011111111111111112
0 0.23444659281765012 0.7812595142327863 0.004629629629629629 0.011111111111111112
0 0.3058369176029372 0.7103297721880495 0.004629629629629629 0.011111111111111112
0 0.25751944432593815 0.7583355198310033 0.004629629629629629 0.011111111111111112
0 0.23052114926215975 0.7851596323459833 0.004629629629629629 0.011111111111111112
