0 0.30162164795563284 0.7145178465473067 0.004629629629629629 0.011111111111111112
0 0.3181562014092854 0.6980899676320649 0.004629629629629629 0.011111111111111112
0 0.2801788138378541 0.7358223397998095 0.004629629629629629 0.011111111111111112
0 0.16562243541232965 0.849639644816137 0.004629629629629629 0.011111111111111112
0 0.7253765143318741 0.2934968825347831 0.004629629629629629 0.011111111111111112
0 0.2713029978481497 0.744640892460548 0.004629629629629629 0.011111111111111112
0 0.20358476832640943 0.8119222301789223 0.004629629629629629 0.011111111111111112
0 0.19245680929691802 0.8229783959243524 0.004629629629629629 0.011111111111111112
0 0.7742052391637567 0.24498318173407393 0.004629629629629629 0.011111111111111112
0 0.32433806993969205 0.6919479821244351 0.004629629629629629 0.011111111111111112
0 0.2693188345447858 0.7466122547103419 0.004629629629629629 0.011111111111111112
0 0.4144281889313577 0.6024390897069092 0.004629629629629629 0.011111111111111112
0 0.5426584430191893 0.4750361275809345 0.004629629629629629 0.011111111111111112
0 0.5228300438899288 0.49473660155452237 0.004629629629629629 0.011111111111111112
0 0.34656928472830667 0.6698601945280049 0.004629629629629629 0.011111111111111112
0 0.5362238932620451 0.48142916411383907 0.004629629629629629 0.011111111111111112
0 0.369913719051024 0.6466663694589827 0.004629629629629629 0.011111111111111112
0 0.223892309410602 0.7917457054888213 0.004629629629629629 0.011111111111111112
0 0.5166105653078169 0.5009159544683626 0.004629629629629629 0.011111111111111112
0 0.3938205769922963 0.6229137493108798 0.004629629629629629 0.011111111111111112
0 0.22715069601232035 0.7885083407361463 0.004629629629629629 0.011111111111111112
0 0.182074042050792 0.8332941775753422 0.004629629629629629 0.011111111111111112
0 0.4862144576035726 0.5311159582519344 0.004629629629629629 0.011111111111111112
0 0.42693198797825205 0.5900159603312851 0.004629629629629629 0.011111111111111112
0 0.1900328186382924 0.8253867479335676 0.004629629629629629 0.011111111111111112
0 0.8647727272727272 0.155 0.004629629629629629 0.011111111111111112
0 0.2390615135755928 0.776674367157153 0.004629629629629629 0.011111111111111112
0 0.2087996544995028 0.8067409884327521 0.004629629629629629 0.011111111111111112
0 0.3885334487044193 0.6281667670936737 0.004629629629629629 0.011111111111111112
0 0.16022727272727275 0.855 0.004629629629629629 0.011111111111111112
