0 0.8647727272727275 0.1549999999999999 0.004629629629629629 0.011111111111111112
0 0.36152597402597403 0.655 0.004629629629629629 0.011111111111111112
0 0.26087662337662343 0.755 0.004629629629629629 0.011111111111111112
0 0.26087662337662343 0.755 0.004629629629629629 0.011111111111111112
0 0.36152597402597403 0.655 0.004629629629629629 0.011111111111111112
0 0.36152597402597403 0.655 0.004629629629629629 0.011111111111111112
0 0.16022727272727275 0.855 0.004629629629629629 0.011111111111111112
0 0.46217532467532474 0.555 0.004629629629629629 0.011111111111111112
0 0.46217532467532474 0.555 0.004629629629629629 0.011111111111111112
0 0.16022727272727275 0.855 0.004629629629629629 0.011111111111111112
0 0.5628246753246754 0.4549999999999999 0.004629629629629629 0.011111111111111112
0 0.36152597402597403 0.655 0.004629629629629629 0.011111111111111112
0 0.36152597402597403 0.655 0.004629629629629629 0.011111111111111112
0 0.6634740259740259 0.35499999999999987 0.004629629629629629 0.011111111111111112
0 0.5628246753246754 0.4549999999999999 0.004629629629629629 0.011111111111111112
0 0.5628246753246754 0.4549999999999999 0.004629629629629629 0.011111111111111112
0 0.5628246753246754 0.4549999999999999 0.004629629629629629 0.011111111111111112
0 0.5628246753246754 0.4549999999999999 0.004629629629629629 0.011111111111111112
0 0.5628246753246754 0.4549999999999999 0.004629629629629629 0.011111111111111112
0 0.5628246753246754 0.4549999999999999 0.004629629629629629 0.011111111111111112
0 0.26087662337662343 0.755 0.004629629629629629 0.011111111111111112
0 0.16022727272727275 0.855 0.004629629629629629 0.011111111111111112
0 0.36152597402597403 0.655 0.004629629629629629 0.011111111111111112
0 0.7641233766233767 0.2549999999999999 0.004629629629629629 0.011111111111111112
0 0.26087662337662343 0.755 0.004629629629629629 0.011111111111111112
0 0.26087662337662343 0.755 0.004629629629629629 0.011111111111111112
0 0.5628246753246754 0.4549999999999999 0.004629629629629629 0.011111111111111112
0 0.36152597402597403 0.655 0.004629629629629629 0.011111111111111112
0 0.46217532467532474 0.555 0.004629629629629629 0.011111111111111112
0 0.5628246753246754 0.4549999999999999 0.004629629629629629 0.011111111111111112
