0 0.7172967292367451 0.30152453998413714 0.004629629629629629 0.011111111111111112
0 0.6647553116280905 0.35372698070499403 0.004629629629629629 0.011111111111111112
0 0.847755698293275 0.171907241695714 0.004629629629629629 0.011111111111111112
0 0.16022727272727275 0.855 0.004629629629629629 0.011111111111111112
0 0.6265068170153908 0.3917287108363214 0.004629629629629629 0.011111111111111112
0 0.7987575614282487 0.22058926154870778 0.004629629629629629 0.011111111111111112
0 0.5904903426022764 0.42751282089838333 0.004629629629629629 0.011111111111111112
0 0.7582098627287426 0.260875362192088 0.004629629629629629 0.011111111111111112
0 0.7582229640369917 0.26086234540840814 0.004629629629629629 0.011111111111111112
0 0.5774439169964347 0.4404750760164454 0.004629629629629629 0.011111111111111112
0 0.662963778655019 0.35550695540081984 0.004629629629629629 0.011111111111111112
0 0.28133749351015874 0.7346711354802294 0.004629629629629629 0.011111111111111112
0 0.2746495103740592 0.7413159703380315 0.004629629629629629 0.011111111111111112
0 0.578466037677022 0.4394595496628299 0.004629629629629629 0.011111111111111112
0 0.5341649633036579 0.4834748106531399 0.004629629629629629 0.011111111111111112
0 0.3095657495182062 0.706624997252879 0.004629629629629629 0.011111111111111112
0 0.21477492532421433 0.8008042677423935 0.004629629629629629 0.011111111111111112
0 0.8647727272727272 0.155 0.004629629629629629 0.011111111111111112
0 0.4841926591979353 0.5331247127968901 0.004629629629629629 0.011111111111111112
0 0.5542235576323602 0.4635456266104293 0.004629629629629629 0.011111111111111112
0 0.6928474583737708 0.32581607361573744 0.004629629629629629 0.011111111111111112
0 0.663088598634197 0.3553829407118301 0.004629629629629629 0.011111111111111112
0 0.19983658230231696 0.8156462343576979 0.004629629629629629 0.011111111111111112
0 0.804086533769996 0.2152946696736815 0.004629629629629629 0.011111111111111112
0 0.2688740058867358 0.7470542135060818 0.004629629629629629 0.011111111111111112
0 0.16872679534990911 0.8465553130071871 0.004629629629629629 0.011111111111111112
0 0.24690497865630684 0.7688815050769597 0.004629629629629629 0.011111111111111112
0 0.7456586654806799 0.2733455839740341 0.004629629629629629 0.011111111111111112
0 0.7668372449881145 0.25230364046342196 0.004629629629629629 0.011111111111111112
0 0.3092658270520365 0.706922984735396 0.004629629629629629 0.011111111111111112
