0 0.18743478110941267 0.8279680239300029 0.004629629629629629 0.011111111111111112
0 0.30817655452109666 0.7080052297016202 0.004629629629629629 0.011111111111111112
0 0.3129413496345569 0.7032711752017952 0.004629629629629629 0.011111111111111112
0 0.5259842245635746 0.49160277043360984 0.004629629629629629 0.011111111111111112
0 0.44777512247272994 0.5693072976722554 0.004629629629629629 0.011111111111111112
0 0.30785547528694446 0.7083242374568423 0.004629629629629629 0.011111111111111112
0 0.2605899194607946 0.755284854213146 0.004629629629629629 0.011111111111111112
0 0.28936350494865826 0.7266969047606879 0.004629629629629629 0.011111111111111112
0 0.25656218224262956 0.7592866060299035 0.004629629629629629 0.011111111111111112
0 0.4869322433498517 0.5304028033814376 0.004629629629629629 0.011111111111111112
0 0.1922231030456215 0.8232105943933825 0.004629629629629629 0.011111111111111112
0 0.4003391032148185 0.6164372780962449 0.004629629629629629 0.011111111111111112
0 0.3421937502249533 0.6742074997764981 0.004629629629629629 0.011111111111111112
0 0.21079709850337816 0.8047564311643856 0.004629629629629629 0.011111111111111112
0 0.16512577762534386 0.8501330983593358 0.004629629629629629 0.011111111111111112
0 0.29999437884108054 0.7161346171514427 0.004629629629629629 0.011111111111111112
0 0.23665727462229388 0.7790630948913984 0.004629629629629629 0.011111111111111112
0 0.26451842216856264 0.7513816966841378 0.004629629629629629 0.011111111111111112
0 0.26354906584554283 0.7523447990953962 0.004629629629629629 0.011111111111111112
0 0.1942774936423861 0.8211694579295002 0.004629629629629629 0.011111111111111112
0 0.3870448974784221 0.6296457147633742 0.004629629629629629 0.011111111111111112
0 0.31237271727180616 0.7038361389686572 0.004629629629629629 0.011111111111111112
0 0.33366912457091696 0.6826771278456696 0.004629629629629629 0.011111111111111112
0 0.49516704081326784 0.522221133643592 0.004629629629629629 0.011111111111111112
0 0.352750664939481 0.6637186941891609 0.004629629629629629 0.011111111111111112
0 0.8647727272727272 0.1550000000000001 0.004629629629629629 0.011111111111111112
0 0.16022727272727272 0.855 0.004629629629629629 0.011111111111111112
0 0.3361210616758366 0.6802410096898139 0.004629629629629629 0.011111111111111112
0 0.22301844123137987 0.7926139358088226 0.004629629629629629 0.011111111111111112
0 0.1912686215717091 0.824158917922302 0.004629629629629629 0.011111111111111112
