0 0.21324921069169808 0.8023201390547 0.004629629629629629 0.011111111111111112
0 0.7296198415959748 0.289280931575612 0.004629629629629629 0.011111111111111112
0 0.718176835659569 0.30065011166726685 0.004629629629629629 0.011111111111111112
0 0.3829333480933375 0.6337307380233937 0.004629629629629629 0.011111111111111112
0 0.16022727272727275 0.855 0.004629629629629629 0.011111111111111112
0 0.5915329174150554 0.42647697237471927 0.004629629629629629 0.011111111111111112
0 0.27732498291059876 0.738657758914631 0.004629629629629629 0.011111111111111112
0 0.4577922339957894 0.5593548126751512 0.004629629629629629 0.011111111111111112
0 0.5815464305011898 0.4363990303407534 0.004629629629629629 0.011111111111111112
0 0.7139647156503555 0.30483505670867905 0.004629629629629629 0.011111111111111112
0 0.8212636923413132 0.19822833148024346 0.004629629629629629 0.011111111111111112
0 0.5253762682577577 0.4922068044406794 0.004629629629629629 0.011111111111111112
0 0.5497761812642336 0.46796431022779383 0.004629629629629629 0.011111111111111112
0 0.8647727272727272 0.155 0.004629629629629629 0.011111111111111112
0 0.42368328440621333 0.5932437045254397 0.004629629629629629 0.011111111111111112
0 0.2346847350044008 0.7810229084472405 0.004629629629629629 0.011111111111111112
0 0.5663136043017685 0.4515335802421139 0.004629629629629629 0.011111111111111112
0 0.7418621205750139 0.277117635041599 0.004629629629629629 0.011111111111111112
0 0.4881953122603529 0.5291478833026172 0.004629629629629629 0.011111111111111112
0 0.5290753154108865 0.4885316221078936 0.004629629629629629 0.011111111111111112
0 0.5323635990630698 0.48526455318895 0.004629629629629629 0.011111111111111112
0 0.7144304510619311 0.3043723260416941 0.004629629629629629 0.011111111111111112
0 0.5067319004571139 0.5107308859974481 0.004629629629629629 0.011111111111111112
0 0.7086497257352452 0.31011575636627253 0.004629629629629629 0.011111111111111112
0 0.6782280742258558 0.34034113915624653 0.004629629629629629 0.011111111111111112
0 0.38198627538327135 0.6346717005869433 0.004629629629629629 0.011111111111111112
0 0.5955849521434115 0.4224510798059009 0.004629629629629629 0.011111111111111112
0 0.4350866776161799 0.5819138815942471 0.004629629629629629 0.011111111111111112
0 0.5890676418535503 0.4289263429326016 0.004629629629629629 0.011111111111111112
0 0.5584506944683412 0.45934576162500296 0.004629629629629629 0.011111111111111112
