0 0.16518109744738413 0.8500781354393733 0.004629629629629629 0.011111111111111112
0 0.2896686389542917 0.7263937393615424 0.004629629629629629 0.011111111111111112
0 0.19524289886662918 0.8202102811260589 0.004629629629629629 0.011111111111111112
0 0.2103208162925215 0.805229640586785 0.004629629629629629 0.011111111111111112
0 0.17251476385991396 0.8427917830036984 0.004629629629629629 0.011111111111111112
0 0.2125812547983497 0.8029837855551881 0.004629629629629629 0.011111111111111112
0 0.16022727272727275 0.855 0.004629629629629629 0.011111111111111112
0 0.5619063354149436 0.4559124151361207 0.004629629629629629 0.011111111111111112
0 0.3073630119471255 0.7088135236138237 0.004629629629629629 0.011111111111111112
0 0.30571726462102855 0.7104486532152362 0.004629629629629629 0.011111111111111112
0 0.23307731660450107 0.7826199564058507 0.004629629629629629 0.011111111111111112
0 0.28326154687321464 0.7327594953646771 0.004629629629629629 0.011111111111111112
0 0.4581445529711713 0.559004766725417 0.004629629629629629 0.011111111111111112
0 0.16426886624603163 0.8509844812781364 0.004629629629629629 0.011111111111111112
0 0.20383881794264141 0.8116698195924724 0.004629629629629629 0.011111111111111112
0 0.18592127817580303 0.829471762328557 0.004629629629629629 0.011111111111111112
0 0.23647617530356796 0.7792430258274228 0.004629629629629629 0.011111111111111112
0 0.19504037615667735 0.8204114972378819 0.004629629629629629 0.011111111111111112
0 0.23632882860489934 0.779389421902229 0.004629629629629629 0.011111111111111112
0 0.16942769149435108 0.8458589387733545 0.004629629629629629 0.011111111111111112
0 0.202261310616237 0.8132371494522549 0.004629629629629629 0.011111111111111112
0 0.23886652221414323 0.776868100509819 0.004629629629629629 0.011111111111111112
0 0.17077698878714845 0.8445183466243816 0.004629629629629629 0.011111111111111112
0 0.1996338906784479 0.815847618293671 0.004629629629629629 0.011111111111111112
0 0.18152422310117067 0.8338404493059337 0.004629629629629629 0.011111111111111112
0 0.8647727272727272 0.155 0.004629629629629629 0.011111111111111112
0 0.3083753322956576 0.7078077343643144 0.004629629629629629 0.011111111111111112
0 0.22290919438738674 0.7927224778344674 0.004629629629629629 0.011111111111111112
0 0.17595864278555587 0.8393701226517704 0.004629629629629629 0.011111111111111112
0 0.23043018970180326 0.7852500050704665 0.004629629629629629 0.011111111111111112
