0 0.5345060178885879 0.4831359564203707 0.004629629629629629 0.011111111111111112
0 0.8647727272727272 0.155 0.004629629629629629 0.011111111111111112
0 0.7361926898667687 0.28275048877753306 0.004629629629629629 0.011111111111111112
0 0.8489368409490701 0.17073371931511758 0.004629629629629629 0.011111111111111112
0 0.7244709511023995 0.29439660342084173 0.004629629629629629 0.011111111111111112
0 0.7551020530328866 0.2639631215028096 0.004629629629629629 0.011111111111111112
0 0.2792061828962487 0.7367886957030819 0.004629629629629629 0.011111111111111112
0 0.7561743909340949 0.2628977019106412 0.004629629629629629 0.011111111111111112
0 0.16022727272727272 0.855 0.004629629629629629 0.011111111111111112
0 0.44458390238108336 0.5724779292471817 0.004629629629629629 0.011111111111111112
0 0.4877445441947096 0.5295957431871916 0.004629629629629629 0.011111111111111112
0 0.5870446262220975 0.43093630685030304 0.004629629629629629 0.011111111111111112
0 0.5948157395408497 0.42321532974651066 0.004629629629629629 0.011111111111111112
0 0.7175488261212278 0.30127406953116725 0.004629629629629629 0.011111111111111112
0 0.4364288172839854 0.5805804008920402 0.004629629629629629 0.011111111111111112
0 0.7067295509233127 0.3120235429536119 0.004629629629629629 0.011111111111111112
0 0.28063956803765383 0.7353645582077504 0.004629629629629629 0.011111111111111112
0 0.2757022833647023 0.7402699894311989 0.004629629629629629 0.011111111111111112
0 0.22270444378162493 0.7929259074685792 0.004629629629629629 0.011111111111111112
0 0.3165160610141536 0.6997195264762602 0.004629629629629629 0.011111111111111112
0 0.8414250042273212 0.17819709257414537 0.004629629629629629 0.011111111111111112
0 0.2249088400583444 0.7907357331033223 0.004629629629629629 0.011111111111111112
0 0.2705732542116082 0.745365928073628 0.004629629629629629 0.011111111111111112
0 0.8419330278820969 0.17769234649133603 0.004629629629629629 0.011111111111111112
0 0.7681468881804775 0.25100244658197723 0.004629629629629629 0.011111111111111112
0 0.6372547857620346 0.38105008382352684 0.004629629629629629 0.011111111111111112
0 0.38816313999057833 0.6285346867190383 0.004629629629629629 0.011111111111111112
0 0.858996603495812 0.1607388584622255 0.004629629629629629 0.011111111111111112
0 0.37768996720200465 0.6389402906509115 0.004629629629629629 0.011111111111111112
0 0.24680697418359035 0.7689788772627554 0.004629629629629629 0.011111111111111112
