0 0.49978775208830145 0.5176302334090424 0.004629629629629629 0.011111111111111112
0 0.3920037564727373 0.6247188484077321 0.004629629629629629 0.011111111111111112
0 0.31621509191058145 0.7000185538436804 0.004629629629629629 0.011111111111111112
0 0.17228071718692312 0.8430243196981538 0.004629629629629629 0.011111111111111112
0 0.8647727272727271 0.155 0.004629629629629629 0.011111111111111112
0 0.7486761111814833 0.27034760566484883 0.004629629629629629 0.011111111111111112
0 0.39662942472942725 0.6201230231720528 0.004629629629629629 0.011111111111111112
0 0.22806769719554845 0.7875972556895842 0.004629629629629629 0.011111111111111112
0 0.4010196204408165 0.615761151303963 0.004629629629629629 0.011111111111111112
0 0.43172656014672467 0.5852523208864799 0.004629629629629629 0.011111111111111112
0 0.16983446476348674 0.8454547898478907 0.004629629629629629 0.011111111111111112
0 0.21583558107710213 0.7997504549298469 0.004629629629629629 0.011111111111111112
0 0.24748910974258323 0.7683011425783367 0.004629629629629629 0.011111111111111112
0 0.26688976287830096 0.7490256549467204 0.004629629629629629 0.011111111111111112
0 0.20801757357081585 0.8075180236780282 0.004629629629629629 0.011111111111111112
0 0.39883396338065685 0.6179327073508313 0.004629629629629629 0.011111111111111112
0 0.348217502827205 0.6682226100942609 0.004629629629629629 0.011111111111111112
0 0.5269431752835637 0.49065000649245927 0.004629629629629629 0.011111111111111112
0 0.16022727272727275 0.855 0.004629629629629629 0.011111111111111112
0 0.5886907527986032 0.4293008004452588 0.004629629629629629 0.011111111111111112
0 0.27350170874942703 0.7424563667908919 0.004629629629629629 0.011111111111111112
0 0.5220625075389727 0.49549918605805304 0.004629629629629629 0.011111111111111112
0 0.33806177887966354 0.6783128132421407 0.004629629629629629 0.011111111111111112
0 0.2181584283078382 0.7974425938102769 0.004629629629629629 0.011111111111111112
0 0.5817204227616476 0.4362261606110083 0.004629629629629629 0.011111111111111112
0 0.22691948931735098 0.788738055775019 0.004629629629629629 0.011111111111111112
0 0.31652319408833224 0.6997124394219151 0.004629629629629629 0.011111111111111112
0 0.3752478971196793 0.6413666054423831 0.004629629629629629 0.011111111111111112
0 0.22215506853588138 0.7934717383578985 0.004629629629629629 0.011111111111111112
0 0.1812942556638652 0.8340689330823533 0.004629629629629629 0.011111111111111112
