0 0.6590845037273816 0.3593612027482791 0.004629629629629629 0.011111111111111112
0 0.6541061670494488 0.3643074211250639 0.004629629629629629 0.011111111111111112
0 0.44799772829535395 0.5690861280162292 0.004629629629629629 0.011111111111111112
0 0.6936060839338043 0.3250623424141559 0.004629629629629629 0.011111111111111112
0 0.6700358241790769 0.3484805359769173 0.004629629629629629 0.011111111111111112
0 0.8290903777644529 0.19045214080176948 0.004629629629629629 0.011111111111111112
0 0.6391487764971254 0.3791683123835012 0.004629629629629629 0.011111111111111112
0 0.8553773190089555 0.1643347927265861 0.004629629629629629 0.011111111111111112
0 0.854496433695811 0.1652099949086785 0.004629629629629629 0.011111111111111112
0 0.20089790756325437 0.8145917563565086 0.004629629629629629 0.011111111111111112
0 0.6600372090814163 0.35841464388039934 0.004629629629629629 0.011111111111111112
0 0.3905663759324682 0.6261469555251609 0.004629629629629629 0.011111111111111112
0 0.6912152922698503 0.32743770961576163 0.004629629629629629 0.011111111111111112
0 0.8647727272727275 0.155 0.004629629629629629 0.011111111111111112
0 0.7780519664228744 0.24116127207017643 0.004629629629629629 0.011111111111111112
0 0.6023782262156653 0.4157016333083068 0.004629629629629629 0.011111111111111112
0 0.8499790896405842 0.16969819480871 0.004629629629629629 0.011111111111111112
0 0.8308728587275498 0.1886811597158537 0.004629629629629629 0.011111111111111112
0 0.746787702867154 0.27222383069973105 0.004629629629629629 0.011111111111111112
0 0.815712744783747 0.20374346647292235 0.004629629629629629 0.011111111111111112
0 0.74022727210056 0.27874193610654036 0.004629629629629629 0.011111111111111112
0 0.6852541109513396 0.33336043169995944 0.004629629629629629 0.011111111111111112
0 0.6891045195770208 0.32953486442025043 0.004629629629629629 0.011111111111111112
0 0.7814683034993931 0.2377669758780223 0.004629629629629629 0.011111111111111112
0 0.661516637557256 0.35694476010440396 0.004629629629629629 0.011111111111111112
0 0.5063672722583591 0.5110931617562111 0.004629629629629629 0.011111111111111112
0 0.7977277165073854 0.22161246230879147 0.004629629629629629 0.011111111111111112
0 0.16022727272727275 0.855 0.004629629629629629 0.011111111111111112
0 0.8104719009405624 0.20895049842034472 0.004629629629629629 0.011111111111111112
0 0.7297825920839685 0.28911923109076704 0.004629629629629629 0.011111111111111112
