0 0.216691032115998 0.7989005229299116 0.004629629629629629 0.011111111111111112
0 0.19565208200134923 0.8198037378825304 0.004629629629629629 0.011111111111111112
0 0.43361504322546823 0.5833760215695347 0.004629629629629629 0.011111111111111112
0 0.2418792986500154 0.773874761341275 0.004629629629629629 0.011111111111111112
0 0.1716468115852856 0.8436541355862324 0.004629629629629629 0.011111111111111112
0 0.8647727272727272 0.1549999999999999 0.004629629629629629 0.011111111111111112
0 0.659477571740792 0.35897067065753563 0.004629629629629629 0.011111111111111112
0 0.20575136008354822 0.8097696164331198 0.004629629629629629 0.011111111111111112
0 0.7587184614212265 0.2603700447814912 0.004629629629629629 0.011111111111111112
0 0.3384212863054202 0.677955625219131 0.004629629629629629 0.011111111111111112
0 0.1947354285747682 0.8207144774160368 0.004629629629629629 0.011111111111111112
0 0.327987226676979 0.6883223683338402 0.004629629629629629 0.011111111111111112
0 0.16792955075812857 0.8473474140854722 0.004629629629629629 0.011111111111111112
0 0.2613312583948045 0.7545482981109685 0.004629629629629629 0.011111111111111112
0 0.19678659215937366 0.8186765471448804 0.004629629629629629 0.011111111111111112
0 0.18134140544662636 0.8340220874917389 0.004629629629629629 0.011111111111111112
0 0.16022727272727272 0.855 0.004629629629629629 0.011111111111111112
0 0.35551021681025174 0.6609769458788467 0.004629629629629629 0.011111111111111112
0 0.24542604016929373 0.7703509020253468 0.004629629629629629 0.011111111111111112
0 0.17746540620691406 0.8378730802847434 0.004629629629629629 0.011111111111111112
0 0.22043560807205978 0.7951801055284052 0.004629629629629629 0.011111111111111112
0 0.31901392431970343 0.6972377784178431 0.004629629629629629 0.011111111111111112
0 0.664075927954435 0.35440198125817424 0.004629629629629629 0.011111111111111112
0 0.18796504160007407 0.8274411844747651 0.004629629629629629 0.011111111111111112
0 0.42960611792650116 0.5873590828343149 0.004629629629629629 0.011111111111111112
0 0.1843482095314817 0.831034682142915 0.004629629629629629 0.011111111111111112
0 0.1908494568821011 0.8245753783235898 0.004629629629629629 0.011111111111111112
0 0.24006707923723644 0.7756752890159071 0.004629629629629629 0.011111111111111112
0 0.5720676427146292 0.4458166646577232 0.004629629629629629 0.011111111111111112
0 0.16287825746884615 0.8523661183857916 0.004629629629629629 0.011111111111111112
