0 0.5094234390056465 0.5080567122137447 0.004629629629629629 0.011111111111111112
0 0.18473630484128664 0.8306490906738183 0.004629629629629629 0.011111111111111112
0 0.3382812871902396 0.6780947211142136 0.004629629629629629 0.011111111111111112
0 0.348804386325906 0.6676395129407128 0.004629629629629629 0.011111111111111112
0 0.23597688216968338 0.7797390977152824 0.004629629629629629 0.011111111111111112
0 0.3559963062634863 0.6604939924866008 0.004629629629629629 0.011111111111111112
0 0.24883142095305724 0.7669674914401883 0.004629629629629629 0.011111111111111112
0 0.1997677438427196 0.8157146286982012 0.004629629629629629 0.011111111111111112
0 0.242616219943192 0.7731425943790222 0.004629629629629629 0.011111111111111112
0 0.21227515416722115 0.8032879113435352 0.004629629629629629 0.011111111111111112
0 0.1815131770147233 0.8338514241273072 0.004629629629629629 0.011111111111111112
0 0.25504832581672443 0.7607906956401577 0.004629629629629629 0.011111111111111112
0 0.1908153208992624 0.8246092940742813 0.004629629629629629 0.011111111111111112
0 0.5643314717938172 0.45350292479840093 0.004629629629629629 0.011111111111111112
0 0.3097352021450202 0.7064566378688187 0.004629629629629629 0.011111111111111112
0 0.2288574390561471 0.7868126089377636 0.004629629629629629 0.011111111111111112
0 0.24760529959234398 0.7681857023405098 0.004629629629629629 0.011111111111111112
0 0.8647727272727272 0.1549999999999999 0.004629629629629629 0.011111111111111112
0 0.5775062744345775 0.4404131208843553 0.004629629629629629 0.011111111111111112
0 0.6518984461155793 0.36650089869806945 0.004629629629629629 0.011111111111111112
0 0.6284518990678888 0.38979617770029107 0.004629629629629629 0.011111111111111112
0 0.16022727272727272 0.855 0.004629629629629629 0.011111111111111112
0 0.2078905846566758 0.8076441933088511 0.004629629629629629 0.011111111111111112
0 0.2371679224351447 0.7785557415805658 0.004629629629629629 0.011111111111111112
0 0.2593737426686882 0.7564931847033679 0.004629629629629629 0.011111111111111112
0 0.24729185650171323 0.7684971232176526 0.004629629629629629 0.011111111111111112
0 0.5203871125557102 0.49716377204142337 0.004629629629629629 0.011111111111111112
0 0.3188256579743313 0.6974248301416321 0.004629629629629629 0.011111111111111112
0 0.278422908190169 0.7375669170239612 0.004629629629629629 0.011111111111111112
0 0.4121956903844965 0.604657185037339 0.004629629629629629 0.011111111111111112
