0 0.24687427555735922 0.7689120100913979 0.004629629629629629 0.011111111111111112
0 0.6529694659415864 0.36543678867739166 0.004629629629629629 0.011111111111111112
0 0.8647727272727272 0.155 0.004629629629629629 0.011111111111111112
0 0.45394735741452386 0.5631748836010537 0.004629629629629629 0.011111111111111112
0 0.31080037357783624 0.7053983385097626 0.004629629629629629 0.011111111111111112
0 0.7270805978166318 0.2918037931370238 0.004629629629629629 0.011111111111111112
0 0.3230616313233183 0.6932161856529613 0.004629629629629629 0.011111111111111112
0 0.49949664718104314 0.5179194602201248 0.004629629629629629 0.011111111111111112
0 0.4267572452634868 0.590189575673697 0.004629629629629629 0.011111111111111112
0 0.596074086404373 0.42196510124984876 0.004629629629629629 0.011111111111111112
0 0.44271707751996275 0.5743327100769402 0.004629629629629629 0.011111111111111112
0 0.41207047360646565 0.604781593965189 0.004629629629629629 0.011111111111111112
0 0.44099834041835206 0.5760403585520889 0.004629629629629629 0.011111111111111112
0 0.6084509502684158 0.40966808812041267 0.004629629629629629 0.011111111111111112
0 0.7022365400561527 0.31648756665388716 0.004629629629629629 0.011111111111111112
0 0.42775639075195393 0.5891968762851555 0.004629629629629629 0.011111111111111112
0 0.6595358464105184 0.3589127719534205 0.004629629629629629 0.011111111111111112
0 0.16022727272727272 0.855 0.004629629629629629 0.011111111111111112
0 0.38375718981453755 0.6329122114100724 0.004629629629629629 0.011111111111111112
0 0.4681618510427858 0.5490520963832967 0.004629629629629629 0.011111111111111112
0 0.5220809995087454 0.495480813391311 0.004629629629629629 0.011111111111111112
0 0.6018452943490651 0.4162311269047999 0.004629629629629629 0.011111111111111112
0 0.5444084755600354 0.4732973855726101 0.004629629629629629 0.011111111111111112
0 0.6421641137195657 0.3761724289495927 0.004629629629629629 0.011111111111111112
0 0.5595799625259362 0.4582237791677795 0.004629629629629629 0.011111111111111112
0 0.6001075459975422 0.4179576639766354 0.004629629629629629 0.011111111111111112
0 0.5473580438590852 0.47036684674645735 0.004629629629629629 0.011111111111111112
0 0.7272537570205525 0.2916317510892575 0.004629629629629629 0.011111111111111112
0 0.4647413723419261 0.5524505074796348 0.004629629629629629 0.011111111111111112
0 0.5343930962632076 0.4832481495191356 0.004629629629629629 0.011111111111111112
