0 0.8553052318306343 0.16440641482633736 0.004629629629629629 0.011111111111111112
0 0.45590142975436976 0.5612334181795294 0.004629629629629629 0.011111111111111112
0 0.1744359274391387 0.8408830140282106 0.004629629629629629 0.011111111111111112
0 0.22304043031956497 0.7925920885857226 0.004629629629629629 0.011111111111111112
0 0.5299244238204113 0.48768799181713984 0.004629629629629629 0.011111111111111112
0 0.2653227949411946 0.7505825134132647 0.004629629629629629 0.011111111111111112
0 0.2129999409094583 0.8025678006447963 0.004629629629629629 0.011111111111111112
0 0.3347015417697774 0.6816513714029309 0.004629629629629629 0.011111111111111112
0 0.33574774942093 0.68061191347856 0.004629629629629629 0.011111111111111112
0 0.4562305359193423 0.5609064352801374 0.004629629629629629 0.011111111111111112
0 0.1719267537706167 0.8433759994795162 0.004629629629629629 0.011111111111111112
0 0.2932284349824804 0.722856909759342 0.004629629629629629 0.011111111111111112
0 0.17327416898872786 0.8420372772628123 0.004629629629629629 0.011111111111111112
0 0.17146937474153157 0.8438304276761558 0.004629629629629629 0.011111111111111112
0 0.8647727272727272 0.155 0.004629629629629629 0.011111111111111112
0 0.30072536695275964 0.7154083450920968 0.004629629629629629 0.011111111111111112
0 0.33859510781265745 0.6777829251409726 0.004629629629629629 0.011111111111111112
0 0.5589376987589274 0.45886189929758187 0.004629629629629629 0.011111111111111112
0 0.22273159726944422 0.7928989291645522 0.004629629629629629 0.011111111111111112
0 0.16265661809845988 0.8525863278247561 0.004629629629629629 0.011111111111111112
0 0.25159465971184325 0.7642220800282332 0.004629629629629629 0.011111111111111112
0 0.2265414851948354 0.7891136211612603 0.004629629629629629 0.011111111111111112
0 0.6668594985779455 0.3516363691548154 0.004629629629629629 0.011111111111111112
0 0.17475926706523262 0.8405617604642205 0.004629629629629629 0.011111111111111112
0 0.205888633840593 0.8096332283132173 0.004629629629629629 0.011111111111111112
0 0.3041690304500665 0.7119868987786436 0.004629629629629629 0.011111111111111112
0 0.5223892049817808 0.4951745963406823 0.004629629629629629 0.011111111111111112
0 0.2505069749325821 0.7653027474863378 0.004629629629629629 0.011111111111111112
0 0.2107977835794491 0.8047557505081603 0.004629629629629629 0.011111111111111112
0 0.16022727272727275 0.855 0.004629629629629629 0.011111111111111112
