0 0.323062173236721 0.693215647235774 0.004629629629629629 0.011111111111111112
0 0.40043066483390305 0.6163463071972836 0.004629629629629629 0.011111111111111112
0 0.2688053692473842 0.7471224073284054 0.004629629629629629 0.011111111111111112
0 0.18894222193772714 0.8264703085263873 0.004629629629629629 0.011111111111111112
0 0.7504667700797136 0.2685684994046716 0.004629629629629629 0.011111111111111112
0 0.39110519673464217 0.6256116109862264 0.004629629629629629 0.011111111111111112
0 0.8647727272727272 0.155 0.004629629629629629 0.011111111111111112
0 0.4918679889999038 0.5254989012517085 0.004629629629629629 0.011111111111111112
0 0.2545894300630999 0.761246630776017 0.004629629629629629 0.011111111111111112
0 0.21265543079050991 0.8029100881178161 0.004629629629629629 0.011111111111111112
0 0.20991813729757183 0.805629721652735 0.004629629629629629 0.011111111111111112
0 0.29040490731208196 0.7256622211221895 0.004629629629629629 0.011111111111111112
0 0.5428862050256007 0.4748098350068226 0.004629629629629629 0.011111111111111112
0 0.34442111635709316 0.6719945037484365 0.004629629629629629 0.011111111111111112
0 0.4816509302061794 0.5356500435370862 0.004629629629629629 0.011111111111111112
0 0.31042734513314096 0.705768960319331 0.004629629629629629 0.011111111111111112
0 0.44098336159059137 0.5760552407422511 0.004629629629629629 0.011111111111111112
0 0.4841348326494553 0.5331821662708637 0.004629629629629629 0.011111111111111112
0 0.19136205420890587 0.8240660880763129 0.004629629629629629 0.011111111111111112
0 0.6306906650422414 0.387571855377386 0.004629629629629629 0.011111111111111112
0 0.5743756261048004 0.44352357148297256 0.004629629629629629 0.011111111111111112
0 0.18667415984755278 0.8287237379579153 0.004629629629629629 0.011111111111111112
0 0.7099527977522597 0.3088210912654968 0.004629629629629629 0.011111111111111112
0 0.46885069714953737 0.5483676944449758 0.004629629629629629 0.011111111111111112
0 0.2643960571856506 0.7515032722155471 0.004629629629629629 0.011111111111111112
0 0.16022727272727275 0.855 0.004629629629629629 0.011111111111111112
0 0.23627780776997714 0.7794401135704743 0.004629629629629629 0.011111111111111112
0 0.32155391076346024 0.6947141789834007 0.004629629629629629 0.011111111111111112
0 0.4145579474323139 0.602310168357572 0.004629629629629629 0.011111111111111112
0 0.4785454243125338 0.5387355139088374 0.004629629629629629 0.011111111111111112
