0 0.45562299527252414 0.5615100563098793 0.004629629629629629 0.011111111111111112
0 0.3332179378848001 0.6831254036499406 0.004629629629629629 0.011111111111111112
0 0.6736740909464021 0.3448657418984135 0.004629629629629629 0.011111111111111112
0 0.1925752492934756 0.8228607200568049 0.004629629629629629 0.011111111111111112
0 0.4157335912862071 0.6011421093027361 0.004629629629629629 0.011111111111111112
0 0.4788027242388646 0.5384798739820312 0.004629629629629629 0.011111111111111112
0 0.8380191572576448 0.18158096633756576 0.004629629629629629 0.011111111111111112
0 0.7751030581971816 0.2440911550815099 0.004629629629629629 0.011111111111111112
0 0.8102911446052382 0.20913008858576337 0.004629629629629629 0.011111111111111112
0 0.280247369867352 0.735754226067276 0.004629629629629629 0.011111111111111112
0 0.19596377637650206 0.8194940544388303 0.004629629629629629 0.011111111111111112
0 0.3578582188551156 0.6586440922342722 0.004629629629629629 0.011111111111111112
0 0.2935409201598843 0.7225464406153407 0.004629629629629629 0.011111111111111112
0 0.16022727272727272 0.855 0.004629629629629629 0.011111111111111112
0 0.38632127482110784 0.6303646688874154 0.004629629629629629 0.011111111111111112
0 0.5958574411965198 0.4221803487466834 0.004629629629629629 0.011111111111111112
0 0.8647727272727271 0.155 0.004629629629629629 0.011111111111111112
0 0.6331632261756885 0.38511524625125126 0.004629629629629629 0.011111111111111112
0 0.7786178429276095 0.24059904638160082 0.004629629629629629 0.011111111111111112
0 0.46351019914484815 0.5536737376238282 0.004629629629629629 0.011111111111111112
0 0.523821476574312 0.4937515652100383 0.004629629629629629 0.011111111111111112
0 0.5276333121409439 0.4899643221309332 0.004629629629629629 0.011111111111111112
0 0.7970209989146827 0.22231462043315378 0.004629629629629629 0.011111111111111112
0 0.4032088133168783 0.613586082252908 0.004629629629629629 0.011111111111111112
0 0.4287878538869085 0.5881720677510714 0.004629629629629629 0.011111111111111112
0 0.7040855980553453 0.3146504380611407 0.004629629629629629 0.011111111111111112
0 0.1611597030402838 0.8540735853664276 0.004629629629629629 0.011111111111111112
0 0.23593217077729917 0.7797835206470705 0.004629629629629629 0.011111111111111112
0 0.4144759917529384 0.6023915952906289 0.004629629629629629 0.011111111111111112
0 0.3011610342286024 0.7149754885728724 0.004629629629629629 0.011111111111111112
