0 0.26260275102783587 0.7532850086562147 0.004629629629629629 0.011111111111111112
0 0.39311971686671077 0.6236100877582358 0.004629629629629629 0.011111111111111112
0 0.1954685852785456 0.8199860507555095 0.004629629629629629 0.011111111111111112
0 0.4602887648627175 0.5568743884589774 0.004629629629629629 0.011111111111111112
0 0.3168369283090871 0.6994007292929071 0.004629629629629629 0.011111111111111112
0 0.22203980529901637 0.7935862579609773 0.004629629629629629 0.011111111111111112
0 0.2595034840989902 0.7563642803145517 0.004629629629629629 0.011111111111111112
0 0.18225339166412846 0.8331159850562854 0.004629629629629629 0.011111111111111112
0 0.2940683956735886 0.7220223681694669 0.004629629629629629 0.011111111111111112
0 0.5222867348368561 0.49527640538789786 0.004629629629629629 0.011111111111111112
0 0.618348219432277 0.3998346723059958 0.004629629629629629 0.011111111111111112
0 0.1737545440683825 0.84156000137722 0.004629629629629629 0.011111111111111112
0 0.7117007818374879 0.3070843844969476 0.004629629629629629 0.011111111111111112
0 0.5883042867720358 0.4296847731426224 0.004629629629629629 0.011111111111111112
0 0.16841159587019786 0.8468684789418679 0.004629629629629629 0.011111111111111112
0 0.20673509094651968 0.8087922322208773 0.004629629629629629 0.011111111111111112
0 0.2911528499176188 0.7249191039528174 0.004629629629629629 0.011111111111111112
0 0.6417787545242741 0.3765553019565276 0.004629629629629629 0.011111111111111112
0 0.3176048940409753 0.698637718178644 0.004629629629629629 0.011111111111111112
0 0.3007090357221305 0.7154245709599478 0.004629629629629629 0.011111111111111112
0 0.8647727272727271 0.155 0.004629629629629629 0.011111111111111112
0 0.17001897271686212 0.8452714722684079 0.004629629629629629 0.011111111111111112
0 0.16022727272727275 0.855 0.004629629629629629 0.011111111111111112
0 0.3000458129554917 0.7160835148700275 0.004629629629629629 0.011111111111111112
0 0.49764532760761865 0.5197588357963014 0.004629629629629629 0.011111111111111112
0 0.49297396861191134 0.5244000569920365 0.004629629629629629 0.011111111111111112
0 0.6778201744454083 0.3407464073252072 0.004629629629629629 0.011111111111111112
0 0.2763857444372758 0.7395909377849003 0.004629629629629629 0.011111111111111112
0 0.7550857496564602 0.26397931969616195 0.004629629629629629 0.011111111111111112
0 0.28015751778415354 0.7358434984596152 0.004629629629629629 0.011111111111111112
