0 0.1720417061457457 0.8432617887326139 0.004629629629629629 0.011111111111111112
0 0.7024748280865549 0.3162508159656163 0.004629629629629629 0.011111111111111112
0 0.2699928279974039 0.7459426096025793 0.004629629629629629 0.011111111111111112
0 0.200284126091998 0.8152015779473052 0.004629629629629629 0.011111111111111112
0 0.1901908970586555 0.825229689373981 0.004629629629629629 0.011111111111111112
0 0.16022727272727275 0.855 0.004629629629629629 0.011111111111111112
0 0.19218410862656005 0.8232493372355468 0.004629629629629629 0.011111111111111112
0 0.29193057462653565 0.7241463968226678 0.004629629629629629 0.011111111111111112
0 0.16543630205008747 0.8498245773179777 0.004629629629629629 0.011111111111111112
0 0.17614682296856493 0.8391831565344581 0.004629629629629629 0.011111111111111112
0 0.24414840931293705 0.7716202901019851 0.004629629629629629 0.011111111111111112
0 0.17235045482852007 0.8429550319768252 0.004629629629629629 0.011111111111111112
0 0.4279401028696583 0.5890143494069201 0.004629629629629629 0.011111111111111112
0 0.18299989225431335 0.8323743005989402 0.004629629629629629 0.011111111111111112
0 0.5579645486201211 0.45982877104839587 0.004629629629629629 0.011111111111111112
0 0.47954275078672776 0.5377446217989931 0.004629629629629629 0.011111111111111112
0 0.3164584986854246 0.6997767174351266 0.004629629629629629 0.011111111111111112
0 0.25398537167526214 0.7618467920129653 0.004629629629629629 0.011111111111111112
0 0.16159954715440825 0.8536365789562653 0.004629629629629629 0.011111111111111112
0 0.2713626241407438 0.7445816508537126 0.004629629629629629 0.011111111111111112
0 0.8647727272727272 0.155 0.004629629629629629 0.011111111111111112
0 0.38158884219931716 0.6350665696858396 0.004629629629629629 0.011111111111111112
0 0.21179664186878433 0.803763336465853 0.004629629629629629 0.011111111111111112
0 0.2538938167861261 0.7619377562253974 0.004629629629629629 0.011111111111111112
0 0.4870025539236593 0.5303329464242351 0.004629629629629629 0.011111111111111112
0 0.43327412776169827 0.5837147375786997 0.004629629629629629 0.011111111111111112
0 0.18063030661733834 0.8347285985866445 0.004629629629629629 0.011111111111111112
0 0.3288221485160053 0.6874928330873238 0.004629629629629629 0.011111111111111112
0 0.2912911651397947 0.7247816810869138 0.004629629629629629 0.011111111111111112
0 0.19380362720120475 0.8216402671678353 0.004629629629629629 0.011111111111111112
