0 0.253534333260108 0.7622949205028605 0.004629629629629629 0.011111111111111112
0 0.6697669675700433 0.348747658027183 0.004629629629629629 0.011111111111111112
0 0.22701406180794748 0.7886440934295232 0.004629629629629629 0.011111111111111112
0 0.7306598113854883 0.2882476712686116 0.004629629629629629 0.011111111111111112
0 0.24396318987897359 0.7718043145718585 0.004629629629629629 0.011111111111111112
0 0.46519153235336624 0.552003251726333 0.004629629629629629 0.011111111111111112
0 0.25740059340241134 0.7584536039743784 0.004629629629629629 0.011111111111111112
0 0.2776194763582372 0.7383651654247192 0.004629629629629629 0.011111111111111112
0 0.22203471932652352 0.7935913111207444 0.004629629629629629 0.011111111111111112
0 0.4759015255726655 0.5413623552374809 0.004629629629629629 0.011111111111111112
0 0.17908576007763874 0.8362631803099589 0.004629629629629629 0.011111111111111112
0 0.3264071535726685 0.6898922474181229 0.004629629629629629 0.011111111111111112
0 0.2777389618886454 0.7382464507687007 0.004629629629629629 0.011111111111111112
0 0.5263025626914687 0.49128648610008924 0.004629629629629629 0.011111111111111112
0 0.8647727272727272 0.155 0.004629629629629629 0.011111111111111112
0 0.16022727272727275 0.855 0.004629629629629629 0.011111111111111112
0 0.2292897847645935 0.7863830525564685 0.004629629629629629 0.011111111111111112
0 0.18139553014846055 0.8339683119815295 0.004629629629629629 0.011111111111111112
0 0.4154074924097304 0.6014661043154936 0.004629629629629629 0.011111111111111112
0 0.726576373350317 0.29230476454226595 0.004629629629629629 0.011111111111111112
0 0.7651575113450039 0.2539725371152865 0.004629629629629629 0.011111111111111112
0 0.6020015533816268 0.41607587599502904 0.004629629629629629 0.011111111111111112
0 0.3037341165436878 0.7124190067888522 0.004629629629629629 0.011111111111111112
0 0.4621786279628886 0.5549967180239687 0.004629629629629629 0.011111111111111112
0 0.23045055692723357 0.7852297692464906 0.004629629629629629 0.011111111111111112
0 0.33254944657411273 0.6837895821134622 0.004629629629629629 0.011111111111111112
0 0.1639564140931628 0.851294917610664 0.004629629629629629 0.011111111111111112
0 0.5180573285470295 0.49947852518553204 0.004629629629629629 0.011111111111111112
0 0.27959118285061596 0.736406179619388 0.004629629629629629 0.011111111111111112
0 0.4277208623428293 0.5892321754787374 0.004629629629629629 0.011111111111111112
