0 0.6202250285385486 0.3979699716455709 0.004629629629629629 0.011111111111111112
0 0.5087494698854841 0.5087263331460351 0.004629629629629629 0.011111111111111112
0 0.7921246156397173 0.22717941413860343 0.004629629629629629 0.011111111111111112
0 0.8647727272727272 0.155 0.004629629629629629 0.011111111111111112
0 0.8014786734926028 0.217885705046059 0.004629629629629629 0.011111111111111112
0 0.5705967618177787 0.4472780560004005 0.004629629629629629 0.011111111111111112
0 0.6395374574663157 0.3787821390334669 0.004629629629629629 0.011111111111111112
0 0.8139938274649116 0.20545129400260395 0.004629629629629629 0.011111111111111112
0 0.2727538633250014 0.7431993874061277 0.004629629629629629 0.011111111111111112
0 0.7354454687826913 0.28349288908042275 0.004629629629629629 0.011111111111111112
0 0.5465325083246234 0.47118705624521284 0.004629629629629629 0.011111111111111112
0 0.6594978301257218 0.35895054297186335 0.004629629629629629 0.011111111111111112
0 0.6440007607292554 0.37434763127544946 0.004629629629629629 0.011111111111111112
0 0.6413206741942694 0.37701042692956455 0.004629629629629629 0.011111111111111112
0 0.8303779861138811 0.18917283960298242 0.004629629629629629 0.011111111111111112
0 0.4940807098569801 0.5233004560130649 0.004629629629629629 0.011111111111111112
0 0.7301877407515516 0.28871669628555513 0.004629629629629629 0.011111111111111112
0 0.18816782242438776 0.827239711913834 0.004629629629629629 0.011111111111111112
0 0.16022727272727275 0.855 0.004629629629629629 0.011111111111111112
0 0.6250170515858335 0.3932088648760105 0.004629629629629629 0.011111111111111112
0 0.4686994592766636 0.5485179565896374 0.004629629629629629 0.011111111111111112
0 0.18488253517078646 0.8305038037657992 0.004629629629629629 0.011111111111111112
0 0.5866215539427284 0.4313566496310956 0.004629629629629629 0.011111111111111112
0 0.4307037420885708 0.5862685401184523 0.004629629629629629 0.011111111111111112
0 0.3652257677421981 0.6513240759206549 0.004629629629629629 0.011111111111111112
0 0.8194923059831205 0.19998828953935116 0.004629629629629629 0.011111111111111112
0 0.4775055808856362 0.5397686486684646 0.004629629629629629 0.011111111111111112
0 0.49754623705542117 0.5198572870546139 0.004629629629629629 0.011111111111111112
0 0.3832572393837525 0.633408936354207 0.004629629629629629 0.011111111111111112
0 0.17606117942361443 0.8392682475404089 0.004629629629629629 0.011111111111111112
