0 0.2284236432823423 0.7872436060291567 0.004629629629629629 0.011111111111111112
0 0.19545882863415753 0.8199957444538049 0.004629629629629629 0.011111111111111112
0 0.16022727272727275 0.855 0.004629629629629629 0.011111111111111112
0 0.2051919509959905 0.8103254164297901 0.004629629629629629 0.011111111111111112
0 0.2774013149907228 0.73858191929954 0.004629629629629629 0.011111111111111112
0 0.26256163057709164 0.7533258638137283 0.004629629629629629 0.011111111111111112
0 0.2725112945356031 0.7434403912355944 0.004629629629629629 0.011111111111111112
0 0.3447014804887282 0.6717159484176507 0.004629629629629629 0.011111111111111112
0 0.23794342002174854 0.7777852472041982 0.004629629629629629 0.011111111111111112
0 0.2528010595465102 0.763023463418306 0.004629629629629629 0.011111111111111112
0 0.31675477493740173 0.6994823526428396 0.004629629629629629 0.011111111111111112
0 0.286793249147948 0.7292505782659098 0.004629629629629629 0.011111111111111112
0 0.19479195142246278 0.8206583192318757 0.004629629629629629 0.011111111111111112
0 0.8647727272727271 0.1550000000000001 0.004629629629629629 0.011111111111111112
0 0.36260894363887547 0.653924017287827 0.004629629629629629 0.011111111111111112
0 0.481985418756164 0.5353177129777469 0.004629629629629629 0.011111111111111112
0 0.37195631173041166 0.6446369547968813 0.004629629629629629 0.011111111111111112
0 0.475522376775965 0.5417390579129122 0.004629629629629629 0.011111111111111112
0 0.2586687988574338 0.7571935804900336 0.004629629629629629 0.011111111111111112
0 0.23105565565516828 0.7846285743813166 0.004629629629629629 0.011111111111111112
0 0.5246132374498161 0.4929649124692149 0.004629629629629629 0.011111111111111112
0 0.20582153372992346 0.809699895519947 0.004629629629629629 0.011111111111111112
0 0.1643182461131756 0.8509354199907804 0.004629629629629629 0.011111111111111112
0 0.3258562978382199 0.6904395492446074 0.004629629629629629 0.011111111111111112
0 0.4873299252172535 0.530007687203503 0.004629629629629629 0.011111111111111112
0 0.2572267102158386 0.7586263653339411 0.004629629629629629 0.011111111111111112
0 0.28755019519110836 0.7284985157456085 0.004629629629629629 0.011111111111111112
0 0.1835887474251401 0.8317892444937317 0.004629629629629629 0.011111111111111112
0 0.27459736368901494 0.7413677805928497 0.004629629629629629 0.011111111111111112
0 0.3921451852010854 0.6245783321227927 0.004629629629629629 0.011111111111111112
