0 0.2752647470102935 0.7407047029704181 0.004629629629629629 0.011111111111111112
0 0.2318930713931428 0.7837965613255226 0.004629629629629629 0.011111111111111112
0 0.16022727272727275 0.855 0.004629629629629629 0.011111111111111112
0 0.570886165434606 0.44699051950368174 0.004629629629629629 0.011111111111111112
0 0.49318189314212796 0.5241934739104019 0.004629629629629629 0.011111111111111112
0 0.4355525716547168 0.5814509933237008 0.004629629629629629 0.011111111111111112
0 0.4364126669193284 0.5805964470607963 0.004629629629629629 0.011111111111111112
0 0.5256504843014863 0.49193435753271697 0.004629629629629629 0.011111111111111112
0 0.4478260342949583 0.5692567143133963 0.004629629629629629 0.011111111111111112
0 0.8647727272727272 0.1550000000000001 0.004629629629629629 0.011111111111111112
0 0.2748242697692559 0.7411423384228039 0.004629629629629629 0.011111111111111112
0 0.4572767405651078 0.5598669803417639 0.004629629629629629 0.011111111111111112
0 0.3283385666754208 0.6879732950450658 0.004629629629629629 0.011111111111111112
0 0.17650288016576998 0.8388293964804607 0.004629629629629629 0.011111111111111112
0 0.6024740365916413 0.4156064410637887 0.004629629629629629 0.011111111111111112
0 0.8564337799216586 0.16328514769073935 0.004629629629629629 0.011111111111111112
0 0.2676698913987374 0.7482505595135126 0.004629629629629629 0.011111111111111112
0 0.40029377811850525 0.6164823107725819 0.004629629629629629 0.011111111111111112
0 0.2585139714603693 0.7573474090006653 0.004629629629629629 0.011111111111111112
0 0.16194858494654915 0.8532897930208481 0.004629629629629629 0.011111111111111112
0 0.4141197986943135 0.6027454903295208 0.004629629629629629 0.011111111111111112
0 0.7207990616966478 0.2980448032175243 0.004629629629629629 0.011111111111111112
0 0.6943839497357851 0.32428949510122 0.004629629629629629 0.011111111111111112
0 0.1602399972916743 0.8549873575295623 0.004629629629629629 0.011111111111111112
0 0.19599183108135312 0.8194661807320749 0.004629629629629629 0.011111111111111112
0 0.5141712045462996 0.5033395774185153 0.004629629629629629 0.011111111111111112
0 0.6978102324478545 0.32088531743890597 0.004629629629629629 0.011111111111111112
0 0.6184139719213546 0.39976934402652525 0.004629629629629629 0.011111111111111112
0 0.6726539853660675 0.34587926615242337 0.004629629629629629 0.011111111111111112
0 0.4379642256852884 0.579054898351391 0.004629629629629629 0.011111111111111112
