0 0.3730461349829645 0.6435541626620868 0.004629629629629629 0.011111111111111112
0 0.4885612648658421 0.5287842916816794 0.004629629629629629 0.011111111111111112
0 0.6102322215172394 0.40789830894416196 0.004629629629629629 0.011111111111111112
0 0.27503352509737605 0.7409344331290586 0.004629629629629629 0.011111111111111112
0 0.35069912523687136 0.6657569981517536 0.004629629629629629 0.011111111111111112
0 0.8515569260127357 0.16813053802605613 0.004629629629629629 0.011111111111111112
0 0.30373912734912656 0.7124140283111904 0.004629629629629629 0.011111111111111112
0 0.8647727272727271 0.155 0.004629629629629629 0.011111111111111112
0 0.4950856854426556 0.5223019641408454 0.004629629629629629 0.011111111111111112
0 0.3571810913342595 0.6593168511904776 0.004629629629629629 0.011111111111111112
0 0.5667506945272439 0.45109930995357694 0.004629629629629629 0.011111111111111112
0 0.47603426006208416 0.5412304770996068 0.004629629629629629 0.011111111111111112
0 0.5505559679579084 0.4671895544160136 0.004629629629629629 0.011111111111111112
0 0.2842447407027557 0.731782644721133 0.004629629629629629 0.011111111111111112
0 0.3318282490827443 0.6845061267177895 0.004629629629629629 0.011111111111111112
0 0.16288149249106315 0.8523629042346856 0.004629629629629629 0.011111111111111112
0 0.3318674709769623 0.6844671578680503 0.004629629629629629 0.011111111111111112
0 0.7543389292015481 0.26472132195459075 0.004629629629629629 0.011111111111111112
0 0.16022727272727275 0.855 0.004629629629629629 0.011111111111111112
0 0.6601235822271773 0.3583288279807398 0.004629629629629629 0.011111111111111112
0 0.2737149683029061 0.7422444831054997 0.004629629629629629 0.011111111111111112
0 0.40547262085625735 0.6113368799234604 0.004629629629629629 0.011111111111111112
0 0.18147917789126866 0.8338852039015783 0.004629629629629629 0.011111111111111112
0 0.2692567898178902 0.7466738991486768 0.004629629629629629 0.011111111111111112
0 0.3578762911934466 0.6586261364916723 0.004629629629629629 0.011111111111111112
0 0.6456129819535573 0.372745811478401 0.004629629629629629 0.011111111111111112
0 0.3045078558575194 0.7116502593415615 0.004629629629629629 0.011111111111111112
0 0.37106884278681707 0.6455186981343881 0.004629629629629629 0.011111111111111112
0 0.5148415297089349 0.5026735769343484 0.004629629629629629 0.011111111111111112
0 0.2730703694332537 0.7428849232727673 0.004629629629629629 0.011111111111111112
