0 0.3573657809076084 0.6591333531627632 0.004629629629629629 0.011111111111111112
0 0.6695430289140455 0.34897015191765796 0.004629629629629629 0.011111111111111112
0 0.28744473651416624 0.7286032940439896 0.004629629629629629 0.011111111111111112
0 0.7540938450379131 0.2649648249300735 0.004629629629629629 0.011111111111111112
0 0.7533542699924918 0.2656996285235889 0.004629629629629629 0.011111111111111112
0 0.5651997390575051 0.45264025925899487 0.004629629629629629 0.011111111111111112
0 0.7340770174354572 0.28485251170928766 0.004629629629629629 0.011111111111111112
0 0.19290816377223047 0.822529953413397 0.004629629629629629 0.011111111111111112
0 0.3184489753641887 0.6977990825413867 0.004629629629629629 0.011111111111111112
0 0.40346597218544805 0.6133305824738129 0.004629629629629629 0.011111111111111112
0 0.3287930434329263 0.6875217503956733 0.004629629629629629 0.011111111111111112
0 0.5839909904236561 0.4339702417726255 0.004629629629629629 0.011111111111111112
0 0.4765933020152019 0.5406750418687671 0.004629629629629629 0.011111111111111112
0 0.2962399771922741 0.7198647968541277 0.004629629629629629 0.011111111111111112
0 0.42426775710438475 0.5926630026188693 0.004629629629629629 0.011111111111111112
0 0.3498216834943265 0.6666287789798305 0.004629629629629629 0.011111111111111112
0 0.8647727272727272 0.155 0.004629629629629629 0.011111111111111112
0 0.5340116764568321 0.4836271085525668 0.004629629629629629 0.011111111111111112
0 0.42330123717146567 0.593623286939318 0.004629629629629629 0.011111111111111112
0 0.43675837986052934 0.5802529645256677 0.004629629629629629 0.011111111111111112
0 0.16022727272727272 0.855 0.004629629629629629 0.011111111111111112
0 0.48711214225533583 0.5302240651140535 0.004629629629629629 0.011111111111111112
0 0.30060509322471896 0.7155278428606018 0.004629629629629629 0.011111111111111112
0 0.19886089067433313 0.8166156312009851 0.004629629629629629 0.011111111111111112
0 0.6045900946533086 0.413504034989616 0.004629629629629629 0.011111111111111112
0 0.28517244282490284 0.7308609277739674 0.004629629629629629 0.011111111111111112
0 0.2907378333334892 0.7253314430105979 0.004629629629629629 0.011111111111111112
0 0.7137593319626034 0.30503911534038103 0.004629629629629629 0.011111111111111112
0 0.7436425922088089 0.2753486503215705 0.004629629629629629 0.011111111111111112
0 0.610799812447933 0.4073343798904407 0.004629629629629629 0.011111111111111112
