0 0.7894719044837178 0.22981501102908033 0.004629629629629629 0.011111111111111112
0 0.7788290294450572 0.2403892223578142 0.004629629629629629 0.011111111111111112
0 0.8246071688328438 0.19490642580478743 0.004629629629629629 0.011111111111111112
0 0.6283759865997115 0.3898716004106093 0.004629629629629629 0.011111111111111112
0 0.6904095065768312 0.3282382966914064 0.004629629629629629 0.011111111111111112
0 0.36014087990854704 0.6563761580263467 0.004629629629629629 0.011111111111111112
0 0.32584885424597454 0.690446944813677 0.004629629629629629 0.011111111111111112
0 0.5246181893477425 0.4929599925190171 0.004629629629629629 0.011111111111111112
0 0.4360683513589083 0.5809385412305039 0.004629629629629629 0.011111111111111112
0 0.23722435574757322 0.7784996723540241 0.004629629629629629 0.011111111111111112
0 0.30808532562321295 0.7080958700259692 0.004629629629629629 0.011111111111111112
0 0.282350373982293 0.7336647897208186 0.004629629629629629 0.011111111111111112
0 0.3099273284997656 0.7062657510389425 0.004629629629629629 0.011111111111111112
0 0.3467140961655491 0.6697163173580996 0.004629629629629629 0.011111111111111112
0 0.8015437825821501 0.2178210160151541 0.004629629629629629 0.011111111111111112
0 0.6817343420980868 0.33685749236706214 0.004629629629629629 0.011111111111111112
0 0.48100402627921823 0.5362927738903251 0.004629629629629629 0.011111111111111112
0 0.6650555746262141 0.3534286548875034 0.004629629629629629 0.011111111111111112
0 0.5739088817296057 0.44398730460413366 0.004629629629629629 0.011111111111111112
0 0.5557864367361907 0.4619928305975913 0.004629629629629629 0.011111111111111112
0 0.31388253864671534 0.7023360583768118 0.004629629629629629 0.011111111111111112
0 0.7297626509385253 0.2891390435836587 0.004629629629629629 0.011111111111111112
0 0.6356242588565809 0.38267009120055834 0.004629629629629629 0.011111111111111112
0 0.16022727272727272 0.855 0.004629629629629629 0.011111111111111112
0 0.6393434426044248 0.37897490218657137 0.004629629629629629 0.011111111111111112
0 0.4603275124677687 0.5568358908384751 0.004629629629629629 0.011111111111111112
0 0.24113810304891198 0.7746111750352745 0.004629629629629629 0.011111111111111112
0 0.8647727272727271 0.1550000000000001 0.004629629629629629 0.011111111111111112
0 0.4487777681499483 0.5683111206768255 0.004629629629629629 0.011111111111111112
0 0.7693717336752927 0.2497855033161609 0.004629629629629629 0.011111111111111112
