0 0.2000491723394063 0.8154350158692351 0.004629629629629629 0.011111111111111112
0 0.17850989505539758 0.836835330073992 0.004629629629629629 0.011111111111111112
0 0.18567365000026897 0.8297177929029586 0.004629629629629629 0.011111111111111112
0 0.17646718707079728 0.8388648592974014 0.004629629629629629 0.011111111111111112
0 0.34642817191447683 0.6700003969365844 0.004629629629629629 0.011111111111111112
0 0.2404863123706668 0.7752587606123698 0.004629629629629629 0.011111111111111112
0 0.1895735635103855 0.8258430401251653 0.004629629629629629 0.011111111111111112
0 0.3318158339320688 0.6845184617707186 0.004629629629629629 0.011111111111111112
0 0.22530664666405997 0.7903404929918372 0.004629629629629629 0.011111111111111112
0 0.40417748495996686 0.612623660104291 0.004629629629629629 0.011111111111111112
0 0.29391950226505625 0.7221703009753635 0.004629629629629629 0.011111111111111112
0 0.16022727272727272 0.855 0.004629629629629629 0.011111111111111112
0 0.3412657758931336 0.6751294871771447 0.004629629629629629 0.011111111111111112
0 0.31664934055198396 0.6995871068064159 0.004629629629629629 0.011111111111111112
0 0.5763273092879497 0.44158447980423055 0.004629629629629629 0.011111111111111112
0 0.27231151946227017 0.7436388774374864 0.004629629629629629 0.011111111111111112
0 0.26033330677316174 0.7555398113350522 0.004629629629629629 0.011111111111111112
0 0.3037054604416231 0.7124474780128389 0.004629629629629629 0.011111111111111112
0 0.20761701129017016 0.8079160016858955 0.004629629629629629 0.011111111111111112
0 0.25788098836159995 0.7579763083375072 0.004629629629629629 0.011111111111111112
0 0.30118302755086596 0.7149536371430106 0.004629629629629629 0.011111111111111112
0 0.693842054379034 0.32482789435889525 0.004629629629629629 0.011111111111111112
0 0.18714897450815346 0.8282519866177056 0.004629629629629629 0.011111111111111112
0 0.8647727272727272 0.155 0.004629629629629629 0.011111111111111112
0 0.34830881284746423 0.6681318891709066 0.004629629629629629 0.011111111111111112
0 0.5702483064311408 0.44762426328776983 0.004629629629629629 0.011111111111111112
0 0.2435211586262711 0.7722434940100275 0.004629629629629629 0.011111111111111112
0 0.3232520516330376 0.6930269938613691 0.004629629629629629 0.011111111111111112
0 0.21712942186266265 0.7984649615041933 0.004629629629629629 0.011111111111111112
0 0.30202372646176767 0.7141183620960502 0.004629629629629629 0.011111111111111112
