0 0.2260538272921335 0.7895981328839448 0.004629629629629629 0.011111111111111112
0 0.8494063088548034 0.1702672802345826 0.004629629629629629 0.011111111111111112
0 0.16049957488472957 0.8547294546306559 0.004629629629629629 0.011111111111111112
0 0.4193612623478515 0.5975378425705218 0.004629629629629629 0.011111111111111112
0 0.8647727272727272 0.155 0.004629629629629629 0.011111111111111112
0 0.3118245231624936 0.7043807963417805 0.004629629629629629 0.011111111111111112
0 0.5844487387665077 0.43351544664488917 0.004629629629629629 0.011111111111111112
0 0.5072750468755601 0.5101912437494435 0.004629629629629629 0.011111111111111112
0 0.6273074270560469 0.39093326602173406 0.004629629629629629 0.011111111111111112
0 0.24463300318030454 0.7711388226466652 0.004629629629629629 0.011111111111111112
0 0.3832055047946437 0.6334603371717734 0.004629629629629629 0.011111111111111112
0 0.6510349977589329 0.367358776420157 0.004629629629629629 0.011111111111111112
0 0.5913148582213076 0.4266936247349589 0.004629629629629629 0.011111111111111112
0 0.31915161473382536 0.6971009763289735 0.004629629629629629 0.011111111111111112
0 0.6939798012186268 0.3246910362085902 0.004629629629629629 0.011111111111111112
0 0.3730580524884374 0.6435423220437461 0.004629629629629629 0.011111111111111112
0 0.19029383400777347 0.8251274165342122 0.004629629629629629 0.011111111111111112
0 0.5555140203138487 0.4622634894946278 0.004629629629629629 0.011111111111111112
0 0.7124367953415555 0.30635311946709975 0.004629629629629629 0.011111111111111112
0 0.8288927477711657 0.19064849576284176 0.004629629629629629 0.011111111111111112
0 0.4755377252139389 0.5417238084971188 0.004629629629629629 0.011111111111111112
0 0.47352882696642523 0.5437197461107776 0.004629629629629629 0.011111111111111112
0 0.31986694888183576 0.6963902572399825 0.004629629629629629 0.011111111111111112
0 0.6202696597341923 0.39792562839312506 0.004629629629629629 0.011111111111111112
0 0.6224421801066478 0.3957671242811371 0.004629629629629629 0.011111111111111112
0 0.16022727272727275 0.855 0.004629629629629629 0.011111111111111112
0 0.8137194019711353 0.20572394900932364 0.004629629629629629 0.011111111111111112
0 0.40369323854193595 0.6131047823518829 0.004629629629629629 0.011111111111111112
0 0.7999453261912413 0.21940915978418615 0.004629629629629629 0.011111111111111112
0 0.7369929576793586 0.28195538398308895 0.004629629629629629 0.011111111111111112
