0 0.5179800665381151 0.4995552887298727 0.004629629629629629 0.011111111111111112
0 0.20384622067308475 0.8116624646215803 0.004629629629629629 0.011111111111111112
0 0.6913659718707618 0.32728800214130765 0.004629629629629629 0.011111111111111112
0 0.2664459746628385 0.7494665800124057 0.004629629629629629 0.011111111111111112
0 0.4470422259123281 0.5700354658677514 0.004629629629629629 0.011111111111111112
0 0.5044737009764233 0.512974516449231 0.004629629629629629 0.011111111111111112
0 0.47212006550290025 0.5451194187906668 0.004629629629629629 0.011111111111111112
0 0.2900328980099653 0.7260318303642925 0.004629629629629629 0.011111111111111112
0 0.5078023757299923 0.5096673170166529 0.004629629629629629 0.011111111111111112
0 0.38134779951733383 0.6353060572537458 0.004629629629629629 0.011111111111111112
0 0.17117668567999578 0.8441212284211654 0.004629629629629629 0.011111111111111112
0 0.8647727272727272 0.155 0.004629629629629629 0.011111111111111112
0 0.3285697722146425 0.6877435811544842 0.004629629629629629 0.011111111111111112
0 0.4038311984718249 0.6129677124860579 0.004629629629629629 0.011111111111111112
0 0.16022727272727275 0.855 0.004629629629629629 0.011111111111111112
0 0.5142787819501916 0.5032326940623904 0.004629629629629629 0.011111111111111112
0 0.48933295337115584 0.528017581811884 0.004629629629629629 0.011111111111111112
0 0.6428328607353222 0.3755079964307122 0.004629629629629629 0.011111111111111112
0 0.47093754982383945 0.5462943053363143 0.004629629629629629 0.011111111111111112
0 0.6681094077786929 0.3503945238843953 0.004629629629629629 0.011111111111111112
0 0.668548175366829 0.3499585870548924 0.004629629629629629 0.011111111111111112
0 0.31617763842443153 0.7000557656944357 0.004629629629629629 0.011111111111111112
0 0.32127966941856984 0.6949866510292919 0.004629629629629629 0.011111111111111112
0 0.8242787174781218 0.19523275811851123 0.004629629629629629 0.011111111111111112
0 0.8336647843275743 0.18590724653905522 0.004629629629629629 0.011111111111111112
0 0.31994706063463474 0.6963106623372016 0.004629629629629629 0.011111111111111112
0 0.805397837580101 0.21399182588815768 0.004629629629629629 0.011111111111111112
0 0.6528699133143919 0.3655356990295719 0.004629629629629629 0.011111111111111112
0 0.2526098464087257 0.7632134429229435 0.004629629629629629 0.011111111111111112
0 0.2698109695005866 0.7461232948187722 0.004629629629629629 0.011111111111111112
