0 0.5046611683889388 0.5127882585038929 0.004629629629629629 0.011111111111111112
0 0.3886107672819764 0.6280899473456492 0.004629629629629629 0.011111111111111112
0 0.6627661339547967 0.35570332497394386 0.004629629629629629 0.011111111111111112
0 0.7531277268497935 0.2659247100976245 0.004629629629629629 0.011111111111111112
0 0.8025277308772142 0.21684341577360647 0.004629629629629629 0.011111111111111112
0 0.5570712710250016 0.4607162855622564 0.004629629629629629 0.011111111111111112
0 0.46194671286431976 0.555227136896095 0.004629629629629629 0.011111111111111112
0 0.51239084764964 0.5051084481416479 0.004629629629629629 0.011111111111111112
0 0.5540515857512014 0.46371648899558043 0.004629629629629629 0.011111111111111112
0 0.6613081082574901 0.35715194405384854 0.004629629629629629 0.011111111111111112
0 0.40497828455193996 0.6118280269612983 0.004629629629629629 0.011111111111111112
0 0.32065496727867193 0.6956073228328032 0.004629629629629629 0.011111111111111112
0 0.5808008861929201 0.4371397646857438 0.004629629629629629 0.011111111111111112
0 0.3749219164532835 0.6416904830077054 0.004629629629629629 0.011111111111111112
0 0.6420015475921172 0.37633394626331573 0.004629629629629629 0.011111111111111112
0 0.5433197118663687 0.47437912498438195 0.004629629629629629 0.011111111111111112
0 0.5165303878035069 0.5009956146984511 0.004629629629629629 0.011111111111111112
0 0.4513951433149184 0.5657106318032422 0.004629629629629629 0.011111111111111112
0 0.8647727272727271 0.1550000000000001 0.004629629629629629 0.011111111111111112
0 0.4797069830131761 0.5375814491352959 0.004629629629629629 0.011111111111111112
0 0.43015352138921853 0.5868152110068409 0.004629629629629629 0.011111111111111112
0 0.7263952948774287 0.2924846747669417 0.004629629629629629 0.011111111111111112
0 0.16022727272727266 0.855 0.004629629629629629 0.011111111111111112
0 0.4601952909035062 0.5569672593603873 0.004629629629629629 0.011111111111111112
0 0.4447788279942362 0.5722842612186297 0.004629629629629629 0.011111111111111112
0 0.17054297419256684 0.8447508514473852 0.004629629629629629 0.011111111111111112
0 0.6090939592637935 0.4090292275701664 0.004629629629629629 0.011111111111111112
0 0.5571977316335943 0.4605906408285579 0.004629629629629629 0.011111111111111112
0 0.30758138811532154 0.7085965563241321 0.004629629629629629 0.011111111111111112
0 0.49388850585870303 0.5234914199855466 0.004629629629629629 0.011111111111111112
