0 0.2491401971528819 0.7666607073448786 0.004629629629629629 0.011111111111111112
0 0.30608876654299005 0.710079548079868 0.004629629629629629 0.011111111111111112
0 0.7562920567723556 0.2627807952068208 0.004629629629629629 0.011111111111111112
0 0.1849762360486667 0.8304107074097118 0.004629629629629629 0.011111111111111112
0 0.4971350442285538 0.5202658270245337 0.004629629629629629 0.011111111111111112
0 0.5917896426164433 0.42622190346495314 0.004629629629629629 0.011111111111111112
0 0.7896197275321765 0.2296681416777085 0.004629629629629629 0.011111111111111112
0 0.17360883400417024 0.8417047713765019 0.004629629629629629 0.011111111111111112
0 0.43894388311105986 0.5780815612961082 0.004629629629629629 0.011111111111111112
0 0.7414164322823988 0.27756044792587475 0.004629629629629629 0.011111111111111112
0 0.805013500591484 0.2143736832832999 0.004629629629629629 0.011111111111111112
0 0.8647727272727272 0.155 0.004629629629629629 0.011111111111111112
0 0.16022727272727272 0.855 0.004629629629629629 0.011111111111111112
0 0.19923631650619236 0.816242627471267 0.004629629629629629 0.011111111111111112
0 0.35301648572381233 0.6634545883776316 0.004629629629629629 0.011111111111111112
0 0.5804225064744735 0.43751570324471684 0.004629629629629629 0.011111111111111112
0 0.3997477564412993 0.6170248097292897 0.004629629629629629 0.011111111111111112
0 0.3757934906792643 0.6408245318412471 0.004629629629629629 0.011111111111111112
0 0.7095564324673315 0.3092148993550384 0.004629629629629629 0.011111111111111112
0 0.21724815662062336 0.798346992776929 0.004629629629629629 0.011111111111111112
0 0.3836990416832989 0.6329699843920773 0.004629629629629629 0.011111111111111112
0 0.33905838120212695 0.6773226406120803 0.004629629629629629 0.011111111111111112
0 0.19727728551875012 0.8181890195491128 0.004629629629629629 0.011111111111111112
0 0.249230635760238 0.7665708522124087 0.004629629629629629 0.011111111111111112
0 0.6717254267920201 0.346801834025993 0.004629629629629629 0.011111111111111112
0 0.6497115543259061 0.3686736815084546 0.004629629629629629 0.011111111111111112
0 0.16417928446314584 0.8510734851140358 0.004629629629629629 0.011111111111111112
0 0.808584249998818 0.21082597096891642 0.004629629629629629 0.011111111111111112
0 0.3337581860020748 0.6825886410043902 0.004629629629629629 0.011111111111111112
0 0.16422202913518485 0.8510310162140744 0.004629629629629629 0.011111111111111112
