0 0.7313196754293572 0.2875920644121227 0.004629629629629629 0.011111111111111112
0 0.8484762954350206 0.17119129356778626 0.004629629629629629 0.011111111111111112
0 0.5937062623780712 0.42431764899211 0.004629629629629629 0.011111111111111112
0 0.7693848431401031 0.24977247842854286 0.004629629629629629 0.011111111111111112
0 0.8277405081054272 0.1917933016242853 0.004629629629629629 0.011111111111111112
0 0.8130435534867092 0.20639543718094705 0.004629629629629629 0.011111111111111112
0 0.4430796850647436 0.5739724419356742 0.004629629629629629 0.011111111111111112
0 0.8352268003117712 0.184355308077337 0.004629629629629629 0.011111111111111112
0 0.8373736717058001 0.18222228746649535 0.004629629629629629 0.011111111111111112
0 0.3996435787709255 0.617128315285661 0.004629629629629629 0.011111111111111112
0 0.645715810999511 0.37264364584564713 0.004629629629629629 0.011111111111111112
0 0.8163896700085315 0.20307090850765258 0.004629629629629629 0.011111111111111112
0 0.7153632189292884 0.30344557603154587 0.004629629629629629 0.011111111111111112
0 0.8356407807441916 0.18394399848641593 0.004629629629629629 0.011111111111111112
0 0.5440364100514871 0.4736670506585224 0.004629629629629629 0.011111111111111112
0 0.7516066524120975 0.26743597115185164 0.004629629629629629 0.011111111111111112
0 0.8588033563059189 0.16093085889605482 0.004629629629629629 0.011111111111111112
0 0.6459641591157489 0.3723968999753206 0.004629629629629629 0.011111111111111112
0 0.16022727272727272 0.855 0.004629629629629629 0.011111111111111112
0 0.8096748461696779 0.2097424109023848 0.004629629629629629 0.011111111111111112
0 0.8647727272727271 0.15500000000000022 0.004629629629629629 0.011111111111111112
0 0.41197401086272684 0.6048774343686455 0.004629629629629629 0.011111111111111112
0 0.8025737140027883 0.21679772931335878 0.004629629629629629 0.011111111111111112
0 0.8269918929724104 0.19253708698225044 0.004629629629629629 0.011111111111111112
0 0.8423625528788535 0.17726559262359068 0.004629629629629629 0.011111111111111112
0 0.8046782369173388 0.21470678396599896 0.004629629629629629 0.011111111111111112
0 0.8411940369984304 0.17842656969188192 0.004629629629629629 0.011111111111111112
0 0.6244268329566568 0.39379527564306366 0.004629629629629629 0.011111111111111112
0 0.35405638477052614 0.6624213983570255 0.004629629629629629 0.011111111111111112
0 0.2552470570157455 0.7605932465779044 0.004629629629629629 0.011111111111111112
