0 0.4417534576649899 0.575290113029623 0.004629629629629629 0.011111111111111112
0 0.3824874576605424 0.6341737517437193 0.004629629629629629 0.011111111111111112
0 0.5299866583525522 0.4876261587981094 0.004629629629629629 0.011111111111111112
0 0.2973786602011351 0.7187334601872594 0.004629629629629629 0.011111111111111112
0 0.25267893971470085 0.7631447953802327 0.004629629629629629 0.011111111111111112
0 0.3121693504650388 0.7040381937315099 0.004629629629629629 0.011111111111111112
0 0.6632069085343996 0.35526539410130614 0.004629629629629629 0.011111111111111112
0 0.19715661296018988 0.8183089135750372 0.004629629629629629 0.011111111111111112
0 0.3237257593623896 0.6925563423109161 0.004629629629629629 0.011111111111111112
0 0.2953355757688385 0.7207633634296701 0.004629629629629629 0.011111111111111112
0 0.45626072798767014 0.5608764379993472 0.004629629629629629 0.011111111111111112
0 0.30892274205950854 0.7072638562763593 0.004629629629629629 0.011111111111111112
0 0.3678895818756862 0.6486774476848022 0.004629629629629629 0.011111111111111112
0 0.16022727272727275 0.855 0.004629629629629629 0.011111111111111112
0 0.27490829039520337 0.7410588598654109 0.004629629629629629 0.011111111111111112
0 0.3429739314841061 0.6734323519448236 0.004629629629629629 0.011111111111111112
0 0.44679103413851107 0.5702850370494794 0.004629629629629629 0.011111111111111112
0 0.299912119444741 0.7162163458419993 0.004629629629629629 0.011111111111111112
0 0.3545810286549287 0.6619001392718774 0.004629629629629629 0.011111111111111112
0 0.2132630218616119 0.8023064169891082 0.004629629629629629 0.011111111111111112
0 0.24847841151966 0.7673182233933701 0.004629629629629629 0.011111111111111112
0 0.31452403211125085 0.7016987035797895 0.004629629629629629 0.011111111111111112
0 0.422423646912777 0.59449521532537 0.004629629629629629 0.011111111111111112
0 0.8647727272727272 0.155 0.004629629629629629 0.011111111111111112
0 0.732090499914082 0.2868262129885895 0.004629629629629629 0.011111111111111112
0 0.18557993552348026 0.8298109027702196 0.004629629629629629 0.011111111111111112
0 0.44625458944765806 0.570818020806843 0.004629629629629629 0.011111111111111112
0 0.37695316609894064 0.6396723381984718 0.004629629629629629 0.011111111111111112
0 0.25952833410916054 0.7563395906270276 0.004629629629629629 0.011111111111111112
0 0.44106848131091697 0.5759706701814116 0.004629629629629629 0.011111111111111112
