0 0.5485610746313779 0.46917157746301813 0.004629629629629629 0.011111111111111112
0 0.16608005722434785 0.849184975402906 0.004629629629629629 0.011111111111111112
0 0.83560995304945 0.1839746272928047 0.004629629629629629 0.011111111111111112
0 0.21330724574007065 0.8022624784259943 0.004629629629629629 0.011111111111111112
0 0.5121806156098775 0.5053173238456701 0.004629629629629629 0.011111111111111112
0 0.39416484320096806 0.6225717041745221 0.004629629629629629 0.011111111111111112
0 0.2829535171029441 0.7330655378461072 0.004629629629629629 0.011111111111111112
0 0.20073273956172621 0.8147558587580269 0.004629629629629629 0.011111111111111112
0 0.17722028625916142 0.8381166188134783 0.004629629629629629 0.011111111111111112
0 0.1910904457201614 0.8243359442522267 0.004629629629629629 0.011111111111111112
0 0.3530092650278783 0.6634617624884306 0.004629629629629629 0.011111111111111112
0 0.1697511978693604 0.8455375195362484 0.004629629629629629 0.011111111111111112
0 0.3893362713386988 0.6273691239602606 0.004629629629629629 0.011111111111111112
0 0.5155908729313723 0.501929068184314 0.004629629629629629 0.011111111111111112
0 0.7775760755997965 0.24163409262987967 0.004629629629629629 0.011111111111111112
0 0.31990521851407405 0.6963522345085974 0.004629629629629629 0.011111111111111112
0 0.1919970935613142 0.8234351457519847 0.004629629629629629 0.011111111111111112
0 0.8647727272727272 0.1550000000000001 0.004629629629629629 0.011111111111111112
0 0.3888951256237581 0.6278074235738145 0.004629629629629629 0.011111111111111112
0 0.16022727272727275 0.855 0.004629629629629629 0.011111111111111112
0 0.16980398882532663 0.845485069167095 0.004629629629629629 0.011111111111111112
0 0.6989153627540373 0.3197873170056662 0.004629629629629629 0.011111111111111112
0 0.23202715718457181 0.7836633406037158 0.004629629629629629 0.011111111111111112
0 0.29743125464270037 0.7186812050646719 0.004629629629629629 0.011111111111111112
0 0.7200229573493646 0.2988159004399862 0.004629629629629629 0.011111111111111112
0 0.35496895803374723 0.6615147126632447 0.004629629629629629 0.011111111111111112
0 0.19207036517704387 0.8233623468563565 0.004629629629629629 0.011111111111111112
0 0.5573288672843412 0.4604603512142676 0.004629629629629629 0.011111111111111112
0 0.23162566376228833 0.7840622437458555 0.004629629629629629 0.011111111111111112
0 0.1985547061132386 0.8169198403778146 0.004629629629629629 0.011111111111111112
