0 0.17921147085161102 0.836138280573238 0.004629629629629629 0.011111111111111112
0 0.16022727272727275 0.855 0.004629629629629629 0.011111111111111112
0 0.19304193271326264 0.8223970474977907 0.004629629629629629 0.011111111111111112
0 0.29975630147511634 0.7163711585344006 0.004629629629629629 0.011111111111111112
0 0.8647727272727272 0.1550000000000001 0.004629629629629629 0.011111111111111112
0 0.6212479370097878 0.39695366258382386 0.004629629629629629 0.011111111111111112
0 0.379537309581547 0.6371048666093018 0.004629629629629629 0.011111111111111112
0 0.23526725429608789 0.7804441473445319 0.004629629629629629 0.011111111111111112
0 0.48072953533977963 0.536565493920477 0.004629629629629629 0.011111111111111112
0 0.23329247199877032 0.7824061891108992 0.004629629629629629 0.011111111111111112
0 0.23774498734201147 0.7779823996730983 0.004629629629629629 0.011111111111111112
0 0.37278931131250004 0.6438093294056452 0.004629629629629629 0.011111111111111112
0 0.2631239200237382 0.7527672020409312 0.004629629629629629 0.011111111111111112
0 0.22389658659215583 0.7917414559019872 0.004629629629629629 0.011111111111111112
0 0.42454029714177544 0.5923922209043005 0.004629629629629629 0.011111111111111112
0 0.1957551873983623 0.8197012976816271 0.004629629629629629 0.011111111111111112
0 0.220402828091683 0.7952126740250376 0.004629629629629629 0.011111111111111112
0 0.3350618234851597 0.6812934140857123 0.004629629629629629 0.011111111111111112
0 0.21308897658855752 0.8024793393894332 0.004629629629629629 0.011111111111111112
0 0.642486788929038 0.3758518355156655 0.004629629629629629 0.011111111111111112
0 0.30920183355007685 0.7069865653760526 0.004629629629629629 0.011111111111111112
0 0.26454724554231795 0.7513530592676325 0.004629629629629629 0.011111111111111112
0 0.17124325304077206 0.844055090527233 0.004629629629629629 0.011111111111111112
0 0.17603516533496213 0.8392940937962312 0.004629629629629629 0.011111111111111112
0 0.2474317289148487 0.7683581532071826 0.004629629629629629 0.011111111111111112
0 0.19719731537705792 0.8182684737544069 0.004629629629629629 0.011111111111111112
0 0.19609821920523454 0.8193604789831863 0.004629629629629629 0.011111111111111112
0 0.48906025220153215 0.528288523619123 0.004629629629629629 0.011111111111111112
0 0.23640826497025041 0.7793104980295578 0.004629629629629629 0.011111111111111112
0 0.5880232969500415 0.42996395012705557 0.004629629629629629 0.011111111111111112
