0 0.2767227071596837 0.73925614901554 0.004629629629629629 0.011111111111111112
0 0.3528938479613605 0.6635764349287129 0.004629629629629629 0.011111111111111112
0 0.6468240531934754 0.37154255360132116 0.004629629629629629 0.011111111111111112
0 0.6735302373847787 0.3450086673725425 0.004629629629629629 0.011111111111111112
0 0.4709953797409188 0.546236848515474 0.004629629629629629 0.011111111111111112
0 0.3029989467515026 0.71314943355012 0.004629629629629629 0.011111111111111112
0 0.5234091912186358 0.4941611906601941 0.004629629629629629 0.011111111111111112
0 0.6454041545046236 0.37295329165347063 0.004629629629629629 0.011111111111111112
0 0.6744672754744379 0.34407767468991335 0.004629629629629629 0.011111111111111112
0 0.38072420665424317 0.6359256269370744 0.004629629629629629 0.011111111111111112
0 0.5000497397162675 0.5173699360238374 0.004629629629629629 0.011111111111111112
0 0.507973525504898 0.5094972714338432 0.004629629629629629 0.011111111111111112
0 0.5421246632577185 0.47556646360200877 0.004629629629629629 0.011111111111111112
0 0.8647727272727272 0.155 0.004629629629629629 0.011111111111111112
0 0.16022727272727266 0.855 0.004629629629629629 0.011111111111111112
0 0.5683370688249464 0.44952317032876293 0.004629629629629629 0.011111111111111112
0 0.5546282692309367 0.4631435260544242 0.004629629629629629 0.011111111111111112
0 0.7035921356508957 0.31514071683717465 0.004629629629629629 0.011111111111111112
0 0.509521811991895 0.5079589738919237 0.004629629629629629 0.011111111111111112
0 0.5259776260710063 0.4916093263552582 0.004629629629629629 0.011111111111111112
0 0.48299272553705125 0.5343169049502846 0.004629629629629629 0.011111111111111112
0 0.5997187146979404 0.4183439866872077 0.004629629629629629 0.011111111111111112
0 0.5010658100596298 0.516360420973013 0.004629629629629629 0.011111111111111112
0 0.32299585026972066 0.6932815423126646 0.004629629629629629 0.011111111111111112
0 0.5556467988971547 0.4621315675473429 0.004629629629629629 0.011111111111111112
0 0.6044493195868221 0.413643901829867 0.004629629629629629 0.011111111111111112
0 0.8082035297705499 0.21120423493764726 0.004629629629629629 0.011111111111111112
0 0.4228979580467577 0.5940239642632213 0.004629629629629629 0.011111111111111112
0 0.6346147641418349 0.3836730730461768 0.004629629629629629 0.011111111111111112
0 0.429094119360905 0.5878677781833589 0.004629629629629629 0.011111111111111112
