0 0.16022727272727275 0.855 0.004629629629629629 0.011111111111111112
0 0.23500108587954874 0.7807085985454807 0.004629629629629629 0.011111111111111112
0 0.24463090480446326 0.7711409074845978 0.004629629629629629 0.011111111111111112
0 0.5540747234810229 0.4636935005414354 0.004629629629629629 0.011111111111111112
0 0.2019513014582421 0.8135451585511659 0.004629629629629629 0.011111111111111112
0 0.2824941412296537 0.7335219500040859 0.004629629629629629 0.011111111111111112
0 0.2937605483739374 0.7223282293575073 0.004629629629629629 0.011111111111111112
0 0.17982981302162535 0.8355239277075465 0.004629629629629629 0.011111111111111112
0 0.8647727272727272 0.1550000000000001 0.004629629629629629 0.011111111111111112
0 0.2794060897237916 0.7365900785970071 0.004629629629629629 0.011111111111111112
0 0.1799461890546452 0.8354083024876429 0.004629629629629629 0.011111111111111112
0 0.39716200659382056 0.6195938773196881 0.004629629629629629 0.011111111111111112
0 0.1616426512095016 0.85359375299185 0.004629629629629629 0.011111111111111112
0 0.3979013162769896 0.6188593373764104 0.004629629629629629 0.011111111111111112
0 0.17784268184341673 0.8374982386846054 0.004629629629629629 0.011111111111111112
0 0.16852303817236586 0.8467577556222946 0.004629629629629629 0.011111111111111112
0 0.17149559949748852 0.8438043721121727 0.004629629629629629 0.011111111111111112
0 0.2769377235990673 0.7390425197789912 0.004629629629629629 0.011111111111111112
0 0.4096728506398923 0.6071637483964941 0.004629629629629629 0.011111111111111112
0 0.16839924322637956 0.84688075189121 0.004629629629629629 0.011111111111111112
0 0.23512769163943492 0.7805828095969486 0.004629629629629629 0.011111111111111112
0 0.4932670935168668 0.5241088232155001 0.004629629629629629 0.011111111111111112
0 0.36491915620199755 0.6516287093218864 0.004629629629629629 0.011111111111111112
0 0.4865262686616662 0.5308061588780866 0.004629629629629629 0.011111111111111112
0 0.19696316960904528 0.8185011089045615 0.004629629629629629 0.011111111111111112
0 0.16659568655406115 0.8486726727140297 0.004629629629629629 0.011111111111111112
0 0.21371907214196834 0.8018533089686251 0.004629629629629629 0.011111111111111112
0 0.3146007774463723 0.7016224533758624 0.004629629629629629 0.011111111111111112
0 0.5213640110190001 0.4961931761488645 0.004629629629629629 0.011111111111111112
0 0.3081841751419934 0.7079976582460195 0.004629629629629629 0.011111111111111112
