0 0.26500093535191105 0.750902296489069 0.004629629629629629 0.011111111111111112
0 0.56245780358388 0.4553645048263387 0.004629629629629629 0.011111111111111112
0 0.6210866615664788 0.3971138975404016 0.004629629629629629 0.011111111111111112
0 0.43785617249851955 0.5791622544208258 0.004629629629629629 0.011111111111111112
0 0.382943158256532 0.6337209911515745 0.004629629629629629 0.011111111111111112
0 0.576242326673653 0.4416689141435963 0.004629629629629629 0.011111111111111112
0 0.4636755505153791 0.553509453036333 0.004629629629629629 0.011111111111111112
0 0.3818280057421851 0.6348289491335709 0.004629629629629629 0.011111111111111112
0 0.494208330084487 0.5231736591418645 0.004629629629629629 0.011111111111111112
0 0.7229811886696524 0.29587675448305506 0.004629629629629629 0.011111111111111112
0 0.5229878062455492 0.49457985702055113 0.004629629629629629 0.011111111111111112
0 0.47852585924127045 0.5387549527538344 0.004629629629629629 0.011111111111111112
0 0.3723929630169327 0.6442031206154346 0.004629629629629629 0.011111111111111112
0 0.653979367497852 0.36443340261503726 0.004629629629629629 0.011111111111111112
0 0.31021864592782267 0.7059763130781633 0.004629629629629629 0.011111111111111112
0 0.557369095918117 0.46042038212006436 0.004629629629629629 0.011111111111111112
0 0.46690236619707176 0.5503034555203288 0.004629629629629629 0.011111111111111112
0 0.38847852908826036 0.6282213323897284 0.004629629629629629 0.011111111111111112
0 0.34999123554966 0.6664603208087249 0.004629629629629629 0.011111111111111112
0 0.5655974498644706 0.4522451143282035 0.004629629629629629 0.011111111111111112
0 0.16022727272727272 0.855 0.004629629629629629 0.011111111111111112
0 0.6674876321593483 0.3510122880481315 0.004629629629629629 0.011111111111111112
0 0.42268912596061753 0.59423144904558 0.004629629629629629 0.011111111111111112
0 0.540420857315603 0.4772592772477235 0.004629629629629629 0.011111111111111112
0 0.3380284793219196 0.6783458979640282 0.004629629629629629 0.011111111111111112
0 0.5562428156630865 0.46153939605086886 0.004629629629629629 0.011111111111111112
0 0.8647727272727272 0.155 0.004629629629629629 0.011111111111111112
0 0.4739804485211292 0.5432710382435232 0.004629629629629629 0.011111111111111112
0 0.5416138706288967 0.47607396079451564 0.004629629629629629 0.011111111111111112
0 0.3526719505738258 0.6637969007201989 0.004629629629629629 0.011111111111111112
