0 0.8647727272727272 0.155 0.004629629629629629 0.011111111111111112
0 0.16022727272727272 0.855 0.004629629629629629 0.011111111111111112
0 0.16022727272727272 0.855 0.004629629629629629 0.011111111111111112
0 0.8647727272727272 0.155 0.004629629629629629 0.011111111111111112
0 0.6886363636363636 0.33 0.004629629629629629 0.011111111111111112
0 0.33636363636363636 0.68 0.004629629629629629 0.011111111111111112
0 0.8647727272727272 0.155 0.004629629629629629 0.011111111111111112
0 0.33636363636363636 0.68 0.004629629629629629 0.011111111111111112
0 0.6886363636363636 0.33 0.004629629629629629 0.011111111111111112
0 0.33636363636363636 0.68 0.004629629629629629 0.011111111111111112
0 0.5125 0.505 0.004629629629629629 0.011111111111111112
0 0.16022727272727272 0.855 0.004629629629629629 0.011111111111111112
0 0.5125 0.505 0.004629629629629629 0.011111111111111112
0 0.5125 0.505 0.004629629629629629 0.011111111111111112
0 0.6886363636363636 0.33 0.004629629629629629 0.011111111111111112
0 0.33636363636363636 0.68 0.004629629629629629 0.011111111111111112
0 0.33636363636363636 0.68 0.004629629629629629 0.011111111111111112
0 0.8647727272727272 0.155 0.004629629629629629 0.011111111111111112
0 0.5125 0.505 0.004629629629629629 0.011111111111111112
0 0.33636363636363636 0.68 0.004629629629629629 0.011111111111111112
0 0.16022727272727272 0.855 0.004629629629629629 0.011111111111111112
0 0.33636363636363636 0.68 0.004629629629629629 0.011111111111111112
0 0.5125 0.505 0.004629629629629629 0.011111111111111112
0 0.33636363636363636 0.68 0.004629629629629629 0.011111111111111112
0 0.6886363636363636 0.33 0.004629629629629629 0.011111111111111112
0 0.5125 0.505 0.004629629629629629 0.011111111111111112
0 0.5125 0.505 0.004629629629629629 0.011111111111111112
0 0.33636363636363636 0.68 0.004629629629629629 0.011111111111111112
0 0.5125 0.505 0.004629629629629629 0.011111111111111112
0 0.5125 0.505 0.004629629629629629 0.011111111111111112
