0 0.7328407464965394 0.28608080670666414 0.004629629629629629 0.011111111111111112
0 0.8182126870150759 0.2012596529011505 0.004629629629629629 0.011111111111111112
0 0.6239796295446133 0.3942395938718037 0.004629629629629629 0.011111111111111112
0 0.7099152395409893 0.3088584071657267 0.004629629629629629 0.011111111111111112
0 0.5547500612217449 0.4630225198183955 0.004629629629629629 0.011111111111111112
0 0.38799031466288125 0.6287063970446212 0.004629629629629629 0.011111111111111112
0 0.760953866167564 0.25814906200125914 0.004629629629629629 0.011111111111111112
0 0.16699966991863588 0.8482712956937425 0.004629629629629629 0.011111111111111112
0 0.4556678627040177 0.5614654783456856 0.004629629629629629 0.011111111111111112
0 0.4430420039657983 0.5740098799307553 0.004629629629629629 0.011111111111111112
0 0.3682853275977395 0.6482842551609556 0.004629629629629629 0.011111111111111112
0 0.7641369048485873 0.25498655905366174 0.004629629629629629 0.011111111111111112
0 0.4802550394613195 0.5370369285352051 0.004629629629629629 0.011111111111111112
0 0.8647727272727272 0.155 0.004629629629629629 0.011111111111111112
0 0.2530981701795625 0.7627282696280476 0.004629629629629629 0.011111111111111112
0 0.1811900031956401 0.8341725129540092 0.004629629629629629 0.011111111111111112
0 0.2890286643824184 0.7270295850652101 0.004629629629629629 0.011111111111111112
0 0.25611493494971926 0.7597309678564079 0.004629629629629629 0.011111111111111112
0 0.2959119878129199 0.7201906701729699 0.004629629629629629 0.011111111111111112
0 0.621857651173625 0.39634788205975335 0.004629629629629629 0.011111111111111112
0 0.6385216058460559 0.3797914367723058 0.004629629629629629 0.011111111111111112
0 0.7874908279619953 0.23178330641195316 0.004629629629629629 0.011111111111111112
0 0.16022727272727275 0.855 0.004629629629629629 0.011111111111111112
0 0.8360685797473165 0.1835189594768599 0.004629629629629629 0.011111111111111112
0 0.5195687236910423 0.49797688097793213 0.004629629629629629 0.011111111111111112
0 0.24015538529620642 0.7755875526734466 0.004629629629629629 0.011111111111111112
0 0.19481249607241763 0.8206379071280496 0.004629629629629629 0.011111111111111112
0 0.18714686730299163 0.8282540802279955 0.004629629629629629 0.011111111111111112
0 0.33288399657449663 0.6834571905001776 0.004629629629629629 0.011111111111111112
0 0.24374565547884397 0.7720204455242453 0.004629629629629629 0.011111111111111112
