0 0.4589808669474539 0.5581738483231748 0.004629629629629629 0.011111111111111112
0 0.5105478590100371 0.5069395465319632 0.004629629629629629 0.011111111111111112
0 0.5861148607110553 0.43186007387417724 0.004629629629629629 0.011111111111111112
0 0.5127482017649085 0.5047533995368005 0.004629629629629629 0.011111111111111112
0 0.7136717145662744 0.30512616746318555 0.004629629629629629 0.011111111111111112
0 0.57656288580531 0.4413504231353695 0.004629629629629629 0.011111111111111112
0 0.24918634729697048 0.7666148549436551 0.004629629629629629 0.011111111111111112
0 0.7144582064017881 0.30434474976854586 0.004629629629629629 0.011111111111111112
0 0.6505877256681507 0.36780316288454695 0.004629629629629629 0.011111111111111112
0 0.8647727272727272 0.155 0.004629629629629629 0.011111111111111112
0 0.6334574515912796 0.384822919064148 0.004629629629629629 0.011111111111111112
0 0.725539266374815 0.29333518050502244 0.004629629629629629 0.011111111111111112
0 0.7705223257893169 0.2486423343770657 0.004629629629629629 0.011111111111111112
0 0.48594431250067005 0.5313843604832053 0.004629629629629629 0.011111111111111112
0 0.5909225722444191 0.42708337983457706 0.004629629629629629 0.011111111111111112
0 0.4390278327240717 0.5779981532935029 0.004629629629629629 0.011111111111111112
0 0.8121757226308005 0.20725766912810786 0.004629629629629629 0.011111111111111112
0 0.16022727272727275 0.855 0.004629629629629629 0.011111111111111112
0 0.5069273028078407 0.5105367443070487 0.004629629629629629 0.011111111111111112
0 0.8401831123221734 0.17943097227345356 0.004629629629629629 0.011111111111111112
0 0.38743545253089723 0.6292576794209149 0.004629629629629629 0.011111111111111112
0 0.6979536009090048 0.3207428739355694 0.004629629629629629 0.011111111111111112
0 0.6413653767834614 0.3769660127441738 0.004629629629629629 0.011111111111111112
0 0.8583424595800486 0.16138878209466134 0.004629629629629629 0.011111111111111112
0 0.3179752852143143 0.6982697166257781 0.004629629629629629 0.011111111111111112
0 0.6342623658667652 0.3840231977839882 0.004629629629629629 0.011111111111111112
0 0.1755381991717199 0.8397878537261622 0.004629629629629629 0.011111111111111112
0 0.43792707549552373 0.5790918088625119 0.004629629629629629 0.011111111111111112
0 0.4166392607741535 0.6002422828437443 0.004629629629629629 0.011111111111111112
0 0.43985638255002746 0.5771749489502953 0.004629629629629629 0.011111111111111112
