0 0.5118268168451641 0.505668840037708 0.004629629629629629 0.011111111111111112
0 0.6950043512741528 0.32367309615342243 0.004629629629629629 0.011111111111111112
0 0.3156780872002968 0.7005520940074471 0.004629629629629629 0.011111111111111112
0 0.3554087877638064 0.6610777205443472 0.004629629629629629 0.011111111111111112
0 0.5409073862811692 0.47677588717870945 0.004629629629629629 0.011111111111111112
0 0.4557456362083974 0.5613882066058503 0.004629629629629629 0.011111111111111112
0 0.6188908444169184 0.39929554812770685 0.004629629629629629 0.011111111111111112
0 0.4288087178571042 0.5881513383871352 0.004629629629629629 0.011111111111111112
0 0.39517450148515937 0.6215685598147449 0.004629629629629629 0.011111111111111112
0 0.23956834937652768 0.7761708012646114 0.004629629629629629 0.011111111111111112
0 0.5197710070720406 0.4977759026510048 0.004629629629629629 0.011111111111111112
0 0.16022727272727275 0.855 0.004629629629629629 0.011111111111111112
0 0.653696908767314 0.36471403903118493 0.004629629629629629 0.011111111111111112
0 0.5460232328183388 0.47169304610306984 0.004629629629629629 0.011111111111111112
0 0.6363849620646479 0.38191429575512414 0.004629629629629629 0.011111111111111112
0 0.5964642954934997 0.42157740963871654 0.004629629629629629 0.011111111111111112
0 0.6240709389653373 0.39414887354411643 0.004629629629629629 0.011111111111111112
0 0.7698882245615192 0.24927234462920034 0.004629629629629629 0.011111111111111112
0 0.2828555817292295 0.7331628413787011 0.004629629629629629 0.011111111111111112
0 0.3847630600107561 0.6319128306989907 0.004629629629629629 0.011111111111111112
0 0.55722075432577 0.46056776666988014 0.004629629629629629 0.011111111111111112
0 0.5612494736721435 0.4565650390612252 0.004629629629629629 0.011111111111111112
0 0.8647727272727271 0.15500000000000022 0.004629629629629629 0.011111111111111112
0 0.5028574586486964 0.5145803314071018 0.004629629629629629 0.011111111111111112
0 0.7130084275623724 0.30578517519609466 0.004629629629629629 0.011111111111111112
0 0.5224930700996852 0.4950714013203129 0.004629629629629629 0.011111111111111112
0 0.4530786617019113 0.5640379748251979 0.004629629629629629 0.011111111111111112
0 0.4601032339882041 0.5570587223601069 0.004629629629629629 0.011111111111111112
0 0.5774976855188791 0.44042165438769426 0.004629629629629629 0.011111111111111112
0 0.6716914882464984 0.34683555361315643 0.004629629629629629 0.011111111111111112
