0 0.2955669687545645 0.7205334633019165 0.004629629629629629 0.011111111111111112
0 0.2131708491450272 0.8023979950430052 0.004629629629629629 0.011111111111111112
0 0.19478806180540947 0.8206621837546254 0.004629629629629629 0.011111111111111112
0 0.3519475957323555 0.6645165823046275 0.004629629629629629 0.011111111111111112
0 0.3879032123592749 0.6287929373978818 0.004629629629629629 0.011111111111111112
0 0.2939761435714495 0.7221140250967535 0.004629629629629629 0.011111111111111112
0 0.20784897311022868 0.8076855363937083 0.004629629629629629 0.011111111111111112
0 0.2469670661358656 0.7688198181617851 0.004629629629629629 0.011111111111111112
0 0.181085622044654 0.8342762206782147 0.004629629629629629 0.011111111111111112
0 0.7568455182986187 0.2622309044000822 0.004629629629629629 0.011111111111111112
0 0.49276321721934085 0.5246094486982034 0.004629629629629629 0.011111111111111112
0 0.16022727272727275 0.855 0.004629629629629629 0.011111111111111112
0 0.1962462799209024 0.8192133734979421 0.004629629629629629 0.011111111111111112
0 0.18638395884340675 0.8290120666975186 0.004629629629629629 0.011111111111111112
0 0.8647727272727272 0.155 0.004629629629629629 0.011111111111111112
0 0.2798139596012561 0.7361848401381069 0.004629629629629629 0.011111111111111112
0 0.34546542563453725 0.6709569319502017 0.004629629629629629 0.011111111111111112
0 0.41639973338891795 0.6004802648910106 0.004629629629629629 0.011111111111111112
0 0.34249261822347454 0.6739105599586124 0.004629629629629629 0.011111111111111112
0 0.17441735105128073 0.840901470568405 0.004629629629629629 0.011111111111111112
0 0.25701589943491965 0.7588358160453056 0.004629629629629629 0.011111111111111112
0 0.479293867129714 0.537991899754994 0.004629629629629629 0.011111111111111112
0 0.6244678597871656 0.39375451350178375 0.004629629629629629 0.011111111111111112
0 0.36552676775509135 0.6510250178433287 0.004629629629629629 0.011111111111111112
0 0.24588246986455686 0.7698974170377951 0.004629629629629629 0.011111111111111112
0 0.36282698108355455 0.6537073865363393 0.004629629629629629 0.011111111111111112
0 0.2064078131096954 0.8091173985877865 0.004629629629629629 0.011111111111111112
0 0.31174529864381667 0.7044595097345305 0.004629629629629629 0.011111111111111112
0 0.6882448607579701 0.3303889770533716 0.004629629629629629 0.011111111111111112
0 0.1698059770572114 0.8454830937625125 0.004629629629629629 0.011111111111111112
