0 0.8233080310328359 0.19619718207060158 0.004629629629629629 0.011111111111111112
0 0.7891519396102493 0.23013291161304245 0.004629629629629629 0.011111111111111112
0 0.5843035530676546 0.4336596956618141 0.004629629629629629 0.011111111111111112
0 0.7225549333495299 0.29630025976885405 0.004629629629629629 0.011111111111111112
0 0.8647727272727271 0.1549999999999999 0.004629629629629629 0.011111111111111112
0 0.6259605370981846 0.392271466366965 0.004629629629629629 0.011111111111111112
0 0.7286253046569452 0.2902690521472931 0.004629629629629629 0.011111111111111112
0 0.45276383719164937 0.564350768209587 0.004629629629629629 0.011111111111111112
0 0.6395811638537239 0.37873871462275177 0.004629629629629629 0.011111111111111112
0 0.704776962454604 0.31396353407736105 0.004629629629629629 0.011111111111111112
0 0.7197698028528116 0.2990674216817226 0.004629629629629629 0.011111111111111112
0 0.41236540473006483 0.6044885656230323 0.004629629629629629 0.011111111111111112
0 0.5430296846782674 0.47466728102933414 0.004629629629629629 0.011111111111111112
0 0.6661677457280363 0.35232365908311225 0.004629629629629629 0.011111111111111112
0 0.6640956050489387 0.35438243111266715 0.004629629629629629 0.011111111111111112
0 0.37430618730302173 0.6423022397118363 0.004629629629629629 0.011111111111111112
0 0.7279025404472551 0.2909871533620818 0.004629629629629629 0.011111111111111112
0 0.7457387884253851 0.2732659779515526 0.004629629629629629 0.011111111111111112
0 0.6798614857035837 0.33871826581708453 0.004629629629629629 0.011111111111111112
0 0.16022727272727272 0.855 0.004629629629629629 0.011111111111111112
0 0.6689339737418857 0.3495752777016102 0.004629629629629629 0.011111111111111112
0 0.7075796130532708 0.31117896509545995 0.004629629629629629 0.011111111111111112
0 0.7500411518187292 0.2689913717413916 0.004629629629629629 0.011111111111111112
0 0.7004071621980188 0.3183051420742264 0.004629629629629629 0.011111111111111112
0 0.8226889656933417 0.19681225344016354 0.004629629629629629 0.011111111111111112
0 0.6254630835612217 0.3927657105262699 0.004629629629629629 0.011111111111111112
0 0.8495433366437503 0.1701311364958866 0.004629629629629629 0.011111111111111112
0 0.7789624257247207 0.24025668669930964 0.004629629629629629 0.011111111111111112
0 0.7619429226336638 0.25716638654461793 0.004629629629629629 0.011111111111111112
0 0.6068360618170335 0.4112725579366246 0.004629629629629629 0.011111111111111112
