0 0.6823402027361676 0.33625554050729156 0.004629629629629629 0.011111111111111112
0 0.25694676336485184 0.7589045060762117 0.004629629629629629 0.011111111111111112
0 0.4380764681371336 0.5789433800443963 0.004629629629629629 0.011111111111111112
0 0.3646710732920021 0.6518751916969786 0.004629629629629629 0.011111111111111112
0 0.2519297186593597 0.7638891827513459 0.004629629629629629 0.011111111111111112
0 0.8171175081486302 0.20234776609749008 0.004629629629629629 0.011111111111111112
0 0.18960574337459551 0.8258110678729824 0.004629629629629629 0.011111111111111112
0 0.38352010544961135 0.6331477661984507 0.004629629629629629 0.011111111111111112
0 0.4756692150698785 0.5415931669628303 0.004629629629629629 0.011111111111111112
0 0.5530775687619781 0.4646842220042282 0.004629629629629629 0.011111111111111112
0 0.5552928353085321 0.46248324749991004 0.004629629629629629 0.011111111111111112
0 0.7935634759774284 0.2257498367708132 0.004629629629629629 0.011111111111111112
0 0.34907599369009923 0.667369657882095 0.004629629629629629 0.011111111111111112
0 0.16022727272727272 0.855 0.004629629629629629 0.011111111111111112
0 0.5379657963492603 0.47969849911105744 0.004629629629629629 0.011111111111111112
0 0.2931938570560069 0.7228912646024189 0.004629629629629629 0.011111111111111112
0 0.5110887817759119 0.5064021135903842 0.004629629629629629 0.011111111111111112
0 0.4143344456416291 0.6025322282012201 0.004629629629629629 0.011111111111111112
0 0.8647727272727272 0.155 0.004629629629629629 0.011111111111111112
0 0.20738241802317187 0.8081490814479454 0.004629629629629629 0.011111111111111112
0 0.5581417939812181 0.45965266920575754 0.004629629629629629 0.011111111111111112
0 0.36433720967522193 0.6522069013549407 0.004629629629629629 0.011111111111111112
0 0.2429212631855338 0.7728395191575987 0.004629629629629629 0.011111111111111112
0 0.5856470251403074 0.4323248911509204 0.004629629629629629 0.011111111111111112
0 0.20708916414498318 0.8084404433656296 0.004629629629629629 0.011111111111111112
0 0.582623403002716 0.4353290060489145 0.004629629629629629 0.011111111111111112
0 0.6263324977454755 0.3919019054657856 0.004629629629629629 0.011111111111111112
0 0.68934822636698 0.3292927299321617 0.004629629629629629 0.011111111111111112
0 0.46735347670361116 0.549855255404154 0.004629629629629629 0.011111111111111112
0 0.7148119207099004 0.30399331748822805 0.004629629629629629 0.011111111111111112
