0 0.38498880024486143 0.6316885468534926 0.004629629629629629 0.011111111111111112
0 0.44118750675849144 0.5758524126399506 0.004629629629629629 0.011111111111111112
0 0.6147207313050332 0.40343875728403167 0.004629629629629629 0.011111111111111112
0 0.6259018776210613 0.3923297473958487 0.004629629629629629 0.011111111111111112
0 0.346012255009399 0.6704136305067908 0.004629629629629629 0.011111111111111112
0 0.5793428986821262 0.4385883458255005 0.004629629629629629 0.011111111111111112
0 0.5201314555954504 0.4974177796019396 0.004629629629629629 0.011111111111111112
0 0.8459594087545298 0.17369194226969306 0.004629629629629629 0.011111111111111112
0 0.44583922675993376 0.5712307037352916 0.004629629629629629 0.011111111111111112
0 0.8402848362094331 0.17932990466933757 0.004629629629629629 0.011111111111111112
0 0.5078295021655407 0.5096403655903662 0.004629629629629629 0.011111111111111112
0 0.5903910905877015 0.4276114325773806 0.004629629629629629 0.011111111111111112
0 0.8647727272727272 0.155 0.004629629629629629 0.011111111111111112
0 0.7894091500801922 0.2298773605654867 0.004629629629629629 0.011111111111111112
0 0.8634830898432378 0.15628131718800886 0.004629629629629629 0.011111111111111112
0 0.6191407633880623 0.39904724153702203 0.004629629629629629 0.011111111111111112
0 0.4285245564735739 0.5884336664714168 0.004629629629629629 0.011111111111111112
0 0.21661972661227794 0.7989713683981239 0.004629629629629629 0.011111111111111112
0 0.8375699775173953 0.18202724814400745 0.004629629629629629 0.011111111111111112
0 0.8009913942855124 0.21836984051633 0.004629629629629629 0.011111111111111112
0 0.7832804938669949 0.23596647706117937 0.004629629629629629 0.011111111111111112
0 0.6136746982894808 0.4044780416994838 0.004629629629629629 0.011111111111111112
0 0.8468637699928331 0.172793415620024 0.004629629629629629 0.011111111111111112
0 0.7570192143256262 0.26205832899260373 0.004629629629629629 0.011111111111111112
0 0.6222517901552883 0.3959562859102298 0.004629629629629629 0.011111111111111112
0 0.1602272727272728 0.855 0.004629629629629629 0.011111111111111112
0 0.8554761785761095 0.1642365709630915 0.004629629629629629 0.011111111111111112
0 0.8134525373878531 0.20598909188561698 0.004629629629629629 0.011111111111111112
0 0.5247753552622657 0.49280384057813614 0.004629629629629629 0.011111111111111112
0 0.6817562700213797 0.3368357059142422 0.004629629629629629 0.011111111111111112
