0 0.23907082837208884 0.7766651124561182 0.004629629629629629 0.011111111111111112
0 0.19267942109620648 0.8227572203302207 0.004629629629629629 0.011111111111111112
0 0.22733731189119805 0.7883229288306807 0.004629629629629629 0.011111111111111112
0 0.16022727272727275 0.855 0.004629629629629629 0.011111111111111112
0 0.251048903528049 0.76476431520439 0.004629629629629629 0.011111111111111112
0 0.25085467286190977 0.7649572927694575 0.004629629629629629 0.011111111111111112
0 0.16407747235713044 0.8511746403677544 0.004629629629629629 0.011111111111111112
0 0.2862907271156556 0.7297498582205745 0.004629629629629629 0.011111111111111112
0 0.23899276738540445 0.7767426698235337 0.004629629629629629 0.011111111111111112
0 0.28928218907052144 0.7267776960202561 0.004629629629629629 0.011111111111111112
0 0.302899927843098 0.7132478136268575 0.004629629629629629 0.011111111111111112
0 0.19002609947210516 0.8253934237502956 0.004629629629629629 0.011111111111111112
0 0.4992385810896921 0.518175861368951 0.004629629629629629 0.011111111111111112
0 0.27188687612191115 0.7440607811433915 0.004629629629629629 0.011111111111111112
0 0.20391980440322816 0.8115893556251798 0.004629629629629629 0.011111111111111112
0 0.4668748126496012 0.5503308313029769 0.004629629629629629 0.011111111111111112
0 0.3078744117552566 0.7083054231592935 0.004629629629629629 0.011111111111111112
0 0.46845660559280644 0.5487592434755342 0.004629629629629629 0.011111111111111112
0 0.2268049926709597 0.7888518137333691 0.004629629629629629 0.011111111111111112
0 0.17977287267211603 0.8355805006999621 0.004629629629629629 0.011111111111111112
0 0.2402692739776659 0.775474398757674 0.004629629629629629 0.011111111111111112
0 0.38296722523116933 0.6336970794477416 0.004629629629629629 0.011111111111111112
0 0.2096671526636165 0.8058790870309875 0.004629629629629629 0.011111111111111112
0 0.1936307503976811 0.8218120286371428 0.004629629629629629 0.011111111111111112
0 0.8647727272727271 0.1550000000000001 0.004629629629629629 0.011111111111111112
0 0.2946796692907457 0.7214150382530656 0.004629629629629629 0.011111111111111112
0 0.20676933427078825 0.8087582098212814 0.004629629629629629 0.011111111111111112
0 0.29195941140153253 0.7241177460913806 0.004629629629629629 0.011111111111111112
0 0.18049024065318142 0.8348677608994197 0.004629629629629629 0.011111111111111112
0 0.28089988764289103 0.7351059180838373 0.004629629629629629 0.011111111111111112
