0 0.8090381112279279 0.21037503787676837 0.004629629629629629 0.011111111111111112
0 0.7305704416555825 0.2883364644196149 0.004629629629629629 0.011111111111111112
0 0.6196280509885257 0.39856309772752935 0.004629629629629629 0.011111111111111112
0 0.4618975263502434 0.5552760060778228 0.004629629629629629 0.011111111111111112
0 0.16022727272727275 0.855 0.004629629629629629 0.011111111111111112
0 0.22396517164732407 0.7916733133310458 0.004629629629629629 0.011111111111111112
0 0.4546894054326426 0.5624376229895034 0.004629629629629629 0.011111111111111112
0 0.23573724625893452 0.7799771875878974 0.004629629629629629 0.011111111111111112
0 0.4609724051171945 0.5561951587867874 0.004629629629629629 0.011111111111111112
0 0.8647727272727271 0.155 0.004629629629629629 0.011111111111111112
0 0.19731254890491545 0.8181539836686647 0.004629629629629629 0.011111111111111112
0 0.6151706871549532 0.4029917043750788 0.004629629629629629 0.011111111111111112
0 0.4675276649649469 0.5496821909380528 0.004629629629629629 0.011111111111111112
0 0.4461883664066655 0.5708838166024097 0.004629629629629629 0.011111111111111112
0 0.27991450559577286 0.7360849428274258 0.004629629629629629 0.011111111111111112
0 0.36968858088040957 0.6468900551252704 0.004629629629629629 0.011111111111111112
0 0.36617675960407314 0.6503792194901467 0.004629629629629629 0.011111111111111112
0 0.6250246383985371 0.39320132701048577 0.004629629629629629 0.011111111111111112
0 0.39898420746091756 0.6177834325872174 0.004629629629629629 0.011111111111111112
0 0.5637463833511686 0.4540842384769035 0.004629629629629629 0.011111111111111112
0 0.23119214390615908 0.784492966699687 0.004629629629629629 0.011111111111111112
0 0.35011952862603996 0.6663328554296118 0.004629629629629629 0.011111111111111112
0 0.4834140529001104 0.5338982958282774 0.004629629629629629 0.011111111111111112
0 0.357734904938151 0.6587666105775789 0.004629629629629629 0.011111111111111112
0 0.5817428740408811 0.4362038541787375 0.004629629629629629 0.011111111111111112
0 0.7752626802504102 0.24393256284797962 0.004629629629629629 0.011111111111111112
0 0.6263060602604487 0.39192817238639294 0.004629629629629629 0.011111111111111112
0 0.600700345330346 0.4173686891556563 0.004629629629629629 0.011111111111111112
0 0.22824280722994036 0.7874232753973496 0.004629629629629629 0.011111111111111112
0 0.39389534743781546 0.6228394612553317 0.004629629629629629 0.011111111111111112
