0 0.3967915808797706 0.6199619131904215 0.004629629629629629 0.011111111111111112
0 0.6675180943935634 0.3509820223444598 0.004629629629629629 0.011111111111111112
0 0.7492212572564614 0.2698059766613222 0.004629629629629629 0.011111111111111112
0 0.38226128698215245 0.634398463256442 0.004629629629629629 0.011111111111111112
0 0.8647727272727271 0.155 0.004629629629629629 0.011111111111111112
0 0.49363612077179386 0.5237421767815725 0.004629629629629629 0.011111111111111112
0 0.8130338739815085 0.2064050542377271 0.004629629629629629 0.011111111111111112
0 0.7275476355220388 0.2913397685781033 0.004629629629629629 0.011111111111111112
0 0.578047544758384 0.43987534262715394 0.004629629629629629 0.011111111111111112
0 0.29919840204392817 0.7169254586144198 0.004629629629629629 0.011111111111111112
0 0.4127064757424076 0.6041496950688338 0.004629629629629629 0.011111111111111112
0 0.16022727272727275 0.855 0.004629629629629629 0.011111111111111112
0 0.5381788145258821 0.47948685524525275 0.004629629629629629 0.011111111111111112
0 0.30100828397185747 0.71512725334409 0.004629629629629629 0.011111111111111112
0 0.42002528694045416 0.5968781020075486 0.004629629629629629 0.011111111111111112
0 0.6576004845886971 0.3608356475699395 0.004629629629629629 0.011111111111111112
0 0.6399862245703176 0.37833626720110375 0.004629629629629629 0.011111111111111112
0 0.7615830021165325 0.2575239849938968 0.004629629629629629 0.011111111111111112
0 0.24237361352723596 0.7733836355922946 0.004629629629629629 0.011111111111111112
0 0.16474871575265376 0.8505077275747828 0.004629629629629629 0.011111111111111112
0 0.38624605469870543 0.6304394037187055 0.004629629629629629 0.011111111111111112
0 0.7251910146552135 0.29368118543933625 0.004629629629629629 0.011111111111111112
0 0.7050816233369935 0.31366083874905143 0.004629629629629629 0.011111111111111112
0 0.2483433487320579 0.7674524148081489 0.004629629629629629 0.011111111111111112
0 0.5283640080866009 0.4892383403526675 0.004629629629629629 0.011111111111111112
0 0.8293356200248813 0.19020848074947275 0.004629629629629629 0.011111111111111112
0 0.34627434117089784 0.6701532352237531 0.004629629629629629 0.011111111111111112
0 0.2730614815653284 0.7428937537996092 0.004629629629629629 0.011111111111111112
0 0.34858017223675813 0.6678622804873501 0.004629629629629629 0.011111111111111112
0 0.842932032052374 0.1766997875092543 0.004629629629629629 0.011111111111111112
