0 0.7869583951956424 0.2323123041282006 0.004629629629629629 0.011111111111111112
0 0.3338984993427536 0.6824492329110705 0.004629629629629629 0.011111111111111112
0 0.5850807421049634 0.4328875207473268 0.004629629629629629 0.011111111111111112
0 0.5021613429746186 0.5152719560123143 0.004629629629629629 0.011111111111111112
0 0.6598398837591305 0.3586106961360897 0.004629629629629629 0.011111111111111112
0 0.775573455639551 0.24362379246134924 0.004629629629629629 0.011111111111111112
0 0.4547774140049926 0.5623501822143946 0.004629629629629629 0.011111111111111112
0 0.4066304012515988 0.6101865690790567 0.004629629629629629 0.011111111111111112
0 0.4064965446168059 0.6103195621226576 0.004629629629629629 0.011111111111111112
0 0.37063230158006955 0.6459524229462535 0.004629629629629629 0.011111111111111112
0 0.7965739419891532 0.22275879312045413 0.004629629629629629 0.011111111111111112
0 0.6776645927381398 0.34090098527952567 0.004629629629629629 0.011111111111111112
0 0.8204114030837011 0.19907512209748415 0.004629629629629629 0.011111111111111112
0 0.651706838043254 0.36669127058928325 0.004629629629629629 0.011111111111111112
0 0.4521378542165872 0.5649727125848101 0.004629629629629629 0.011111111111111112
0 0.8493048195532681 0.17036811476643038 0.004629629629629629 0.011111111111111112
0 0.7963541608532877 0.22297715631350776 0.004629629629629629 0.011111111111111112
0 0.8647727272727271 0.15500000000000022 0.004629629629629629 0.011111111111111112
0 0.8039574637851953 0.2154229069489029 0.004629629629629629 0.011111111111111112
0 0.6888894597396835 0.32974853677476607 0.004629629629629629 0.011111111111111112
0 0.6667833292401976 0.3517120470774812 0.004629629629629629 0.011111111111111112
0 0.7281240798485147 0.29076704324728214 0.004629629629629629 0.011111111111111112
0 0.6627937304050542 0.3556759065653011 0.004629629629629629 0.011111111111111112
0 0.797932139005065 0.22140935866593553 0.004629629629629629 0.011111111111111112
0 0.6350556430942427 0.38323503847410734 0.004629629629629629 0.011111111111111112
0 0.5916380834498017 0.42637248483051965 0.004629629629629629 0.011111111111111112
0 0.7994108956928788 0.2199401423438494 0.004629629629629629 0.011111111111111112
0 0.1602272727272726 0.8550000000000001 0.004629629629629629 0.011111111111111112
0 0.8613988742786671 0.15835208620055005 0.004629629629629629 0.011111111111111112
0 0.6123057959382003 0.4058381124226914 0.004629629629629629 0.011111111111111112
