0 0.29233949608515236 0.7237401135670098 0.004629629629629629 0.011111111111111112
0 0.23324420777838364 0.7824541419492189 0.004629629629629629 0.011111111111111112
0 0.3428884385831583 0.6735172932786686 0.004629629629629629 0.011111111111111112
0 0.4705253370168208 0.5467038587058685 0.004629629629629629 0.011111111111111112
0 0.26683767847450324 0.7490774033221064 0.004629629629629629 0.011111111111111112
0 0.2745343042381322 0.7414304332085654 0.004629629629629629 0.011111111111111112
0 0.2049228670628289 0.8105927643375764 0.004629629629629629 0.011111111111111112
0 0.8647727272727272 0.155 0.004629629629629629 0.011111111111111112
0 0.5824233117138978 0.43552780642619177 0.004629629629629629 0.011111111111111112
0 0.5703905269467981 0.44748296032382634 0.004629629629629629 0.011111111111111112
0 0.3820030900422906 0.6346549944095952 0.004629629629629629 0.011111111111111112
0 0.16022727272727275 0.855 0.004629629629629629 0.011111111111111112
0 0.2158114410910623 0.7997744391740413 0.004629629629629629 0.011111111111111112
0 0.3023843900385166 0.7137600253810867 0.004629629629629629 0.011111111111111112
0 0.18587040788260978 0.8295223044263103 0.004629629629629629 0.011111111111111112
0 0.19686904946582634 0.8185946218210499 0.004629629629629629 0.011111111111111112
0 0.18695758401011456 0.8284421423383378 0.004629629629629629 0.011111111111111112
0 0.23195585170301092 0.7837341860499119 0.004629629629629629 0.011111111111111112
0 0.26211687442919934 0.7537677505671181 0.004629629629629629 0.011111111111111112
0 0.2704986811501024 0.745440020018608 0.004629629629629629 0.011111111111111112
0 0.172608841985061 0.8426983118341975 0.004629629629629629 0.011111111111111112
0 0.5342734081666018 0.48336706543447294 0.004629629629629629 0.011111111111111112
0 0.5754207738353635 0.44248516664099363 0.004629629629629629 0.011111111111111112
0 0.24793038562422348 0.7678627136378683 0.004629629629629629 0.011111111111111112
0 0.1613593701891385 0.853875206392727 0.004629629629629629 0.011111111111111112
0 0.4372739873240734 0.5797406835618885 0.004629629629629629 0.011111111111111112
0 0.21966407502961421 0.7959466609383188 0.004629629629629629 0.011111111111111112
0 0.19622590292578831 0.8192336190285716 0.004629629629629629 0.011111111111111112
0 0.31895620880093956 0.6972951215784213 0.004629629629629629 0.011111111111111112
0 0.16580604478978206 0.8494572200153133 0.004629629629629629 0.011111111111111112
