0 0.8647727272727272 0.155 0.004629629629629629 0.011111111111111112
0 0.5829545454545454 0.435 0.004629629629629629 0.011111111111111112
0 0.5829545454545454 0.435 0.004629629629629629 0.011111111111111112
0 0.30113636363636365 0.715 0.004629629629629629 0.011111111111111112
0 0.30113636363636365 0.715 0.004629629629629629 0.011111111111111112
0 0.4420454545454546 0.575 0.004629629629629629 0.011111111111111112
0 0.8647727272727272 0.155 0.004629629629629629 0.011111111111111112
0 0.30113636363636365 0.715 0.004629629629629629 0.011111111111111112
0 0.5829545454545454 0.435 0.004629629629629629 0.011111111111111112
0 0.7238636363636365 0.295 0.004629629629629629 0.011111111111111112
0 0.16022727272727272 0.855 0.004629629629629629 0.011111111111111112
0 0.5829545454545454 0.435 0.004629629629629629 0.011111111111111112
0 0.30113636363636365 0.715 0.004629629629629629 0.011111111111111112
0 0.5829545454545454 0.435 0.004629629629629629 0.011111111111111112
0 0.5829545454545454 0.435 0.004629629629629629 0.011111111111111112
0 0.5829545454545454 0.435 0.004629629629629629 0.011111111111111112
0 0.30113636363636365 0.715 0.004629629629629629 0.011111111111111112
0 0.5829545454545454 0.435 0.004629629629629629 0.011111111111111112
0 0.4420454545454546 0.575 0.004629629629629629 0.011111111111111112
0 0.4420454545454546 0.575 0.004629629629629629 0.011111111111111112
0 0.30113636363636365 0.715 0.004629629629629629 0.011111111111111112
0 0.4420454545454546 0.575 0.004629629629629629 0.011111111111111112
0 0.4420454545454546 0.575 0.004629629629629629 0.011111111111111112
0 0.5829545454545454 0.435 0.004629629629629629 0.011111111111111112
0 0.4420454545454546 0.575 0.004629629629629629 0.011111111111111112
0 0.16022727272727272 0.855 0.004629629629629629 0.011111111111111112
0 0.5829545454545454 0.435 0.004629629629629629 0.011111111111111112
0 0.16022727272727272 0.855 0.004629629629629629 0.011111111111111112
0 0.5829545454545454 0.435 0.004629629629629629 0.011111111111111112
0 0.5829545454545454 0.435 0.004629629629629629 0.011111111111111112
