0 0.36452500668255067 0.6520203159412079 0.004629629629629629 0.011111111111111112
0 0.2589726612222285 0.7568916785275924 0.004629629629629629 0.011111111111111112
0 0.6583044359669384 0.3601362378134935 0.004629629629629629 0.011111111111111112
0 0.3598089119364353 0.6567059842696062 0.004629629629629629 0.011111111111111112
0 0.20481349549310746 0.8107014302842674 0.004629629629629629 0.011111111111111112
0 0.5223484443237838 0.49521509402669234 0.004629629629629629 0.011111111111111112
0 0.8362975163342476 0.18329149990016685 0.004629629629629629 0.011111111111111112
0 0.2556972223586227 0.7601459855275621 0.004629629629629629 0.011111111111111112
0 0.8464333932781553 0.1732210157107362 0.004629629629629629 0.011111111111111112
0 0.24449881753945477 0.771272142573703 0.004629629629629629 0.011111111111111112
0 0.5134541343967537 0.5040520213090319 0.004629629629629629 0.011111111111111112
0 0.4628092511013288 0.5543701634219056 0.004629629629629629 0.011111111111111112
0 0.16022727272727275 0.855 0.004629629629629629 0.011111111111111112
0 0.29115776629872336 0.7249142192903008 0.004629629629629629 0.011111111111111112
0 0.3399407640461853 0.6764459505605643 0.004629629629629629 0.011111111111111112
0 0.42037927596990377 0.5965263967782891 0.004629629629629629 0.011111111111111112
0 0.224525282770805 0.7911168158277163 0.004629629629629629 0.011111111111111112
0 0.7627254131103769 0.25638894439356114 0.004629629629629629 0.011111111111111112
0 0.474204213674979 0.5430487167358273 0.004629629629629629 0.011111111111111112
0 0.3121220163872567 0.704085222428145 0.004629629629629629 0.011111111111111112
0 0.8647727272727272 0.155 0.004629629629629629 0.011111111111111112
0 0.32831539486790345 0.6879963173570508 0.004629629629629629 0.011111111111111112
0 0.8045623334338117 0.21482193968511626 0.004629629629629629 0.011111111111111112
0 0.4991031476939342 0.5183104210008654 0.004629629629629629 0.011111111111111112
0 0.19146336176556364 0.8239654341167949 0.004629629629629629 0.011111111111111112
0 0.41125825554800116 0.6055885719071473 0.004629629629629629 0.011111111111111112
0 0.35613589172756055 0.6603553075739076 0.004629629629629629 0.011111111111111112
0 0.34022874282110804 0.6761598297132217 0.004629629629629629 0.011111111111111112
0 0.6077831638824853 0.41033156620707917 0.004629629629629629 0.011111111111111112
0 0.16555398164605561 0.8497076569452092 0.004629629629629629 0.011111111111111112
