0 0.40454777503619616 0.6122557589962954 0.004629629629629629 0.011111111111111112
0 0.28743931094453273 0.7286086846099481 0.004629629629629629 0.011111111111111112
0 0.5441965381430375 0.4735079556514338 0.004629629629629629 0.011111111111111112
0 0.28008667941091664 0.7359138798110892 0.004629629629629629 0.011111111111111112
0 0.3082696572107858 0.707912727674445 0.004629629629629629 0.011111111111111112
0 0.16022727272727275 0.855 0.004629629629629629 0.011111111111111112
0 0.19794331264145826 0.8175272893755835 0.004629629629629629 0.011111111111111112
0 0.33867465788037293 0.6777038882995005 0.004629629629629629 0.011111111111111112
0 0.45663818164458536 0.5605014195273152 0.004629629629629629 0.011111111111111112
0 0.7945972446054119 0.22472273761784867 0.004629629629629629 0.011111111111111112
0 0.2780344051486729 0.7379529135942218 0.004629629629629629 0.011111111111111112
0 0.6228515367246226 0.3953604086736008 0.004629629629629629 0.011111111111111112
0 0.6118616544380562 0.40627938849380224 0.004629629629629629 0.011111111111111112
0 0.5532701919575703 0.46449284153893017 0.004629629629629629 0.011111111111111112
0 0.534795999133538 0.48284784602216224 0.004629629629629629 0.011111111111111112
0 0.23830647316155165 0.7774245363427165 0.004629629629629629 0.011111111111111112
0 0.20595211436350505 0.8095701573420659 0.004629629629629629 0.011111111111111112
0 0.8261317686614866 0.19339166210407144 0.004629629629629629 0.011111111111111112
0 0.3066701303481677 0.7095019350089172 0.004629629629629629 0.011111111111111112
0 0.35353341233164204 0.662940996780175 0.004629629629629629 0.011111111111111112
0 0.2961681498219426 0.7199361608220699 0.004629629629629629 0.011111111111111112
0 0.3700694658183428 0.6465116275095174 0.004629629629629629 0.011111111111111112
0 0.5504828160574844 0.4672622343686929 0.004629629629629629 0.011111111111111112
0 0.6443969699153209 0.37395397827768123 0.004629629629629629 0.011111111111111112
0 0.22142531578173205 0.7941967830297629 0.004629629629629629 0.011111111111111112
0 0.4103962556346004 0.606445010530784 0.004629629629629629 0.011111111111111112
0 0.5687955923400368 0.4490676050298989 0.004629629629629629 0.011111111111111112
0 0.5337712479093852 0.4838659859480947 0.004629629629629629 0.011111111111111112
0 0.5995617031486534 0.4184999852587572 0.004629629629629629 0.011111111111111112
0 0.8647727272727272 0.15499999999999978 0.004629629629629629 0.011111111111111112
