0 0.21905275525725582 0.796554036712146 0.004629629629629629 0.011111111111111112
0 0.4468149962214405 0.5702612295606334 0.004629629629629629 0.011111111111111112
0 0.5518208736828888 0.46593280937313 0.004629629629629629 0.011111111111111112
0 0.3487106558314816 0.66773263872227 0.004629629629629629 0.011111111111111112
0 0.8647727272727272 0.155 0.004629629629629629 0.011111111111111112
0 0.20108374125707837 0.8144071215897416 0.004629629629629629 0.011111111111111112
0 0.26646503457433773 0.7494476430680774 0.004629629629629629 0.011111111111111112
0 0.29610445243664396 0.7199994472564957 0.004629629629629629 0.011111111111111112
0 0.3021193180139888 0.7140233872635208 0.004629629629629629 0.011111111111111112
0 0.17963624743657206 0.8357162444823736 0.004629629629629629 0.011111111111111112
0 0.22816215588984667 0.787503406406217 0.004629629629629629 0.011111111111111112
0 0.16022727272727275 0.855 0.004629629629629629 0.011111111111111112
0 0.316370324202587 0.699864323050333 0.004629629629629629 0.011111111111111112
0 0.3703165344255465 0.646266152893328 0.004629629629629629 0.011111111111111112
0 0.16066800132330863 0.8545621148142611 0.004629629629629629 0.011111111111111112
0 0.2475780278167185 0.7682127981691959 0.004629629629629629 0.011111111111111112
0 0.2191310561000886 0.7964762410360411 0.004629629629629629 0.011111111111111112
0 0.4466049656767531 0.5704699050695485 0.004629629629629629 0.011111111111111112
0 0.2370567453950927 0.7786662013493917 0.004629629629629629 0.011111111111111112
0 0.5817597181392373 0.43618711875198346 0.004629629629629629 0.011111111111111112
0 0.18320868625554898 0.8321668536557772 0.004629629629629629 0.011111111111111112
0 0.29574465328401706 0.7203569251242671 0.004629629629629629 0.011111111111111112
0 0.33621192458073795 0.6801507329972023 0.004629629629629629 0.011111111111111112
0 0.275211246257972 0.7407578585565957 0.004629629629629629 0.011111111111111112
0 0.18407900828863963 0.8313021466035452 0.004629629629629629 0.011111111111111112
0 0.19732781505378302 0.8181388160110801 0.004629629629629629 0.011111111111111112
0 0.25600181460074645 0.7598433583966778 0.004629629629629629 0.011111111111111112
0 0.22687421318670745 0.788783039801594 0.004629629629629629 0.011111111111111112
0 0.2589416509411715 0.7569224887423199 0.004629629629629629 0.011111111111111112
0 0.4954814613682899 0.5219087416082798 0.004629629629629629 0.011111111111111112
