0 0.4069744006139673 0.6098447890674134 0.004629629629629629 0.011111111111111112
0 0.8510899514592684 0.1685944998404691 0.004629629629629629 0.011111111111111112
0 0.784678811226422 0.23457718110407108 0.004629629629629629 0.011111111111111112
0 0.8511510633242296 0.168533782245604 0.004629629629629629 0.011111111111111112
0 0.7467744732479522 0.27223697496655064 0.004629629629629629 0.011111111111111112
0 0.8647727272727275 0.15499999999999978 0.004629629629629629 0.011111111111111112
0 0.716734076640735 0.3020835625633988 0.004629629629629629 0.011111111111111112
0 0.6537016066590433 0.36470937144843446 0.004629629629629629 0.011111111111111112
0 0.8324178439980005 0.18714614209230923 0.004629629629629629 0.011111111111111112
0 0.4253729231321666 0.5915649666944925 0.004629629629629629 0.011111111111111112
0 0.8212251432331173 0.19826663188451563 0.004629629629629629 0.011111111111111112
0 0.8088941012520504 0.21051811875602744 0.004629629629629629 0.011111111111111112
0 0.160227272727273 0.8549999999999998 0.004629629629629629 0.011111111111111112
0 0.8344205003585752 0.18515640609535103 0.004629629629629629 0.011111111111111112
0 0.5913530268783017 0.42665570232736466 0.004629629629629629 0.011111111111111112
0 0.691828067054232 0.3268288882170855 0.004629629629629629 0.011111111111111112
0 0.21787152053494432 0.7977276505652812 0.004629629629629629 0.011111111111111112
0 0.8470443593773499 0.17261399132831048 0.004629629629629629 0.011111111111111112
0 0.6966222371562847 0.32206564824472367 0.004629629629629629 0.011111111111111112
0 0.6348884275573786 0.38340117520105604 0.004629629629629629 0.011111111111111112
0 0.5257814955672536 0.49180419150092236 0.004629629629629629 0.011111111111111112
0 0.40521619558185523 0.6115916508412536 0.004629629629629629 0.011111111111111112
0 0.29831252152979165 0.7178056237704006 0.004629629629629629 0.011111111111111112
0 0.647775109985439 0.37059763265962853 0.004629629629629629 0.011111111111111112
0 0.763753333801826 0.2553676554485085 0.004629629629629629 0.011111111111111112
0 0.5455286536455795 0.47218443444245667 0.004629629629629629 0.011111111111111112
0 0.8428425630388795 0.17678867930330694 0.004629629629629629 0.011111111111111112
0 0.452125795799496 0.5649846932056621 0.004629629629629629 0.011111111111111112
0 0.7378342043198659 0.2811195647402624 0.004629629629629629 0.011111111111111112
0 0.6889353789662989 0.32970291380122557 0.004629629629629629 0.011111111111111112
