0 0.323490456795285 0.6927901267969427 0.004629629629629629 0.011111111111111112
0 0.5252087104969698 0.4923732811836558 0.004629629629629629 0.011111111111111112
0 0.7551115276753974 0.2639537079870245 0.004629629629629629 0.011111111111111112
0 0.7610055457182909 0.2580977158669883 0.004629629629629629 0.011111111111111112
0 0.8647727272727272 0.155 0.004629629629629629 0.011111111111111112
0 0.7963100997667083 0.22302093313501245 0.004629629629629629 0.011111111111111112
0 0.48507644110751197 0.532246632706085 0.004629629629629629 0.011111111111111112
0 0.4055432330346374 0.6112667233075215 0.004629629629629629 0.011111111111111112
0 0.16022727272727275 0.855 0.004629629629629629 0.011111111111111112
0 0.6607897284185827 0.35766697950669846 0.004629629629629629 0.011111111111111112
0 0.7652083416518622 0.25392203474589164 0.004629629629629629 0.011111111111111112
0 0.6178048170838989 0.4003745688327715 0.004629629629629629 0.011111111111111112
0 0.2714678384155847 0.744477115380645 0.004629629629629629 0.011111111111111112
0 0.8415056299351245 0.17811698703219883 0.004629629629629629 0.011111111111111112
0 0.23721433750013166 0.7785096259676111 0.004629629629629629 0.011111111111111112
0 0.6548614211104999 0.3635570396708581 0.004629629629629629 0.011111111111111112
0 0.3946620583365451 0.6220776968785294 0.004629629629629629 0.011111111111111112
0 0.5304853980134991 0.48713063681239444 0.004629629629629629 0.011111111111111112
0 0.5659158160256871 0.45192880214222053 0.004629629629629629 0.011111111111111112
0 0.5706644180632203 0.4472108362468649 0.004629629629629629 0.011111111111111112
0 0.46403700821361915 0.5531503273232429 0.004629629629629629 0.011111111111111112
0 0.8254070864447846 0.19411166895163343 0.004629629629629629 0.011111111111111112
0 0.3313463828367979 0.684984884149246 0.004629629629629629 0.011111111111111112
0 0.37456484055135686 0.6420452551941357 0.004629629629629629 0.011111111111111112
0 0.5550140105451751 0.4627602733938261 0.004629629629629629 0.011111111111111112
0 0.1820579042414823 0.8333102112697531 0.004629629629629629 0.011111111111111112
0 0.2172063223731653 0.7983885571260164 0.004629629629629629 0.011111111111111112
0 0.3844903139494537 0.6321838171082848 0.004629629629629629 0.011111111111111112
0 0.8089804755474723 0.21043230171412428 0.004629629629629629 0.011111111111111112
0 0.6441951131942216 0.37415453269735405 0.004629629629629629 0.011111111111111112
