0 0.4349678286020578 0.5820319638405361 0.004629629629629629 0.011111111111111112
0 0.26212349989770234 0.7537611678435732 0.004629629629629629 0.011111111111111112
0 0.23704445371159474 0.7786784137317059 0.004629629629629629 0.011111111111111112
0 0.2012891716263097 0.814203016577731 0.004629629629629629 0.011111111111111112
0 0.26127233943949174 0.7546068369439888 0.004629629629629629 0.011111111111111112
0 0.8647727272727271 0.155 0.004629629629629629 0.011111111111111112
0 0.19063715460211075 0.8247863109114512 0.004629629629629629 0.011111111111111112
0 0.7092473736308585 0.30952196426353407 0.004629629629629629 0.011111111111111112
0 0.2824667234291132 0.7335491909155907 0.004629629629629629 0.011111111111111112
0 0.3276529483555739 0.6886544900209137 0.004629629629629629 0.011111111111111112
0 0.17039314797761368 0.8448997110415967 0.004629629629629629 0.011111111111111112
0 0.16022727272727275 0.855 0.004629629629629629 0.011111111111111112
0 0.25377016682703674 0.7620606084428151 0.004629629629629629 0.011111111111111112
0 0.3233689650040297 0.6929108347701899 0.004629629629629629 0.011111111111111112
0 0.39218936429559115 0.624534438054703 0.004629629629629629 0.011111111111111112
0 0.39532778183380474 0.6214162683715747 0.004629629629629629 0.011111111111111112
0 0.2539068727214628 0.7619247845219015 0.004629629629629629 0.011111111111111112
0 0.2454399657552936 0.7703370662818373 0.004629629629629629 0.011111111111111112
0 0.23465845890048892 0.7810490150279013 0.004629629629629629 0.011111111111111112
0 0.2579101247554704 0.7579473599203713 0.004629629629629629 0.011111111111111112
0 0.16289136005117932 0.8523531003362477 0.004629629629629629 0.011111111111111112
0 0.19464260840109712 0.8208066987498777 0.004629629629629629 0.011111111111111112
0 0.2259652791318129 0.7896861097658117 0.004629629629629629 0.011111111111111112
0 0.16203553824111266 0.8532034007152816 0.004629629629629629 0.011111111111111112
0 0.28745953333879104 0.7285885926827496 0.004629629629629629 0.011111111111111112
0 0.379734218639659 0.6369092279322096 0.004629629629629629 0.011111111111111112
0 0.5414938865952503 0.47619317073762224 0.004629629629629629 0.011111111111111112
0 0.2585064583078373 0.7573548736812455 0.004629629629629629 0.011111111111111112
0 0.4952229735540625 0.5221655617591895 0.004629629629629629 0.011111111111111112
0 0.6705097545103128 0.34800966326072136 0.004629629629629629 0.011111111111111112
