0 0.3095655775500603 0.706625168111553 0.004629629629629629 0.011111111111111112
0 0.7574164248099491 0.2616636811565668 0.004629629629629629 0.011111111111111112
0 0.3784538184253015 0.6381813675000231 0.004629629629629629 0.011111111111111112
0 0.16022727272727275 0.855 0.004629629629629629 0.011111111111111112
0 0.47018315212072875 0.5470438359574694 0.004629629629629629 0.011111111111111112
0 0.5293832053493446 0.4882257185561351 0.004629629629629629 0.011111111111111112
0 0.19138206322287457 0.8240462081527569 0.004629629629629629 0.011111111111111112
0 0.4523485069532329 0.5647634188980782 0.004629629629629629 0.011111111111111112
0 0.3494845808922925 0.6669637067263675 0.004629629629629629 0.011111111111111112
0 0.42652751027550534 0.5904178285004658 0.004629629629629629 0.011111111111111112
0 0.3534062372459804 0.663067351381413 0.004629629629629629 0.011111111111111112
0 0.6168092601844484 0.40136370278448363 0.004629629629629629 0.011111111111111112
0 0.7063687699577035 0.31238199630008817 0.004629629629629629 0.011111111111111112
0 0.39146703918911363 0.6252521029992033 0.004629629629629629 0.011111111111111112
0 0.41310583176467813 0.6037529155370295 0.004629629629629629 0.011111111111111112
0 0.2584774371490059 0.7573837076067943 0.004629629629629629 0.011111111111111112
0 0.6632468999513792 0.3552256606934685 0.004629629629629629 0.011111111111111112
0 0.48254508892480547 0.5347616535843869 0.004629629629629629 0.011111111111111112
0 0.4158648445377853 0.6010117028463294 0.004629629629629629 0.011111111111111112
0 0.8647727272727271 0.1550000000000001 0.004629629629629629 0.011111111111111112
0 0.22714850409297252 0.7885105185140789 0.004629629629629629 0.011111111111111112
0 0.17155690915202446 0.8437434580037951 0.004629629629629629 0.011111111111111112
0 0.2636539193732092 0.752240622042102 0.004629629629629629 0.011111111111111112
0 0.7367206992203063 0.28222588593595377 0.004629629629629629 0.011111111111111112
0 0.5206990237866223 0.4968538731410335 0.004629629629629629 0.011111111111111112
0 0.6133921145423548 0.4047588023256604 0.004629629629629629 0.011111111111111112
0 0.19523009693256246 0.8202230004670025 0.004629629629629629 0.011111111111111112
0 0.6915133963915766 0.32714152874643365 0.004629629629629629 0.011111111111111112
0 0.3943058312389455 0.6224316257367897 0.004629629629629629 0.011111111111111112
0 0.2908276717241854 0.7252421842224224 0.004629629629629629 0.011111111111111112
