0 0.667935575893663 0.35056723427339287 0.004629629629629629 0.011111111111111112
0 0.8412495994414394 0.1783713657162474 0.004629629629629629 0.011111111111111112
0 0.6921437447156024 0.32651524718578867 0.004629629629629629 0.011111111111111112
0 0.8413264517265728 0.17829500925230843 0.004629629629629629 0.011111111111111112
0 0.5016025075512659 0.5158271860458391 0.004629629629629629 0.011111111111111112
0 0.8216156591403039 0.197878635434795 0.004629629629629629 0.011111111111111112
0 0.16022727272727275 0.855 0.004629629629629629 0.011111111111111112
0 0.7299299324905595 0.2889728412674443 0.004629629629629629 0.011111111111111112
0 0.8647727272727272 0.1550000000000001 0.004629629629629629 0.011111111111111112
0 0.6134680653628763 0.40468334151043256 0.004629629629629629 0.011111111111111112
0 0.5910493799888376 0.42695739020463896 0.004629629629629629 0.011111111111111112
0 0.6564297435147305 0.3619988354756872 0.004629629629629629 0.011111111111111112
0 0.555334875180025 0.46244147885339454 0.004629629629629629 0.011111111111111112
0 0.6834353249510625 0.335167483597009 0.004629629629629629 0.011111111111111112
0 0.764171824319861 0.2549518648692995 0.004629629629629629 0.011111111111111112
0 0.607904606209172 0.41021090737927446 0.004629629629629629 0.011111111111111112
0 0.825378013145948 0.19414055468080016 0.004629629629629629 0.011111111111111112
0 0.5313042625496606 0.4863170552732405 0.004629629629629629 0.011111111111111112
0 0.8008483893113659 0.2185119228777397 0.004629629629629629 0.011111111111111112
0 0.44007814029737896 0.576954621898088 0.004629629629629629 0.011111111111111112
0 0.47681688456496857 0.5404529017870635 0.004629629629629629 0.011111111111111112
0 0.7574728581864648 0.26160761186635123 0.004629629629629629 0.011111111111111112
0 0.5917104244800019 0.42630061051664336 0.004629629629629629 0.011111111111111112
0 0.7493066213366706 0.2697211633171145 0.004629629629629629 0.011111111111111112
0 0.7508913583362642 0.2681466504271956 0.004629629629629629 0.011111111111111112
0 0.36968214625546325 0.6468964482365075 0.004629629629629629 0.011111111111111112
0 0.585017694234041 0.4329501618577915 0.004629629629629629 0.011111111111111112
0 0.5572176102994074 0.46057089041220173 0.004629629629629629 0.011111111111111112
0 0.7678324790515557 0.25131482726490606 0.004629629629629629 0.011111111111111112
0 0.7731660201404916 0.24601569611847934 0.004629629629629629 0.011111111111111112
