0 0.4313808446774711 0.5855958059333514 0.004629629629629629 0.011111111111111112
0 0.283600658470831 0.7324225715838196 0.004629629629629629 0.011111111111111112
0 0.4081159420473955 0.6087106124174264 0.004629629629629629 0.011111111111111112
0 0.40479299595193735 0.6120121201509784 0.004629629629629629 0.011111111111111112
0 0.16022727272727275 0.855 0.004629629629629629 0.011111111111111112
0 0.21319849171086153 0.8023705308163053 0.004629629629629629 0.011111111111111112
0 0.2635401088978091 0.7523536982563703 0.004629629629629629 0.011111111111111112
0 0.23767180426459514 0.778055110601628 0.004629629629629629 0.011111111111111112
0 0.4117454156817852 0.6051045547419683 0.004629629629629629 0.011111111111111112
0 0.3904195695464373 0.6262928147732172 0.004629629629629629 0.011111111111111112
0 0.44336571104092815 0.5736882612883683 0.004629629629629629 0.011111111111111112
0 0.3141345017682173 0.7020857208238358 0.004629629629629629 0.011111111111111112
0 0.33224423925064317 0.6840928203574256 0.004629629629629629 0.011111111111111112
0 0.3860294651839762 0.6306545958817269 0.004629629629629629 0.011111111111111112
0 0.2762633186904053 0.7397125736882424 0.004629629629629629 0.011111111111111112
0 0.2372275472453458 0.7784965014465597 0.004629629629629629 0.011111111111111112
0 0.29617312972550913 0.7199312130469135 0.004629629629629629 0.011111111111111112
0 0.30955483765798025 0.7066358387140067 0.004629629629629629 0.011111111111111112
0 0.577809483064286 0.44011186843935457 0.004629629629629629 0.011111111111111112
0 0.2168057781015608 0.79878651724103 0.004629629629629629 0.011111111111111112
0 0.7182629246752636 0.3005645780645768 0.004629629629629629 0.011111111111111112
0 0.20619182268641245 0.8093319955244677 0.004629629629629629 0.011111111111111112
0 0.26519926568504115 0.7507052457064753 0.004629629629629629 0.011111111111111112
0 0.16862678795912972 0.8466546751889937 0.004629629629629629 0.011111111111111112
0 0.8647727272727275 0.1549999999999999 0.004629629629629629 0.011111111111111112
0 0.26728585823890405 0.7486321150400567 0.004629629629629629 0.011111111111111112
0 0.6818379925197792 0.3367545106577678 0.004629629629629629 0.011111111111111112
0 0.6256815388723093 0.3925486646042863 0.004629629629629629 0.011111111111111112
0 0.5685505997108781 0.4493110170614502 0.004629629629629629 0.011111111111111112
0 0.3517795277194 0.664683566007822 0.004629629629629629 0.011111111111111112
