0 0.3746921988406922 0.6419187185711832 0.004629629629629629 0.011111111111111112
0 0.4300709407082159 0.5868972589092565 0.004629629629629629 0.011111111111111112
0 0.39949559697997233 0.6172753423553825 0.004629629629629629 0.011111111111111112
0 0.6160786163148033 0.40208963282271154 0.004629629629629629 0.011111111111111112
0 0.4260875425259835 0.5908549577483777 0.004629629629629629 0.011111111111111112
0 0.6299411438660868 0.3883165409330493 0.004629629629629629 0.011111111111111112
0 0.413494467059758 0.603366787566434 0.004629629629629629 0.011111111111111112
0 0.2071814537151065 0.8083487492120878 0.004629629629629629 0.011111111111111112
0 0.5193624890643465 0.4981817850586494 0.004629629629629629 0.011111111111111112
0 0.43026122236397685 0.586708204877081 0.004629629629629629 0.011111111111111112
0 0.3424226010955735 0.6739801253631077 0.004629629629629629 0.011111111111111112
0 0.5857309437462073 0.43224151395538124 0.004629629629629629 0.011111111111111112
0 0.6058218842032963 0.4122801924689832 0.004629629629629629 0.011111111111111112
0 0.6090662360353662 0.4090567719390555 0.004629629629629629 0.011111111111111112
0 0.8647727272727272 0.155 0.004629629629629629 0.011111111111111112
0 0.5275624270287174 0.49003474991985513 0.004629629629629629 0.011111111111111112
0 0.3157158119953422 0.7005146125981762 0.004629629629629629 0.011111111111111112
0 0.6917446190218588 0.32691179787505653 0.004629629629629629 0.011111111111111112
0 0.4509998312761482 0.5661033934417625 0.004629629629629629 0.011111111111111112
0 0.26084760595484274 0.755028830212608 0.004629629629629629 0.011111111111111112
0 0.1602272727272728 0.855 0.004629629629629629 0.011111111111111112
0 0.7261125896043097 0.2927655561350729 0.004629629629629629 0.011111111111111112
0 0.5485539341412007 0.46917867188551693 0.004629629629629629 0.011111111111111112
0 0.3985007960049685 0.6182637252595798 0.004629629629629629 0.011111111111111112
0 0.6336454567120817 0.38463612687960913 0.004629629629629629 0.011111111111111112
0 0.39027073832727555 0.626440685790965 0.004629629629629629 0.011111111111111112
0 0.6161175060091615 0.4020509940296073 0.004629629629629629 0.011111111111111112
0 0.6522974599925582 0.36610445910416795 0.004629629629629629 0.011111111111111112
0 0.5179572020712051 0.4995780056840931 0.004629629629629629 0.011111111111111112
0 0.2712528153893993 0.7446907511615001 0.004629629629629629 0.011111111111111112
