0 0.41574765411776354 0.6011281371991253 0.004629629629629629 0.011111111111111112
0 0.6609108442415027 0.3575466450761844 0.004629629629629629 0.011111111111111112
0 0.2731006427972445 0.7428548452208023 0.004629629629629629 0.011111111111111112
0 0.3069171971987445 0.7092564621380215 0.004629629629629629 0.011111111111111112
0 0.2879101425266886 0.7281408906509029 0.004629629629629629 0.011111111111111112
0 0.22628740492266947 0.7893660622058638 0.004629629629629629 0.011111111111111112
0 0.16933543502453482 0.8459506000401397 0.004629629629629629 0.011111111111111112
0 0.16570208558867763 0.8495605085118945 0.004629629629629629 0.011111111111111112
0 0.33838824093353204 0.6779884573950713 0.004629629629629629 0.011111111111111112
0 0.19598455183031135 0.8194734130202068 0.004629629629629629 0.011111111111111112
0 0.23426289698894 0.7814420249271177 0.004629629629629629 0.011111111111111112
0 0.28027649617999456 0.7357252876663278 0.004629629629629629 0.011111111111111112
0 0.17506742521891766 0.840255590427656 0.004629629629629629 0.011111111111111112
0 0.3817734389400503 0.6348831638918209 0.004629629629629629 0.011111111111111112
0 0.22315566532892722 0.7924775970280337 0.004629629629629629 0.011111111111111112
0 0.31201363149913586 0.7041929080589231 0.004629629629629629 0.011111111111111112
0 0.26582475406987094 0.7500837927305798 0.004629629629629629 0.011111111111111112
0 0.22210758766983146 0.7935189128957804 0.004629629629629629 0.011111111111111112
0 0.3028482916809393 0.7132991166524862 0.004629629629629629 0.011111111111111112
0 0.31517246073868044 0.7010544583628595 0.004629629629629629 0.011111111111111112
0 0.1835980935269144 0.8317799586893883 0.004629629629629629 0.011111111111111112
0 0.16022727272727275 0.855 0.004629629629629629 0.011111111111111112
0 0.4299143953995848 0.5870527942481545 0.004629629629629629 0.011111111111111112
0 0.8647727272727271 0.1550000000000001 0.004629629629629629 0.011111111111111112
0 0.3113712491995948 0.7048311459565316 0.004629629629629629 0.011111111111111112
0 0.4474685456778341 0.5696118965523455 0.004629629629629629 0.011111111111111112
0 0.6208573572565749 0.39734172246766103 0.004629629629629629 0.011111111111111112
0 0.21266039239219087 0.8029051585264684 0.004629629629629629 0.011111111111111112
0 0.3648730199208698 0.6516745479495875 0.004629629629629629 0.011111111111111112
0 0.3170358035082627 0.6992031371595325 0.004629629629629629 0.011111111111111112
