0 0.361263134126704 0.6552611441579843 0.004629629629629629 0.011111111111111112
0 0.24416965229653456 0.7715991841698947 0.004629629629629629 0.011111111111111112
0 0.20498972781925032 0.8105263349408739 0.004629629629629629 0.011111111111111112
0 0.3898524135330467 0.6268563117155536 0.004629629629629629 0.011111111111111112
0 0.25984511675367766 0.7560248517415072 0.004629629629629629 0.011111111111111112
0 0.44048607534928513 0.5765493186852264 0.004629629629629629 0.011111111111111112
0 0.25710367972662473 0.7587486020780632 0.004629629629629629 0.011111111111111112
0 0.3458226727319848 0.6706019896727377 0.004629629629629629 0.011111111111111112
0 0.2377110757006818 0.7780160925296452 0.004629629629629629 0.011111111111111112
0 0.27228291707375185 0.743667295294466 0.004629629629629629 0.011111111111111112
0 0.8130647069812128 0.2063744201606014 0.004629629629629629 0.011111111111111112
0 0.22471679010766346 0.7909265440220633 0.004629629629629629 0.011111111111111112
0 0.8647727272727272 0.1549999999999999 0.004629629629629629 0.011111111111111112
0 0.6262074103442555 0.39202618585151366 0.004629629629629629 0.011111111111111112
0 0.3695798558144663 0.6469980787391754 0.004629629629629629 0.011111111111111112
0 0.2270495583417708 0.7886088259055954 0.004629629629629629 0.011111111111111112
0 0.2257830445316347 0.7898671686588921 0.004629629629629629 0.011111111111111112
0 0.2350879409424244 0.7806223038378494 0.004629629629629629 0.011111111111111112
0 0.312573036481692 0.7036371121407705 0.004629629629629629 0.011111111111111112
0 0.321889618091407 0.6943806375091828 0.004629629629629629 0.011111111111111112
0 0.45905885858433826 0.5580963598581413 0.004629629629629629 0.011111111111111112
0 0.6969785048628194 0.3217116790395212 0.004629629629629629 0.011111111111111112
0 0.21350774384400628 0.8020632738582132 0.004629629629629629 0.011111111111111112
0 0.18748790326982243 0.8279152444932086 0.004629629629629629 0.011111111111111112
0 0.1605202653273247 0.8547088976747871 0.004629629629629629 0.011111111111111112
0 0.394743213836448 0.6219970649624967 0.004629629629629629 0.011111111111111112
0 0.2521744495383814 0.7636460307812211 0.004629629629629629 0.011111111111111112
0 0.6178279469610855 0.4003515881805988 0.004629629629629629 0.011111111111111112
0 0.16022727272727275 0.855 0.004629629629629629 0.011111111111111112
0 0.2062196591315049 0.8093043386693435 0.004629629629629629 0.011111111111111112
