0 0.21994030641845838 0.795672211687467 0.004629629629629629 0.011111111111111112
0 0.1645529878302619 0.8507021927363849 0.004629629629629629 0.011111111111111112
0 0.4779753029497866 0.5393019570692443 0.004629629629629629 0.011111111111111112
0 0.4333163855081108 0.5836727524629093 0.004629629629629629 0.011111111111111112
0 0.29807174948732446 0.7180448424448518 0.004629629629629629 0.011111111111111112
0 0.24686446060382555 0.7689217617226508 0.004629629629629629 0.011111111111111112
0 0.36010733071589546 0.6564094907725941 0.004629629629629629 0.011111111111111112
0 0.20873213194504012 0.8068080753578312 0.004629629629629629 0.011111111111111112
0 0.7632718956855805 0.25584598751239096 0.004629629629629629 0.011111111111111112
0 0.2620265227969337 0.7538575192856272 0.004629629629629629 0.011111111111111112
0 0.17791028251435967 0.8374310741470233 0.004629629629629629 0.011111111111111112
0 0.3075105268942578 0.7086669603760277 0.004629629629629629 0.011111111111111112
0 0.17903982230899876 0.836308821705898 0.004629629629629629 0.011111111111111112
0 0.5029128951756052 0.5145252525352052 0.004629629629629629 0.011111111111111112
0 0.33054643594779515 0.6857796700905777 0.004629629629629629 0.011111111111111112
0 0.8647727272727272 0.1549999999999999 0.004629629629629629 0.011111111111111112
0 0.34429679186714157 0.6721180261449046 0.004629629629629629 0.011111111111111112
0 0.16022727272727275 0.855 0.004629629629629629 0.011111111111111112
0 0.23160626348856558 0.7840815188565219 0.004629629629629629 0.011111111111111112
0 0.39939228754115175 0.6173779852816945 0.004629629629629629 0.011111111111111112
0 0.17387310500263606 0.8414422053522197 0.004629629629629629 0.011111111111111112
0 0.2874675851777413 0.7285805927911474 0.004629629629629629 0.011111111111111112
0 0.36105400850077357 0.6554689205863282 0.004629629629629629 0.011111111111111112
0 0.3259667737829191 0.6903297860479385 0.004629629629629629 0.011111111111111112
0 0.37301800244032157 0.6435821137044547 0.004629629629629629 0.011111111111111112
0 0.17428843949069386 0.8410295504415042 0.004629629629629629 0.011111111111111112
0 0.47556384189278966 0.5416978603129703 0.004629629629629629 0.011111111111111112
0 0.19530772066799543 0.8201458775298627 0.004629629629629629 0.011111111111111112
0 0.20001321048979592 0.8154707457069125 0.004629629629629629 0.011111111111111112
0 0.5467942321187255 0.4709270209917179 0.004629629629629629 0.011111111111111112
