0 0.7178522226882642 0.3009726303613375 0.004629629629629629 0.011111111111111112
0 0.6924696247185143 0.3261914696345084 0.004629629629629629 0.011111111111111112
0 0.6111323538205636 0.40700398394602055 0.004629629629629629 0.011111111111111112
0 0.8493496521549985 0.17032357140729165 0.004629629629629629 0.011111111111111112
0 0.8486512083771697 0.17101750909623137 0.004629629629629629 0.011111111111111112
0 0.8300381076775749 0.18951052527518344 0.004629629629629629 0.011111111111111112
0 0.509667168622101 0.5078145550464285 0.004629629629629629 0.011111111111111112
0 0.6719892550156442 0.3465397079199406 0.004629629629629629 0.011111111111111112
0 0.8570505090841789 0.16267239742604148 0.004629629629629629 0.011111111111111112
0 0.2338920467829875 0.7818104825510962 0.004629629629629629 0.011111111111111112
0 0.713150187841386 0.3056443294995261 0.004629629629629629 0.011111111111111112
0 0.5165185315530753 0.5010073944569445 0.004629629629629629 0.011111111111111112
0 0.7420639660308506 0.27691709181450963 0.004629629629629629 0.011111111111111112
0 0.6800949538150078 0.33848630395154056 0.004629629629629629 0.011111111111111112
0 0.8136717065721332 0.20577133669607384 0.004629629629629629 0.011111111111111112
0 0.20922225067833958 0.8063211186808755 0.004629629629629629 0.011111111111111112
0 0.7498030032813457 0.26922798383659824 0.004629629629629629 0.011111111111111112
0 0.7685092905977599 0.25064238224480617 0.004629629629629629 0.011111111111111112
0 0.8647727272727271 0.155 0.004629629629629629 0.011111111111111112
0 0.8259921700523672 0.1935303600770028 0.004629629629629629 0.011111111111111112
0 0.6036454321785898 0.4144426028677236 0.004629629629629629 0.011111111111111112
0 0.7550061101130804 0.2640584454360362 0.004629629629629629 0.011111111111111112
0 0.4885377893026978 0.5288076157895776 0.004629629629629629 0.011111111111111112
0 0.7551614223522751 0.2639041352112879 0.004629629629629629 0.011111111111111112
0 0.7401349067137001 0.27883370558767867 0.004629629629629629 0.011111111111111112
0 0.6206187968913018 0.3975787437338032 0.004629629629629629 0.011111111111111112
0 0.40058794343753673 0.6161900432943183 0.004629629629629629 0.011111111111111112
0 0.41612414027424954 0.6007540799855843 0.004629629629629629 0.011111111111111112
0 0.7904029605367567 0.22888996178928686 0.004629629629629629 0.011111111111111112
0 0.16022727272727272 0.855 0.004629629629629629 0.011111111111111112
