0 0.7869252922653238 0.23234519349122673 0.004629629629629629 0.011111111111111112
0 0.6411686364385416 0.3771614837965459 0.004629629629629629 0.011111111111111112
0 0.7475011520267516 0.2715149844379372 0.004629629629629629 0.011111111111111112
0 0.6018537844551953 0.41622269157354813 0.004629629629629629 0.011111111111111112
0 0.5949444530424439 0.4230874466546041 0.004629629629629629 0.011111111111111112
0 0.8647727272727275 0.1550000000000001 0.004629629629629629 0.011111111111111112
0 0.7950108933281173 0.22431175759658037 0.004629629629629629 0.011111111111111112
0 0.7901698459404553 0.22912157242045111 0.004629629629629629 0.011111111111111112
0 0.7258602511144963 0.2930162666346297 0.004629629629629629 0.011111111111111112
0 0.7965575458169094 0.22277508351094172 0.004629629629629629 0.011111111111111112
0 0.7968502603871801 0.22248425742176972 0.004629629629629629 0.011111111111111112
0 0.8207050431586365 0.19878337647464525 0.004629629629629629 0.011111111111111112
0 0.5622040470567866 0.4556166242145475 0.004629629629629629 0.011111111111111112
0 0.8132180879306161 0.20622202876571066 0.004629629629629629 0.011111111111111112
0 0.6049433988446153 0.41315301018018874 0.004629629629629629 0.011111111111111112
0 0.2853786212848315 0.7306560794976513 0.004629629629629629 0.011111111111111112
0 0.16022727272727272 0.8550000000000001 0.004629629629629629 0.011111111111111112
0 0.8520220826526672 0.16766838239670495 0.004629629629629629 0.011111111111111112
0 0.7518012324695621 0.26724264644959644 0.004629629629629629 0.011111111111111112
0 0.7522504203254676 0.26679635657985806 0.004629629629629629 0.011111111111111112
0 0.6624735068375146 0.35599406417434043 0.004629629629629629 0.011111111111111112
0 0.5447501161266366 0.47295794913869665 0.004629629629629629 0.011111111111111112
0 0.3041584128649261 0.7119974478632348 0.004629629629629629 0.011111111111111112
0 0.7008448303262296 0.317870297611359 0.004629629629629629 0.011111111111111112
0 0.8059042251813756 0.2134887053036656 0.004629629629629629 0.011111111111111112
0 0.16187996439803035 0.8533579708561506 0.004629629629629629 0.011111111111111112
0 0.8488604403156216 0.17080962704125352 0.004629629629629629 0.011111111111111112
0 0.6147167120331506 0.4034427506251278 0.004629629629629629 0.011111111111111112
0 0.5422743814683791 0.475417711315288 0.004629629629629629 0.011111111111111112
0 0.8632333522513299 0.15652944356964657 0.004629629629629629 0.011111111111111112
