0 0.48771710537342905 0.5296230049838189 0.004629629629629629 0.011111111111111112
0 0.23215764421289245 0.7835336954271906 0.004629629629629629 0.011111111111111112
0 0.3000805964427616 0.7160489557923531 0.004629629629629629 0.011111111111111112
0 0.8580020698577556 0.1617269757542299 0.004629629629629629 0.011111111111111112
0 0.546257121746678 0.47146066613555865 0.004629629629629629 0.011111111111111112
0 0.17950249226451065 0.835849136717841 0.004629629629629629 0.011111111111111112
0 0.5299984948277487 0.487614398687269 0.004629629629629629 0.011111111111111112
0 0.5052624442260376 0.5121908618657433 0.004629629629629629 0.011111111111111112
0 0.17046985506833692 0.8448234988353297 0.004629629629629629 0.011111111111111112
0 0.2439153179503628 0.771851877649317 0.004629629629629629 0.011111111111111112
0 0.1924288314077037 0.8230061933110556 0.004629629629629629 0.011111111111111112
0 0.22419613528117688 0.7914438397851533 0.004629629629629629 0.011111111111111112
0 0.6358324761429615 0.3824632172515093 0.004629629629629629 0.011111111111111112
0 0.21604633211683202 0.7995410635742444 0.004629629629629629 0.011111111111111112
0 0.32769987306085074 0.6886078680556709 0.004629629629629629 0.011111111111111112
0 0.25701657678813866 0.7588351430621073 0.004629629629629629 0.011111111111111112
0 0.18587375267749262 0.8295189812107493 0.004629629629629629 0.011111111111111112
0 0.2025380330021183 0.812962212372089 0.004629629629629629 0.011111111111111112
0 0.2941217234895912 0.72196938440389 0.004629629629629629 0.011111111111111112
0 0.18449334486982683 0.8308904831615914 0.004629629629629629 0.011111111111111112
0 0.526784830841692 0.49080732935728666 0.004629629629629629 0.011111111111111112
0 0.21360763603259728 0.801964026135355 0.004629629629629629 0.011111111111111112
0 0.16022727272727275 0.855 0.004629629629629629 0.011111111111111112
0 0.1882499577584652 0.8271581064851378 0.004629629629629629 0.011111111111111112
0 0.8647727272727272 0.155 0.004629629629629629 0.011111111111111112
0 0.24201419915525424 0.7737407311618765 0.004629629629629629 0.011111111111111112
0 0.2750700419918328 0.7408981518274693 0.004629629629629629 0.011111111111111112
0 0.45433406561024203 0.5627906702969209 0.004629629629629629 0.011111111111111112
0 0.39290762625888404 0.6238208100395605 0.004629629629629629 0.011111111111111112
0 0.319013844260299 0.6972378579607352 0.004629629629629629 0.011111111111111112
