0 0.19728577852764778 0.8181805813338209 0.004629629629629629 0.011111111111111112
0 0.31072535912186316 0.7054728690015036 0.004629629629629629 0.011111111111111112
0 0.24333278444700862 0.7724306528720044 0.004629629629629629 0.011111111111111112
0 0.16028895161313841 0.8549387190424302 0.004629629629629629 0.011111111111111112
0 0.23327000201914228 0.7824285141229168 0.004629629629629629 0.011111111111111112
0 0.20353649097413143 0.8119701960644115 0.004629629629629629 0.011111111111111112
0 0.16993622960251042 0.8453536815562154 0.004629629629629629 0.011111111111111112
0 0.20004053708787337 0.8154435954094678 0.004629629629629629 0.011111111111111112
0 0.2932206926387453 0.7228646021524725 0.004629629629629629 0.011111111111111112
0 0.22873129966347164 0.7869379345279055 0.004629629629629629 0.011111111111111112
0 0.19182482439978793 0.8236063034995655 0.004629629629629629 0.011111111111111112
0 0.23656598510797702 0.7791537954411067 0.004629629629629629 0.011111111111111112
0 0.8647727272727272 0.155 0.004629629629629629 0.011111111111111112
0 0.32480818019360175 0.6914809048399054 0.004629629629629629 0.011111111111111112
0 0.25275296375206374 0.7630712489173044 0.004629629629629629 0.011111111111111112
0 0.16022727272727275 0.855 0.004629629629629629 0.011111111111111112
0 0.3260599847834806 0.690237176408671 0.004629629629629629 0.011111111111111112
0 0.22235381191296671 0.7932742771961492 0.004629629629629629 0.011111111111111112
0 0.35150413608291103 0.6649571809240756 0.004629629629629629 0.011111111111111112
0 0.19379627635972105 0.8216475705845353 0.004629629629629629 0.011111111111111112
0 0.22023671700275543 0.7953777134295205 0.004629629629629629 0.011111111111111112
0 0.22462964461185483 0.7910131272888669 0.004629629629629629 0.011111111111111112
0 0.49017563856190244 0.5271803332997872 0.004629629629629629 0.011111111111111112
0 0.1817349657886179 0.8336310662487281 0.004629629629629629 0.011111111111111112
0 0.4238109597695264 0.593116852874148 0.004629629629629629 0.011111111111111112
0 0.395581406200982 0.6211642802906373 0.004629629629629629 0.011111111111111112
0 0.16048236027747373 0.8547465581759293 0.004629629629629629 0.011111111111111112
0 0.5714928534040818 0.44638774565013806 0.004629629629629629 0.011111111111111112
0 0.6047853538569421 0.41331003552278 0.004629629629629629 0.011111111111111112
0 0.3889557665026759 0.6277471739263737 0.004629629629629629 0.011111111111111112
