0 0.19187453297144724 0.8235569156283684 0.004629629629629629 0.011111111111111112
0 0.5618943687974439 0.4559243045496364 0.004629629629629629 0.011111111111111112
0 0.39861020511581574 0.6181550220139637 0.004629629629629629 0.011111111111111112
0 0.4918942498106683 0.5254728098655295 0.004629629629629629 0.011111111111111112
0 0.49174920531125904 0.5256169185939747 0.004629629629629629 0.011111111111111112
0 0.7132202125219875 0.3055747565910574 0.004629629629629629 0.011111111111111112
0 0.7903700250613733 0.22892268477773223 0.004629629629629629 0.011111111111111112
0 0.6965672686066546 0.3221202621585496 0.004629629629629629 0.011111111111111112
0 0.6397018894451588 0.37861876790610016 0.004629629629629629 0.011111111111111112
0 0.7527846442752621 0.2662655792361911 0.004629629629629629 0.011111111111111112
0 0.5801335028717645 0.43780284230805344 0.004629629629629629 0.011111111111111112
0 0.7109142323843484 0.30786585943748607 0.004629629629629629 0.011111111111111112
0 0.8647727272727271 0.155 0.004629629629629629 0.011111111111111112
0 0.6156305607861964 0.40253479767048883 0.004629629629629629 0.011111111111111112
0 0.8505102545176284 0.16917045680184015 0.004629629629629629 0.011111111111111112
0 0.8345956130988977 0.18498242311464355 0.004629629629629629 0.011111111111111112
0 0.6763201626748919 0.34223674160042994 0.004629629629629629 0.011111111111111112
0 0.6435286752142978 0.37481667107740735 0.004629629629629629 0.011111111111111112
0 0.6368505071234369 0.3814517542128433 0.004629629629629629 0.011111111111111112
0 0.6050418909900566 0.4130551534679439 0.004629629629629629 0.011111111111111112
0 0.16022727272727272 0.855 0.004629629629629629 0.011111111111111112
0 0.49754572039947864 0.519857800377292 0.004629629629629629 0.011111111111111112
0 0.6495826283008976 0.36880177575265655 0.004629629629629629 0.011111111111111112
0 0.7840905207458845 0.23516167616215353 0.004629629629629629 0.011111111111111112
0 0.6346695236900249 0.38361866678539447 0.004629629629629629 0.011111111111111112
0 0.7276066686322652 0.29128111632665266 0.004629629629629629 0.011111111111111112
0 0.8149008247229915 0.20455014833973745 0.004629629629629629 0.011111111111111112
0 0.7785045153891341 0.24071164277466664 0.004629629629629629 0.011111111111111112
0 0.7945134501124482 0.2248059915011804 0.004629629629629629 0.011111111111111112
0 0.8604318956399213 0.1593128262674329 0.004629629629629629 0.011111111111111112
