0 0.7254505526485727 0.2934233218846439 0.004629629629629629 0.011111111111111112
0 0.5193354221780263 0.49820867731989643 0.004629629629629629 0.011111111111111112
0 0.8647727272727275 0.1549999999999999 0.004629629629629629 0.011111111111111112
0 0.6899813598843881 0.3286636811471241 0.004629629629629629 0.011111111111111112
0 0.4077722456680929 0.6090520914007335 0.004629629629629629 0.011111111111111112
0 0.21580805599998143 0.799777802425825 0.004629629629629629 0.011111111111111112
0 0.8322747941891864 0.18728826899913098 0.004629629629629629 0.011111111111111112
0 0.5844439183035355 0.43352023600810025 0.004629629629629629 0.011111111111111112
0 0.3670059477226875 0.6495553809722976 0.004629629629629629 0.011111111111111112
0 0.3762827728645223 0.6403384063152489 0.004629629629629629 0.011111111111111112
0 0.32523334559343575 0.6910584824426509 0.004629629629629629 0.011111111111111112
0 0.5164883337439431 0.5010373974415018 0.004629629629629629 0.011111111111111112
0 0.38585429716423536 0.6308286337852113 0.004629629629629629 0.011111111111111112
0 0.5541749618969612 0.4635939088249546 0.004629629629629629 0.011111111111111112
0 0.7587071485726461 0.2603812846439516 0.004629629629629629 0.011111111111111112
0 0.2711903134856807 0.7447528498271302 0.004629629629629629 0.011111111111111112
0 0.19838026573814826 0.8170931553311301 0.004629629629629629 0.011111111111111112
0 0.2960248137886755 0.7200785721067353 0.004629629629629629 0.011111111111111112
0 0.7791764790936722 0.24004401431983535 0.004629629629629629 0.011111111111111112
0 0.8473188945400353 0.172341227360223 0.004629629629629629 0.011111111111111112
0 0.700491916354269 0.31822093471898427 0.004629629629629629 0.011111111111111112
0 0.1826914766235669 0.8326807264514239 0.004629629629629629 0.011111111111111112
0 0.47851036034353805 0.5387703516586783 0.004629629629629629 0.011111111111111112
0 0.6417265364963687 0.37660718309393043 0.004629629629629629 0.011111111111111112
0 0.8509435468099209 0.16873995994369148 0.004629629629629629 0.011111111111111112
0 0.5218551136093021 0.49570524196237076 0.004629629629629629 0.011111111111111112
0 0.5126753191049378 0.5048258119860618 0.004629629629629629 0.011111111111111112
0 0.16022727272727275 0.855 0.004629629629629629 0.011111111111111112
0 0.515545780984287 0.5019738692156116 0.004629629629629629 0.011111111111111112
0 0.7843782669803625 0.2348757863549947 0.004629629629629629 0.011111111111111112
