0 0.25419274980899303 0.7616407518026779 0.004629629629629629 0.011111111111111112
0 0.739721558183361 0.2792443873533059 0.004629629629629629 0.011111111111111112
0 0.16022727272727275 0.855 0.004629629629629629 0.011111111111111112
0 0.4006137989215609 0.6161643546198686 0.004629629629629629 0.011111111111111112
0 0.27907951526174457 0.7369145461270409 0.004629629629629629 0.011111111111111112
0 0.20031885712893294 0.8151670709815764 0.004629629629629629 0.011111111111111112
0 0.26369632399070053 0.7521984910027879 0.004629629629629629 0.011111111111111112
0 0.2902191255414825 0.7258468043007207 0.004629629629629629 0.011111111111111112
0 0.6082007715522735 0.4099166527803218 0.004629629629629629 0.011111111111111112
0 0.360434257260183 0.6560846734318182 0.004629629629629629 0.011111111111111112
0 0.17090368969024466 0.8443924631464665 0.004629629629629629 0.011111111111111112
0 0.34941812098085623 0.6670297378641817 0.004629629629629629 0.011111111111111112
0 0.603483677760417 0.4146033137090051 0.004629629629629629 0.011111111111111112
0 0.23773421488195556 0.7779931026334119 0.004629629629629629 0.011111111111111112
0 0.3271833249044129 0.6891210836433576 0.004629629629629629 0.011111111111111112
0 0.4592327841597651 0.5579235563832011 0.004629629629629629 0.011111111111111112
0 0.8647727272727275 0.155 0.004629629629629629 0.011111111111111112
0 0.3597301729514673 0.6567842152611229 0.004629629629629629 0.011111111111111112
0 0.17513640183381643 0.8401870588231759 0.004629629629629629 0.011111111111111112
0 0.2925631923149915 0.7235178605386536 0.004629629629629629 0.011111111111111112
0 0.23179044347218916 0.7838985271308573 0.004629629629629629 0.011111111111111112
0 0.19259818286120478 0.8228379344475772 0.004629629629629629 0.011111111111111112
0 0.1853347414707049 0.8300545149258803 0.004629629629629629 0.011111111111111112
0 0.44276939350706424 0.5742807316123363 0.004629629629629629 0.011111111111111112
0 0.24845825584406905 0.7673382490323443 0.004629629629629629 0.011111111111111112
0 0.5254280585131264 0.4921553483159906 0.004629629629629629 0.011111111111111112
0 0.19015495196477403 0.825265402564031 0.004629629629629629 0.011111111111111112
0 0.3141676201814198 0.7020528160778151 0.004629629629629629 0.011111111111111112
0 0.5907677140181781 0.4272372389754876 0.004629629629629629 0.011111111111111112
0 0.1817695595005129 0.8335966957220711 0.004629629629629629 0.011111111111111112
