0 0.27756095484282856 0.7384233093819639 0.004629629629629629 0.011111111111111112
0 0.5757426335787352 0.4421653834120954 0.004629629629629629 0.011111111111111112
0 0.8395838618505919 0.1800263566129604 0.004629629629629629 0.011111111111111112
0 0.7723454072934353 0.24683101468910298 0.004629629629629629 0.011111111111111112
0 0.42569252238069505 0.5912474293765998 0.004629629629629629 0.011111111111111112
0 0.2021865411886993 0.813311436496389 0.004629629629629629 0.011111111111111112
0 0.7295426962672991 0.2893575791924899 0.004629629629629629 0.011111111111111112
0 0.23101976538068564 0.7846642331056414 0.004629629629629629 0.011111111111111112
0 0.4391863536679122 0.5778406550654293 0.004629629629629629 0.011111111111111112
0 0.1815039541153465 0.8338605875241074 0.004629629629629629 0.011111111111111112
0 0.34475879647518076 0.6716590022117559 0.004629629629629629 0.011111111111111112
0 0.41519668585204655 0.60167555083087 0.004629629629629629 0.011111111111111112
0 0.44354768277869067 0.573507463561817 0.004629629629629629 0.011111111111111112
0 0.3030774657117027 0.7130714211638567 0.004629629629629629 0.011111111111111112
0 0.8647727272727272 0.155 0.004629629629629629 0.011111111111111112
0 0.4802798311773218 0.5370122967657578 0.004629629629629629 0.011111111111111112
0 0.2487577318262896 0.7670407051532349 0.004629629629629629 0.011111111111111112
0 0.8262727622647706 0.19325157813693772 0.004629629629629629 0.011111111111111112
0 0.7612731816706205 0.2578318065982222 0.004629629629629629 0.011111111111111112
0 0.1811241681157255 0.8342379232914727 0.004629629629629629 0.011111111111111112
0 0.1609513609186076 0.8542805833453835 0.004629629629629629 0.011111111111111112
0 0.16022727272727275 0.855 0.004629629629629629 0.011111111111111112
0 0.5165261937082539 0.5009997817350251 0.004629629629629629 0.011111111111111112
0 0.20737177407716514 0.8081596567233328 0.004629629629629629 0.011111111111111112
0 0.2908207239976853 0.7252490871248803 0.004629629629629629 0.011111111111111112
0 0.5655358354654546 0.4523063312149677 0.004629629629629629 0.011111111111111112
0 0.6651165293911038 0.35336809337916136 0.004629629629629629 0.011111111111111112
0 0.5476339276721033 0.4700927428290071 0.004629629629629629 0.011111111111111112
0 0.844772072217743 0.17487161857075864 0.004629629629629629 0.011111111111111112
0 0.4419438649839037 0.5751009341450248 0.004629629629629629 0.011111111111111112
