0 0.23416612351384197 0.781538174057215 0.004629629629629629 0.011111111111111112
0 0.2831804548009683 0.7328400642622637 0.004629629629629629 0.011111111111111112
0 0.19585335619703015 0.8196037622300476 0.004629629629629629 0.011111111111111112
0 0.16022727272727272 0.855 0.004629629629629629 0.011111111111111112
0 0.36869161424105334 0.6478805897217922 0.004629629629629629 0.011111111111111112
0 0.3226170752564426 0.6936578736161796 0.004629629629629629 0.011111111111111112
0 0.17751571740816585 0.8378230936718869 0.004629629629629629 0.011111111111111112
0 0.16961900683339004 0.8456688577268254 0.004629629629629629 0.011111111111111112
0 0.2690457367450909 0.7468835905887483 0.004629629629629629 0.011111111111111112
0 0.21480614342394294 0.8007732510497599 0.004629629629629629 0.011111111111111112
0 0.17439038887974148 0.8409282587904504 0.004629629629629629 0.011111111111111112
0 0.8418901723282907 0.17773492555769826 0.004629629629629629 0.011111111111111112
0 0.3004102086372148 0.7157214701281867 0.004629629629629629 0.011111111111111112
0 0.322951604756288 0.693325502371172 0.004629629629629629 0.011111111111111112
0 0.2637332919059299 0.7521617615902374 0.004629629629629629 0.011111111111111112
0 0.5613434622168938 0.45647165689418284 0.004629629629629629 0.011111111111111112
0 0.31916569389170685 0.6970869880043686 0.004629629629629629 0.011111111111111112
0 0.18234463813528026 0.8330253272720441 0.004629629629629629 0.011111111111111112
0 0.3076917828973592 0.7084868737664947 0.004629629629629629 0.011111111111111112
0 0.5776774979920904 0.4402430019949553 0.004629629629629629 0.011111111111111112
0 0.3655754639765443 0.6509766357910463 0.004629629629629629 0.011111111111111112
0 0.19337206590018596 0.8220690442023958 0.004629629629629629 0.011111111111111112
0 0.3896554162752379 0.627052038023312 0.004629629629629629 0.011111111111111112
0 0.5357228556190128 0.4819269692559485 0.004629629629629629 0.011111111111111112
0 0.8647727272727271 0.155 0.004629629629629629 0.011111111111111112
0 0.3587679892064959 0.6577401913690298 0.004629629629629629 0.011111111111111112
0 0.5142961275842388 0.5032154603356596 0.004629629629629629 0.011111111111111112
0 0.16781977357043507 0.8474564830332452 0.004629629629629629 0.011111111111111112
0 0.19841551720368814 0.8170581312944003 0.004629629629629629 0.011111111111111112
0 0.49164795687371005 0.5257175138157977 0.004629629629629629 0.011111111111111112
