0 0.7264272528173171 0.2924529230073106 0.004629629629629629 0.011111111111111112
0 0.6072149603309159 0.41089610392928355 0.004629629629629629 0.011111111111111112
0 0.7162533929701512 0.3025611450490109 0.004629629629629629 0.011111111111111112
0 0.8647727272727271 0.1550000000000001 0.004629629629629629 0.011111111111111112
0 0.22665979592665417 0.7889960737244855 0.004629629629629629 0.011111111111111112
0 0.300699635853286 0.7154339101844771 0.004629629629629629 0.011111111111111112
0 0.16022727272727275 0.855 0.004629629629629629 0.011111111111111112
0 0.23641605259542453 0.7793027606471267 0.004629629629629629 0.011111111111111112
0 0.7210948973379302 0.2977508761932822 0.004629629629629629 0.011111111111111112
0 0.641916979804367 0.37641796845243525 0.004629629629629629 0.011111111111111112
0 0.3001666790812189 0.7159634285257567 0.004629629629629629 0.011111111111111112
0 0.4502780053208668 0.5668205624553968 0.004629629629629629 0.011111111111111112
0 0.36154562842405785 0.6549804724044845 0.004629629629629629 0.011111111111111112
0 0.5170294980324147 0.5004997245355364 0.004629629629629629 0.011111111111111112
0 0.6507072645439935 0.36768439522725804 0.004629629629629629 0.011111111111111112
0 0.20422321507261457 0.811287902443983 0.004629629629629629 0.011111111111111112
0 0.39748135272088303 0.6192765914902195 0.004629629629629629 0.011111111111111112
0 0.5702055294329912 0.4476667643052862 0.004629629629629629 0.011111111111111112
0 0.5565813037345931 0.461203091773372 0.004629629629629629 0.011111111111111112
0 0.6057948583596865 0.41230704395231155 0.004629629629629629 0.011111111111111112
0 0.5199670574807403 0.49758111708365155 0.004629629629629629 0.011111111111111112
0 0.4510491103192224 0.5660544323279983 0.004629629629629629 0.011111111111111112
0 0.33656760181012724 0.6797973504596154 0.004629629629629629 0.011111111111111112
0 0.4471474384247421 0.5699309321457402 0.004629629629629629 0.011111111111111112
0 0.244534701387727 0.7712364902341294 0.004629629629629629 0.011111111111111112
0 0.6004841935504227 0.41758344640796713 0.004629629629629629 0.011111111111111112
0 0.5299690155185371 0.4876436878073889 0.004629629629629629 0.011111111111111112
0 0.854492306886899 0.16521409509301624 0.004629629629629629 0.011111111111111112
0 0.23048622448769407 0.7851943317993233 0.004629629629629629 0.011111111111111112
0 0.5163022997947435 0.5012222311716742 0.004629629629629629 0.011111111111111112
