0 0.41763621154050773 0.5992517640178182 0.004629629629629629 0.011111111111111112
0 0.22957190927804297 0.7861027482011702 0.004629629629629629 0.011111111111111112
0 0.6419676792318173 0.3763675961180654 0.004629629629629629 0.011111111111111112
0 0.2706941345282974 0.7452458276299496 0.004629629629629629 0.011111111111111112
0 0.23835422866704575 0.7773770889372578 0.004629629629629629 0.011111111111111112
0 0.47752459578590295 0.5397497564449738 0.004629629629629629 0.011111111111111112
0 0.2822356189806357 0.7337788043676264 0.004629629629629629 0.011111111111111112
0 0.5971894051559123 0.4208569781031581 0.004629629629629629 0.011111111111111112
0 0.17548300274762665 0.8398426940442936 0.004629629629629629 0.011111111111111112
0 0.23168128817907374 0.7840069781962752 0.004629629629629629 0.011111111111111112
0 0.31418507309570565 0.7020354757629764 0.004629629629629629 0.011111111111111112
0 0.22792977621181487 0.7877342868605194 0.004629629629629629 0.011111111111111112
0 0.3238291440913047 0.6924536245802522 0.004629629629629629 0.011111111111111112
0 0.45314071059171396 0.5639763262508132 0.004629629629629629 0.011111111111111112
0 0.4497047326845804 0.5673901365585459 0.004629629629629629 0.011111111111111112
0 0.36530562007165424 0.6512447387675177 0.004629629629629629 0.011111111111111112
0 0.17504400730898748 0.8402788572542963 0.004629629629629629 0.011111111111111112
0 0.3531015250079003 0.6633700977340862 0.004629629629629629 0.011111111111111112
0 0.235669584762656 0.7800444125583933 0.004629629629629629 0.011111111111111112
0 0.40420297731706656 0.6125983322140113 0.004629629629629629 0.011111111111111112
0 0.2557817163958888 0.7600620366131169 0.004629629629629629 0.011111111111111112
0 0.3325205748075562 0.6838182676105571 0.004629629629629629 0.011111111111111112
0 0.21111650010400762 0.804439090219244 0.004629629629629629 0.011111111111111112
0 0.8647727272727272 0.155 0.004629629629629629 0.011111111111111112
0 0.6132510170379736 0.4048989895235618 0.004629629629629629 0.011111111111111112
0 0.3456815062358983 0.6707422454172366 0.004629629629629629 0.011111111111111112
0 0.3016344983972408 0.7145050790117736 0.004629629629629629 0.011111111111111112
0 0.3689850059832932 0.6475890908295023 0.004629629629629629 0.011111111111111112
0 0.4746139534887804 0.5426416204046957 0.004629629629629629 0.011111111111111112
0 0.16022727272727275 0.855 0.004629629629629629 0.011111111111111112
