0 0.7934186661812426 0.22589371231024927 0.004629629629629629 0.011111111111111112
0 0.8626800447722667 0.15707918132303825 0.004629629629629629 0.011111111111111112
0 0.7835374249163801 0.23571120363146758 0.004629629629629629 0.011111111111111112
0 0.8467534560302569 0.17290301787961584 0.004629629629629629 0.011111111111111112
0 0.859242549105433 0.16049449959847312 0.004629629629629629 0.011111111111111112
0 0.8027369293389125 0.21663556697940317 0.004629629629629629 0.011111111111111112
0 0.3665258768013784 0.6500323546618563 0.004629629629629629 0.011111111111111112
0 0.6832049763851282 0.33539634604316293 0.004629629629629629 0.011111111111111112
0 0.8549040521481451 0.16480500625281091 0.004629629629629629 0.011111111111111112
0 0.8644990420743844 0.15527191948738572 0.004629629629629629 0.011111111111111112
0 0.16022727272727272 0.855 0.004629629629629629 0.011111111111111112
0 0.2501908875425238 0.765616795602912 0.004629629629629629 0.011111111111111112
0 0.7564048152778671 0.2626687641755385 0.004629629629629629 0.011111111111111112
0 0.6417473043941936 0.3765865491825432 0.004629629629629629 0.011111111111111112
0 0.8082433590526806 0.21116466261862685 0.004629629629629629 0.011111111111111112
0 0.5170553132676494 0.5004740758502064 0.004629629629629629 0.011111111111111112
0 0.6297105705850841 0.38854562664449727 0.004629629629629629 0.011111111111111112
0 0.729625222686064 0.2892755852022332 0.004629629629629629 0.011111111111111112
0 0.8618693844382884 0.1578846115903457 0.004629629629629629 0.011111111111111112
0 0.8158137725646498 0.2036430904841543 0.004629629629629629 0.011111111111111112
0 0.8393579195269916 0.18025084124415047 0.004629629629629629 0.011111111111111112
0 0.526865831526094 0.49072685125794524 0.004629629629629629 0.011111111111111112
0 0.30071604033657906 0.7154176115365602 0.004629629629629629 0.011111111111111112
0 0.7451749756740623 0.2738261532012541 0.004629629629629629 0.011111111111111112
0 0.76041700978976 0.2586824547895287 0.004629629629629629 0.011111111111111112
0 0.8590066394271393 0.1607288872788422 0.004629629629629629 0.011111111111111112
0 0.8171368598848823 0.2023285392111493 0.004629629629629629 0.011111111111111112
0 0.8412864869625426 0.1783347161791512 0.004629629629629629 0.011111111111111112
0 0.8647727272727271 0.155 0.004629629629629629 0.011111111111111112
0 0.783316589812937 0.23593061399230783 0.004629629629629629 0.011111111111111112
