0 0.4104521235064605 0.606389503096807 0.004629629629629629 0.011111111111111112
0 0.5583234092507269 0.45947222564766493 0.004629629629629629 0.011111111111111112
0 0.6702165626265865 0.34830096358390755 0.004629629629629629 0.011111111111111112
0 0.264895301239587 0.7510072490909909 0.004629629629629629 0.011111111111111112
0 0.6242907219853445 0.39393050847907707 0.004629629629629629 0.011111111111111112
0 0.2852485632140206 0.7307852984841344 0.004629629629629629 0.011111111111111112
0 0.17426103935528753 0.8410567738018433 0.004629629629629629 0.011111111111111112
0 0.6363357038811218 0.3819632361439178 0.004629629629629629 0.011111111111111112
0 0.16022727272727275 0.855 0.004629629629629629 0.011111111111111112
0 0.5006693933809973 0.5167542801246866 0.004629629629629629 0.011111111111111112
0 0.2172836984654654 0.7983116802343118 0.004629629629629629 0.011111111111111112
0 0.36816626377852124 0.6484025508265016 0.004629629629629629 0.011111111111111112
0 0.6949055327219453 0.3237712771665833 0.004629629629629629 0.011111111111111112
0 0.4346638774860609 0.5823339539815912 0.004629629629629629 0.011111111111111112
0 0.5215522598319855 0.4960061418443498 0.004629629629629629 0.011111111111111112
0 0.5513920638240704 0.4663588527167301 0.004629629629629629 0.011111111111111112
0 0.47714129954443385 0.5401305798074658 0.004629629629629629 0.011111111111111112
0 0.5933485826270885 0.42467302113179595 0.004629629629629629 0.011111111111111112
0 0.8121038785799822 0.2073290496689208 0.004629629629629629 0.011111111111111112
0 0.36987328963082805 0.6467065380442095 0.004629629629629629 0.011111111111111112
0 0.8284388197329916 0.19109949523302772 0.004629629629629629 0.011111111111111112
0 0.2392059576787624 0.7765308549514232 0.004629629629629629 0.011111111111111112
0 0.5295619200645336 0.4880481568391086 0.004629629629629629 0.011111111111111112
0 0.8621944325409536 0.15756166057221377 0.004629629629629629 0.011111111111111112
0 0.6517843432609648 0.36661426540523495 0.004629629629629629 0.011111111111111112
0 0.4644791243736869 0.5527110635254981 0.004629629629629629 0.011111111111111112
0 0.8647727272727272 0.155 0.004629629629629629 0.011111111111111112
0 0.657817410084747 0.3606201215932191 0.004629629629629629 0.011111111111111112
0 0.5819606831415748 0.4359874502980483 0.004629629629629629 0.011111111111111112
0 0.3631778547344853 0.6533587765863824 0.004629629629629629 0.011111111111111112
