0 0.5885389254429405 0.42945164826959453 0.004629629629629629 0.011111111111111112
0 0.34643175244578284 0.6699968395054803 0.004629629629629629 0.011111111111111112
0 0.31001466417020757 0.7061789788244389 0.004629629629629629 0.011111111111111112
0 0.16070130503194607 0.8545290259682601 0.004629629629629629 0.011111111111111112
0 0.3843484225543801 0.632324793075003 0.004629629629629629 0.011111111111111112
0 0.351268382354684 0.6651914136605076 0.004629629629629629 0.011111111111111112
0 0.31550661258472656 0.7007224623351749 0.004629629629629629 0.011111111111111112
0 0.2539529619384397 0.7618789926547115 0.004629629629629629 0.011111111111111112
0 0.23570640070822735 0.7800078341350516 0.004629629629629629 0.011111111111111112
0 0.20151381546490893 0.8139798220542196 0.004629629629629629 0.011111111111111112
0 0.21457741417985823 0.8010005046213022 0.004629629629629629 0.011111111111111112
0 0.29152266561661355 0.7245516741615582 0.004629629629629629 0.011111111111111112
0 0.19301084749413636 0.8224279321671162 0.004629629629629629 0.011111111111111112
0 0.505400013531851 0.5120541801038383 0.004629629629629629 0.011111111111111112
0 0.4552739975980122 0.5618568023864912 0.004629629629629629 0.011111111111111112
0 0.3615314093716265 0.6549945997210936 0.004629629629629629 0.011111111111111112
0 0.19230017526027465 0.823134019418824 0.004629629629629629 0.011111111111111112
0 0.17893704995284568 0.8364109310145921 0.004629629629629629 0.011111111111111112
0 0.8373542944479355 0.18224153970979318 0.004629629629629629 0.011111111111111112
0 0.24659995322158948 0.7691845626056465 0.004629629629629629 0.011111111111111112
0 0.36901482841220706 0.6475594608033556 0.004629629629629629 0.011111111111111112
0 0.17188692717062998 0.8434155691336966 0.004629629629629629 0.011111111111111112
0 0.16377733531016817 0.8514728410466716 0.004629629629629629 0.011111111111111112
0 0.35381186504955375 0.6626643405314112 0.004629629629629629 0.011111111111111112
0 0.8647727272727271 0.1550000000000001 0.004629629629629629 0.011111111111111112
0 0.16022727272727275 0.855 0.004629629629629629 0.011111111111111112
0 0.3157537441197202 0.7004769251971813 0.004629629629629629 0.011111111111111112
0 0.739231416410287 0.2797313669213922 0.004629629629629629 0.011111111111111112
0 0.4470596489695733 0.5700181552173272 0.004629629629629629 0.011111111111111112
0 0.307812836867668 0.7083666007895427 0.004629629629629629 0.011111111111111112
