0 0.3897948977209908 0.6269134564578543 0.004629629629629629 0.011111111111111112
0 0.5838589752324023 0.4341014052529681 0.004629629629629629 0.011111111111111112
0 0.7954119906609695 0.2239132479884562 0.004629629629629629 0.011111111111111112
0 0.3173514782728167 0.6988894990063629 0.004629629629629629 0.011111111111111112
0 0.2718379676465919 0.7441093740801602 0.004629629629629629 0.011111111111111112
0 0.6464355228687446 0.37192857727879564 0.004629629629629629 0.011111111111111112
0 0.18014163961430307 0.8352141128993376 0.004629629629629629 0.011111111111111112
0 0.5399176014665212 0.4777592862848757 0.004629629629629629 0.011111111111111112
0 0.605717182564241 0.4123842186135928 0.004629629629629629 0.011111111111111112
0 0.37416084435045777 0.6424466449679324 0.004629629629629629 0.011111111111111112
0 0.16022727272727275 0.855 0.004629629629629629 0.011111111111111112
0 0.22122683665344237 0.7943939816475477 0.004629629629629629 0.011111111111111112
0 0.20825930084022592 0.8072778559393885 0.004629629629629629 0.011111111111111112
0 0.1741696914655311 0.8411475323503755 0.004629629629629629 0.011111111111111112
0 0.339035563370717 0.6773453112316747 0.004629629629629629 0.011111111111111112
0 0.8647727272727272 0.1549999999999999 0.004629629629629629 0.011111111111111112
0 0.27934720943732205 0.7366485790106607 0.004629629629629629 0.011111111111111112
0 0.45517008943849 0.5619600401707905 0.004629629629629629 0.011111111111111112
0 0.44422019470128116 0.5728392904258238 0.004629629629629629 0.011111111111111112
0 0.188780199166691 0.8266312859892232 0.004629629629629629 0.011111111111111112
0 0.22621202972889695 0.7894409511080637 0.004629629629629629 0.011111111111111112
0 0.48468217345277403 0.5326383566985341 0.004629629629629629 0.011111111111111112
0 0.1787419786855144 0.8366047437576181 0.004629629629629629 0.011111111111111112
0 0.6818088014615529 0.33678351338658613 0.004629629629629629 0.011111111111111112
0 0.21191132883315114 0.8036493894173854 0.004629629629629629 0.011111111111111112
0 0.40313348771362795 0.6136609218845245 0.004629629629629629 0.011111111111111112
0 0.49709989611119065 0.5203007483798493 0.004629629629629629 0.011111111111111112
0 0.24244496981104163 0.7733127396716103 0.004629629629629629 0.011111111111111112
0 0.3279165879486792 0.6883925513284092 0.004629629629629629 0.011111111111111112
0 0.7785935586102218 0.24062317402597308 0.004629629629629629 0.011111111111111112
