0 0.39881123206248076 0.6179552920153417 0.004629629629629629 0.011111111111111112
0 0.2596963610151899 0.7561726477655533 0.004629629629629629 0.011111111111111112
0 0.4668828225708353 0.5503228730586539 0.004629629629629629 0.011111111111111112
0 0.686461584237556 0.33216074856397687 0.004629629629629629 0.011111111111111112
0 0.8647727272727272 0.1550000000000001 0.004629629629629629 0.011111111111111112
0 0.5823924267099146 0.4355584921720848 0.004629629629629629 0.011111111111111112
0 0.19753812253263833 0.817929865354669 0.004629629629629629 0.011111111111111112
0 0.39138404565604057 0.6253345610901274 0.004629629629629629 0.011111111111111112
0 0.170482234210614 0.8448111995584868 0.004629629629629629 0.011111111111111112
0 0.4071357687885728 0.6096844619778051 0.004629629629629629 0.011111111111111112
0 0.16022727272727275 0.855 0.004629629629629629 0.011111111111111112
0 0.305991405207114 0.7101762812780933 0.004629629629629629 0.011111111111111112
0 0.16372392860478222 0.851525903192668 0.004629629629629629 0.011111111111111112
0 0.8056695189107154 0.21372189734032157 0.004629629629629629 0.011111111111111112
0 0.20019971580147494 0.8152854436553088 0.004629629629629629 0.011111111111111112
0 0.6872272814010375 0.3313999913821951 0.004629629629629629 0.011111111111111112
0 0.3662124228138448 0.6503437863655994 0.004629629629629629 0.011111111111111112
0 0.22178677192999 0.7938376588566551 0.004629629629629629 0.011111111111111112
0 0.38251906488021736 0.6341423484415906 0.004629629629629629 0.011111111111111112
0 0.35132728871051216 0.6651328873456847 0.004629629629629629 0.011111111111111112
0 0.23664969573206313 0.7790706248855631 0.004629629629629629 0.011111111111111112
0 0.17409124007121107 0.8412254776066677 0.004629629629629629 0.011111111111111112
0 0.2217693605957029 0.7938549578597534 0.004629629629629629 0.011111111111111112
0 0.29068608332648627 0.7253828591465878 0.004629629629629629 0.011111111111111112
0 0.27896198035450825 0.7370313227445531 0.004629629629629629 0.011111111111111112
0 0.22328011956401284 0.7923539457234969 0.004629629629629629 0.011111111111111112
0 0.324281570212767 0.6920041173369927 0.004629629629629629 0.011111111111111112
0 0.5226453855334973 0.4949200685667189 0.004629629629629629 0.011111111111111112
0 0.47102564418230275 0.5462067793285509 0.004629629629629629 0.011111111111111112
0 0.3794808428803468 0.6371609690092039 0.004629629629629629 0.011111111111111112
