0 0.593684051171561 0.42433971690051364 0.004629629629629629 0.011111111111111112
0 0.3054477173125427 0.7107164615088285 0.004629629629629629 0.011111111111111112
0 0.8647727272727271 0.155 0.004629629629629629 0.011111111111111112
0 0.5453781946244477 0.47233392276022607 0.004629629629629629 0.011111111111111112
0 0.16443043891233725 0.8508239510161294 0.004629629629629629 0.011111111111111112
0 0.4183084783696246 0.5985838343940504 0.004629629629629629 0.011111111111111112
0 0.2140904057491998 0.8014843710620853 0.004629629629629629 0.011111111111111112
0 0.3611090601725803 0.6554142240865977 0.004629629629629629 0.011111111111111112
0 0.34256642400143195 0.6738372303469644 0.004629629629629629 0.011111111111111112
0 0.2284327705380675 0.7872345376589523 0.004629629629629629 0.011111111111111112
0 0.22747793261533752 0.7881832153370194 0.004629629629629629 0.011111111111111112
0 0.26066782996657606 0.755207446355789 0.004629629629629629 0.011111111111111112
0 0.22095375510856996 0.7946653013760014 0.004629629629629629 0.011111111111111112
0 0.18121555365954842 0.8341471273318035 0.004629629629629629 0.011111111111111112
0 0.609073638418618 0.409049417313115 0.004629629629629629 0.011111111111111112
0 0.162144096051828 0.8530955432775386 0.004629629629629629 0.011111111111111112
0 0.2457937880201004 0.7699855267413196 0.004629629629629629 0.011111111111111112
0 0.2068618336256698 0.8086663072364313 0.004629629629629629 0.011111111111111112
0 0.4649512697156661 0.5522419642824995 0.004629629629629629 0.011111111111111112
0 0.17628374027528737 0.8390471225651984 0.004629629629629629 0.011111111111111112
0 0.31545194539636917 0.7007767768319946 0.004629629629629629 0.011111111111111112
0 0.16022727272727275 0.855 0.004629629629629629 0.011111111111111112
0 0.2577487172776535 0.7581077260596216 0.004629629629629629 0.011111111111111112
0 0.21661305968346212 0.7989779923144956 0.004629629629629629 0.011111111111111112
0 0.25409380572865053 0.7617390575341149 0.004629629629629629 0.011111111111111112
0 0.25315925797490074 0.7626675759475179 0.004629629629629629 0.011111111111111112
0 0.2976429147614235 0.7184709104951017 0.004629629629629629 0.011111111111111112
0 0.1771813531046189 0.8381553007863786 0.004629629629629629 0.011111111111111112
0 0.4636677395872412 0.5535172135713861 0.004629629629629629 0.011111111111111112
0 0.16834825216864416 0.8469314139743793 0.004629629629629629 0.011111111111111112
