0 0.1698640333187512 0.8454254120574988 0.004629629629629629 0.011111111111111112
0 0.21831342446400395 0.7972885976293123 0.004629629629629629 0.011111111111111112
0 0.7027807816685909 0.3159468362776581 0.004629629629629629 0.011111111111111112
0 0.19440517187154635 0.8210426034308507 0.004629629629629629 0.011111111111111112
0 0.16799664895103839 0.8472807487841296 0.004629629629629629 0.011111111111111112
0 0.5764859471526039 0.441426865409671 0.004629629629629629 0.011111111111111112
0 0.18572765789641302 0.8296641334448542 0.004629629629629629 0.011111111111111112
0 0.22364707771525208 0.7919893550442011 0.004629629629629629 0.011111111111111112
0 0.23514572905137426 0.7805648885554087 0.004629629629629629 0.011111111111111112
0 0.16895095360327467 0.8463326009361013 0.004629629629629629 0.011111111111111112
0 0.8647727272727275 0.1549999999999999 0.004629629629629629 0.011111111111111112
0 0.31668984759419594 0.6995468610999602 0.004629629629629629 0.011111111111111112
0 0.1793824470138944 0.8359684074829695 0.004629629629629629 0.011111111111111112
0 0.5568312606496497 0.4609547474835739 0.004629629629629629 0.011111111111111112
0 0.24537352162349862 0.7704030817418143 0.004629629629629629 0.011111111111111112
0 0.19714970925678774 0.8183157727384173 0.004629629629629629 0.011111111111111112
0 0.16022727272727275 0.855 0.004629629629629629 0.011111111111111112
0 0.17389186962461206 0.8414235617923209 0.004629629629629629 0.011111111111111112
0 0.38263121410516276 0.6340309227600318 0.004629629629629629 0.011111111111111112
0 0.1635225030196484 0.8517260292578978 0.004629629629629629 0.011111111111111112
0 0.17319000649444294 0.8421208967732632 0.004629629629629629 0.011111111111111112
0 0.21033116774097962 0.8052193559218653 0.004629629629629629 0.011111111111111112
0 0.19570131506958788 0.8197548224469902 0.004629629629629629 0.011111111111111112
0 0.30648424092607257 0.7096866251444183 0.004629629629629629 0.011111111111111112
0 0.5462441536249053 0.4714735505920296 0.004629629629629629 0.011111111111111112
0 0.3507755347335418 0.6656810816195778 0.004629629629629629 0.011111111111111112
0 0.19565321856791512 0.8198026086486521 0.004629629629629629 0.011111111111111112
0 0.25737151912522127 0.7584824906755866 0.004629629629629629 0.011111111111111112
0 0.6748657067601612 0.34368181392861413 0.004629629629629629 0.011111111111111112
0 0.21700951906087781 0.798584090739515 0.004629629629629629 0.011111111111111112
