0 0.3819516796113923 0.6347060731602941 0.004629629629629629 0.011111111111111112
0 0.6835788741296902 0.33502486054211433 0.004629629629629629 0.011111111111111112
0 0.4786949403279168 0.5385869625129085 0.004629629629629629 0.011111111111111112
0 0.664212227424467 0.3542665611395619 0.004629629629629629 0.011111111111111112
0 0.16022727272727272 0.855 0.004629629629629629 0.011111111111111112
0 0.8640404523610516 0.15572755055740664 0.004629629629629629 0.011111111111111112
0 0.3679271105697268 0.6486401611113682 0.004629629629629629 0.011111111111111112
0 0.5156555221261037 0.5018648360811616 0.004629629629629629 0.011111111111111112
0 0.7795266661259888 0.239696086558695 0.004629629629629629 0.011111111111111112
0 0.5318783891361427 0.4857466327292517 0.004629629629629629 0.011111111111111112
0 0.5519111902561886 0.46584307548739967 0.004629629629629629 0.011111111111111112
0 0.8647727272727272 0.155 0.004629629629629629 0.011111111111111112
0 0.6767219785759806 0.3418375180599935 0.004629629629629629 0.011111111111111112
0 0.43007683691452364 0.5868914007429895 0.004629629629629629 0.011111111111111112
0 0.7093150303362633 0.309454744053003 0.004629629629629629 0.011111111111111112
0 0.5863217543670926 0.4316545150159209 0.004629629629629629 0.011111111111111112
0 0.28834829780221116 0.7277055621836096 0.004629629629629629 0.011111111111111112
0 0.5524414884320188 0.46531619859012313 0.004629629629629629 0.011111111111111112
0 0.418438462487999 0.5984546888828913 0.004629629629629629 0.011111111111111112
0 0.6962935724259663 0.32239219255742696 0.004629629629629629 0.011111111111111112
0 0.43587125265949833 0.5811343683254018 0.004629629629629629 0.011111111111111112
0 0.5759264423030065 0.44198276055056124 0.004629629629629629 0.011111111111111112
0 0.6807470620846362 0.3378384028320388 0.004629629629629629 0.011111111111111112
0 0.5802996543034116 0.43763776282112654 0.004629629629629629 0.011111111111111112
0 0.7742778673221342 0.24491102214446017 0.004629629629629629 0.011111111111111112
0 0.7038181188580146 0.3149161915862305 0.004629629629629629 0.011111111111111112
0 0.6063415852212083 0.41176384436086405 0.004629629629629629 0.011111111111111112
0 0.5988923147399366 0.41916505503257906 0.004629629629629629 0.011111111111111112
0 0.2534959946932918 0.7623330117240843 0.004629629629629629 0.011111111111111112
0 0.6853763429761206 0.3332389882688866 0.004629629629629629 0.011111111111111112
