0 0.29474639238053524 0.7213487456348231 0.004629629629629629 0.011111111111111112
0 0.29007098710226825 0.7259939870080689 0.004629629629629629 0.011111111111111112
0 0.234963582405035 0.7807458600620942 0.004629629629629629 0.011111111111111112
0 0.21426470202236733 0.8013111992810027 0.004629629629629629 0.011111111111111112
0 0.20574095574510304 0.8097799536468008 0.004629629629629629 0.011111111111111112
0 0.22757719586581235 0.7880845924946123 0.004629629629629629 0.011111111111111112
0 0.19580873238648758 0.8196480981450381 0.004629629629629629 0.011111111111111112
0 0.24957208500447137 0.7662316058665253 0.004629629629629629 0.011111111111111112
0 0.28580281545472486 0.7302346220643379 0.004629629629629629 0.011111111111111112
0 0.2526961099288568 0.763127735941652 0.004629629629629629 0.011111111111111112
0 0.28181360301045477 0.7341980976541288 0.004629629629629629 0.011111111111111112
0 0.36780443809514274 0.6487620421506324 0.004629629629629629 0.011111111111111112
0 0.16022727272727272 0.855 0.004629629629629629 0.011111111111111112
0 0.29241014927416653 0.7236699162050216 0.004629629629629629 0.011111111111111112
0 0.5211323007255185 0.49642339153722687 0.004629629629629629 0.011111111111111112
0 0.22660368832293643 0.7890518193436632 0.004629629629629629 0.011111111111111112
0 0.4268002840771511 0.5901468145297982 0.004629629629629629 0.011111111111111112
0 0.17104405634131056 0.8442530020866978 0.004629629629629629 0.011111111111111112
0 0.22629286112798583 0.7893606412018721 0.004629629629629629 0.011111111111111112
0 0.17085614133595628 0.844439704737179 0.004629629629629629 0.011111111111111112
0 0.17529020190641995 0.8400342510091053 0.004629629629629629 0.011111111111111112
0 0.2860664874318526 0.72997265119674 0.004629629629629629 0.011111111111111112
0 0.37761402573464575 0.6390157421733197 0.004629629629629629 0.011111111111111112
0 0.20835456336166003 0.8071832080148669 0.004629629629629629 0.011111111111111112
0 0.2079355868642355 0.8075994814381144 0.004629629629629629 0.011111111111111112
0 0.8647727272727272 0.1550000000000001 0.004629629629629629 0.011111111111111112
0 0.4153250038196315 0.6015480607211402 0.004629629629629629 0.011111111111111112
0 0.1859713777179467 0.8294219860092659 0.004629629629629629 0.011111111111111112
0 0.19930188838639507 0.8161774786354526 0.004629629629629629 0.011111111111111112
0 0.5429752711839486 0.47472134346885114 0.004629629629629629 0.011111111111111112
