0 0.4494978663332789 0.567595668288226 0.004629629629629629 0.011111111111111112
0 0.593052483453575 0.424967209988061 0.004629629629629629 0.011111111111111112
0 0.439659946099181 0.5773701180692009 0.004629629629629629 0.011111111111111112
0 0.3136496956038128 0.7025673992065344 0.004629629629629629 0.011111111111111112
0 0.27637168881768626 0.739604902723073 0.004629629629629629 0.011111111111111112
0 0.3982840883360027 0.6184790348145522 0.004629629629629629 0.011111111111111112
0 0.5081333509403656 0.5093384771302175 0.004629629629629629 0.011111111111111112
0 0.4426249172985421 0.5744242757162872 0.004629629629629629 0.011111111111111112
0 0.5835390465639917 0.43441926986545343 0.004629629629629629 0.011111111111111112
0 0.44523920649939197 0.5718268528973783 0.004629629629629629 0.011111111111111112
0 0.3885282025507914 0.6281719794011492 0.004629629629629629 0.011111111111111112
0 0.27645917065501663 0.7395179852846931 0.004629629629629629 0.011111111111111112
0 0.2608848689654223 0.7549918076085482 0.004629629629629629 0.011111111111111112
0 0.2140309623447581 0.8015434309606919 0.004629629629629629 0.011111111111111112
0 0.5500501040205276 0.4676921547150887 0.004629629629629629 0.011111111111111112
0 0.5236223558358197 0.4939494012986049 0.004629629629629629 0.011111111111111112
0 0.36936874354159194 0.647207828997386 0.004629629629629629 0.011111111111111112
0 0.6094289919426937 0.4086963563924205 0.004629629629629629 0.011111111111111112
0 0.22250930390579507 0.7931197883774681 0.004629629629629629 0.011111111111111112
0 0.2814736361897307 0.7345358711405257 0.004629629629629629 0.011111111111111112
0 0.21375494728171707 0.8018176652813908 0.004629629629629629 0.011111111111111112
0 0.16022727272727275 0.855 0.004629629629629629 0.011111111111111112
0 0.39871198191807833 0.618053901836232 0.004629629629629629 0.011111111111111112
0 0.4710472077676833 0.5461853548630761 0.004629629629629629 0.011111111111111112
0 0.5855800959422219 0.43239138854772796 0.004629629629629629 0.011111111111111112
0 0.2668203386811184 0.7490946312458566 0.004629629629629629 0.011111111111111112
0 0.4489018300722629 0.5681878591540098 0.004629629629629629 0.011111111111111112
0 0.3822267352735963 0.6344327920507494 0.004629629629629629 0.011111111111111112
0 0.38460123547839536 0.6320736112021105 0.004629629629629629 0.011111111111111112
0 0.8647727272727272 0.155 0.004629629629629629 0.011111111111111112
