0 0.7076044555762845 0.3111542828467884 0.004629629629629629 0.011111111111111112
0 0.8062011181757811 0.21319372774793396 0.004629629629629629 0.011111111111111112
0 0.8644882989910565 0.1552825932604992 0.004629629629629629 0.011111111111111112
0 0.8251288428620552 0.1943881174144742 0.004629629629629629 0.011111111111111112
0 0.7839203184903933 0.23533078033857716 0.004629629629629629 0.011111111111111112
0 0.3157549960239834 0.7004756813697199 0.004629629629629629 0.011111111111111112
0 0.7591184129684198 0.25997267356686055 0.004629629629629629 0.011111111111111112
0 0.42124520314683234 0.5956660562283087 0.004629629629629629 0.011111111111111112
0 0.6177547452913761 0.4004243175814718 0.004629629629629629 0.011111111111111112
0 0.7916562303500612 0.22764477758768156 0.004629629629629629 0.011111111111111112
0 0.832070540272336 0.1874912051487761 0.004629629629629629 0.011111111111111112
0 0.8338782979958965 0.18569511037827077 0.004629629629629629 0.011111111111111112
0 0.41003916053894574 0.6067998017871121 0.004629629629629629 0.011111111111111112
0 0.17678658858201476 0.8385475184410952 0.004629629629629629 0.011111111111111112
0 0.6420025364436919 0.37633296379142894 0.004629629629629629 0.011111111111111112
0 0.6379239410529448 0.3803852456635261 0.004629629629629629 0.011111111111111112
0 0.1602272727272729 0.855 0.004629629629629629 0.011111111111111112
0 0.2204599878568456 0.7951558830325537 0.004629629629629629 0.011111111111111112
0 0.7461747229623683 0.2728328558954538 0.004629629629629629 0.011111111111111112
0 0.6047421089693338 0.4133530014111136 0.004629629629629629 0.011111111111111112
0 0.8163914219292938 0.20306916788960508 0.004629629629629629 0.011111111111111112
0 0.549688933017607 0.46805099558250685 0.004629629629629629 0.011111111111111112
0 0.764089920771054 0.2550332400081145 0.004629629629629629 0.011111111111111112
0 0.5910218758714725 0.4269847168760857 0.004629629629629629 0.011111111111111112
0 0.33934262947310345 0.6770402262009168 0.004629629629629629 0.011111111111111112
0 0.48413746889584974 0.5331795470325108 0.004629629629629629 0.011111111111111112
0 0.5348855847965164 0.48275883833120337 0.004629629629629629 0.011111111111111112
0 0.8358091992596536 0.18377666654202177 0.004629629629629629 0.011111111111111112
0 0.7748146163553086 0.24437773600827428 0.004629629629629629 0.011111111111111112
0 0.8647727272727272 0.15500000000000022 0.004629629629629629 0.011111111111111112
