0 0.233028894814986 0.7826680657967235 0.004629629629629629 0.011111111111111112
0 0.5793370011102856 0.43859420534849053 0.004629629629629629 0.011111111111111112
0 0.24870346116481115 0.7670946256814134 0.004629629629629629 0.011111111111111112
0 0.3534541551069389 0.6630197426679446 0.004629629629629629 0.011111111111111112
0 0.2701108493208888 0.7458253497069879 0.004629629629629629 0.011111111111111112
0 0.8647727272727271 0.1550000000000001 0.004629629629629629 0.011111111111111112
0 0.22235909682358776 0.7932690263817258 0.004629629629629629 0.011111111111111112
0 0.16438193351915803 0.8508721434712881 0.004629629629629629 0.011111111111111112
0 0.32058600621826616 0.695675838983142 0.004629629629629629 0.011111111111111112
0 0.1768700090834354 0.8384646361364578 0.004629629629629629 0.011111111111111112
0 0.17990952017336295 0.8354447347954974 0.004629629629629629 0.011111111111111112
0 0.2690989833012938 0.7468306875587145 0.004629629629629629 0.011111111111111112
0 0.2842706354568906 0.7317569170299281 0.004629629629629629 0.011111111111111112
0 0.4883971740767156 0.5289473238205535 0.004629629629629629 0.011111111111111112
0 0.5460681635593077 0.4716484052378491 0.004629629629629629 0.011111111111111112
0 0.28568249005201046 0.7303541711741316 0.004629629629629629 0.011111111111111112
0 0.31575298945929825 0.7004776749888263 0.004629629629629629 0.011111111111111112
0 0.1836141536308224 0.831764002199054 0.004629629629629629 0.011111111111111112
0 0.35750370753180155 0.6589963163877585 0.004629629629629629 0.011111111111111112
0 0.3531818732518559 0.6632902678658981 0.004629629629629629 0.011111111111111112
0 0.4268857633774344 0.5900618867088717 0.004629629629629629 0.011111111111111112
0 0.32792902398264595 0.6883801955269194 0.004629629629629629 0.011111111111111112
0 0.16022727272727272 0.855 0.004629629629629629 0.011111111111111112
0 0.38336510933120466 0.6333017623418999 0.004629629629629629 0.011111111111111112
0 0.43874753563450875 0.5782766420147462 0.004629629629629629 0.011111111111111112
0 0.3065947150586379 0.7095768637481921 0.004629629629629629 0.011111111111111112
0 0.5992447237236372 0.41881491965522505 0.004629629629629629 0.011111111111111112
0 0.3618774907550755 0.6546507511207637 0.004629629629629629 0.011111111111111112
0 0.1765786981537247 0.8387540676408155 0.004629629629629629 0.011111111111111112
0 0.22395610320427659 0.791682323268009 0.004629629629629629 0.011111111111111112
