0 0.7357486029048741 0.28319171066225407 0.004629629629629629 0.011111111111111112
0 0.4037604049508988 0.6130380492745908 0.004629629629629629 0.011111111111111112
0 0.8647727272727271 0.1550000000000001 0.004629629629629629 0.011111111111111112
0 0.6472715383704194 0.37109795542551877 0.004629629629629629 0.011111111111111112
0 0.7998038816173052 0.21954969181248374 0.004629629629629629 0.011111111111111112
0 0.5994406200943192 0.41862028713209565 0.004629629629629629 0.011111111111111112
0 0.6418701822167582 0.376464464120124 0.004629629629629629 0.011111111111111112
0 0.34177675643701166 0.6746218032819368 0.004629629629629629 0.011111111111111112
0 0.49846062637714056 0.518948797018841 0.004629629629629629 0.011111111111111112
0 0.21319766234524484 0.802371354831176 0.004629629629629629 0.011111111111111112
0 0.420896153058838 0.5960128543802514 0.004629629629629629 0.011111111111111112
0 0.5363889208483561 0.48126520122163324 0.004629629629629629 0.011111111111111112
0 0.7195194987505957 0.299316110918763 0.004629629629629629 0.011111111111111112
0 0.46696559446128333 0.5502406351804023 0.004629629629629629 0.011111111111111112
0 0.4942004823129682 0.5231814562825994 0.004629629629629629 0.011111111111111112
0 0.5110137577589354 0.5064766535814448 0.004629629629629629 0.011111111111111112
0 0.7021855062413648 0.3165382712182569 0.004629629629629629 0.011111111111111112
0 0.16022727272727272 0.855 0.004629629629629629 0.011111111111111112
0 0.5972111122272646 0.42083541107742733 0.004629629629629629 0.011111111111111112
0 0.5461622305910898 0.47155494509014295 0.004629629629629629 0.011111111111111112
0 0.49878421907322773 0.5186272920175672 0.004629629629629629 0.011111111111111112
0 0.5248856537163041 0.4926942537270268 0.004629629629629629 0.011111111111111112
0 0.8370511706805513 0.1825427078399682 0.004629629629629629 0.011111111111111112
0 0.7055151143020987 0.3132301444998503 0.004629629629629629 0.011111111111111112
0 0.848985724888348 0.17068515075609297 0.004629629629629629 0.011111111111111112
0 0.5509390583932721 0.4668089355318457 0.004629629629629629 0.011111111111111112
0 0.721506917516267 0.2973415142096443 0.004629629629629629 0.011111111111111112
0 0.7074883939941552 0.3112695956445167 0.004629629629629629 0.011111111111111112
0 0.798600384582151 0.220745424350637 0.004629629629629629 0.011111111111111112
0 0.18892395401777443 0.8264884585887919 0.004629629629629629 0.011111111111111112
