0 0.30434065533558713 0.711816381150449 0.004629629629629629 0.011111111111111112
0 0.17720768446169602 0.8381291393090246 0.004629629629629629 0.011111111111111112
0 0.2576143595391278 0.7582412169740278 0.004629629629629629 0.011111111111111112
0 0.27355938247851724 0.7423990651503763 0.004629629629629629 0.011111111111111112
0 0.2669228877423298 0.7489927437914916 0.004629629629629629 0.011111111111111112
0 0.16090003353997134 0.8543315795796413 0.004629629629629629 0.011111111111111112
0 0.23965151241515373 0.7760881747617183 0.004629629629629629 0.011111111111111112
0 0.3443221729609371 0.6720928088001012 0.004629629629629629 0.011111111111111112
0 0.1622055542764119 0.8530344815576295 0.004629629629629629 0.011111111111111112
0 0.16333446297603277 0.8519128561399417 0.004629629629629629 0.011111111111111112
0 0.232333265413028 0.783359207267056 0.004629629629629629 0.011111111111111112
0 0.42147707496363024 0.5954356803587157 0.004629629629629629 0.011111111111111112
0 0.29943213749134967 0.7166932311376267 0.004629629629629629 0.011111111111111112
0 0.2626230707160947 0.7532648200627189 0.004629629629629629 0.011111111111111112
0 0.22117827836356005 0.7944422266581403 0.004629629629629629 0.011111111111111112
0 0.30748594664452655 0.7086913820435027 0.004629629629629629 0.011111111111111112
0 0.2547898656240633 0.7610474883477049 0.004629629629629629 0.011111111111111112
0 0.1988109292409016 0.8166652703025882 0.004629629629629629 0.011111111111111112
0 0.18588913830901385 0.829503694841367 0.004629629629629629 0.011111111111111112
0 0.23807489404028406 0.7776546214051371 0.004629629629629629 0.011111111111111112
0 0.8647727272727271 0.1550000000000001 0.004629629629629629 0.011111111111111112
0 0.3302443214045413 0.6860798355077461 0.004629629629629629 0.011111111111111112
0 0.16022727272727275 0.855 0.004629629629629629 0.011111111111111112
0 0.33480038183900024 0.681553169011574 0.004629629629629629 0.011111111111111112
0 0.32035986308115005 0.6959005231322767 0.004629629629629629 0.011111111111111112
0 0.22109394606057692 0.7945260148817495 0.004629629629629629 0.011111111111111112
0 0.30668955642793494 0.709482634258697 0.004629629629629629 0.011111111111111112
0 0.8079809805004804 0.21142534840597443 0.004629629629629629 0.011111111111111112
0 0.22131993409539394 0.7943014848342538 0.004629629629629629 0.011111111111111112
0 0.34557145586807003 0.6708515857826917 0.004629629629629629 0.011111111111111112
