0 0.6085743801652892 0.4095454545454546 0.004629629629629629 0.011111111111111112
0 0.4804752066115702 0.5368181818181819 0.004629629629629629 0.011111111111111112
0 0.8647727272727271 0.1550000000000001 0.004629629629629629 0.011111111111111112
0 0.3523760330578512 0.6640909090909092 0.004629629629629629 0.011111111111111112
0 0.16022727272727272 0.855 0.004629629629629629 0.011111111111111112
0 0.2242768595041322 0.7913636363636364 0.004629629629629629 0.011111111111111112
0 0.4164256198347107 0.6004545454545455 0.004629629629629629 0.011111111111111112
0 0.3523760330578512 0.6640909090909092 0.004629629629629629 0.011111111111111112
0 0.16022727272727272 0.855 0.004629629629629629 0.011111111111111112
0 0.3523760330578512 0.6640909090909092 0.004629629629629629 0.011111111111111112
0 0.8007231404958677 0.21863636363636374 0.004629629629629629 0.011111111111111112
0 0.4164256198347107 0.6004545454545455 0.004629629629629629 0.011111111111111112
0 0.7366735537190082 0.28227272727272734 0.004629629629629629 0.011111111111111112
0 0.2242768595041322 0.7913636363636364 0.004629629629629629 0.011111111111111112
0 0.2883264462809917 0.7277272727272728 0.004629629629629629 0.011111111111111112
0 0.6726239669421488 0.345909090909091 0.004629629629629629 0.011111111111111112
0 0.16022727272727272 0.855 0.004629629629629629 0.011111111111111112
0 0.4804752066115702 0.5368181818181819 0.004629629629629629 0.011111111111111112
0 0.2883264462809917 0.7277272727272728 0.004629629629629629 0.011111111111111112
0 0.4804752066115702 0.5368181818181819 0.004629629629629629 0.011111111111111112
0 0.4164256198347107 0.6004545454545455 0.004629629629629629 0.011111111111111112
0 0.2883264462809917 0.7277272727272728 0.004629629629629629 0.011111111111111112
0 0.2242768595041322 0.7913636363636364 0.004629629629629629 0.011111111111111112
0 0.3523760330578512 0.6640909090909092 0.004629629629629629 0.011111111111111112
0 0.3523760330578512 0.6640909090909092 0.004629629629629629 0.011111111111111112
0 0.4804752066115702 0.5368181818181819 0.004629629629629629 0.011111111111111112
0 0.7366735537190082 0.28227272727272734 0.004629629629629629 0.011111111111111112
0 0.4164256198347107 0.6004545454545455 0.004629629629629629 0.011111111111111112
0 0.5445247933884296 0.47318181818181826 0.004629629629629629 0.011111111111111112
0 0.2883264462809917 0.7277272727272728 0.004629629629629629 0.011111111111111112
