0 0.18962182927270657 0.8257950857548592 0.004629629629629629 0.011111111111111112
0 0.20092798731828354 0.8145618706644151 0.004629629629629629 0.011111111111111112
0 0.3682018068084951 0.6483672371063983 0.004629629629629629 0.011111111111111112
0 0.21116585240105484 0.8043900563241132 0.004629629629629629 0.011111111111111112
0 0.7209859074689848 0.2978591629017827 0.004629629629629629 0.011111111111111112
0 0.48002246619293154 0.5372680013308938 0.004629629629629629 0.011111111111111112
0 0.6521634777637947 0.3662375769314556 0.004629629629629629 0.011111111111111112
0 0.8647727272727272 0.155 0.004629629629629629 0.011111111111111112
0 0.32548258294753485 0.6908108530714815 0.004629629629629629 0.011111111111111112
0 0.3868184166742048 0.6298707344011127 0.004629629629629629 0.011111111111111112
0 0.2496056496788239 0.7661982577384587 0.004629629629629629 0.011111111111111112
0 0.16022727272727272 0.855 0.004629629629629629 0.011111111111111112
0 0.4853976115006383 0.531927534380011 0.004629629629629629 0.011111111111111112
0 0.517361543625604 0.5001698211719804 0.004629629629629629 0.011111111111111112
0 0.39365663751484364 0.6230766311142844 0.004629629629629629 0.011111111111111112
0 0.18820358575834503 0.8272041793110636 0.004629629629629629 0.011111111111111112
0 0.2926400827026636 0.7234414662179989 0.004629629629629629 0.011111111111111112
0 0.30217195363831506 0.7139710912238677 0.004629629629629629 0.011111111111111112
0 0.3154948229117602 0.7007341759457351 0.004629629629629629 0.011111111111111112
0 0.3362300117125603 0.680132762556553 0.004629629629629629 0.011111111111111112
0 0.2927720218688574 0.723310378272232 0.004629629629629629 0.011111111111111112
0 0.3706172873492781 0.6459673403110399 0.004629629629629629 0.011111111111111112
0 0.4708805136978188 0.5463509734873283 0.004629629629629629 0.011111111111111112
0 0.44590379119160145 0.5711665558483444 0.004629629629629629 0.011111111111111112
0 0.4880746969223902 0.529267720477109 0.004629629629629629 0.011111111111111112
0 0.23758192999570701 0.7781444050365234 0.004629629629629629 0.011111111111111112
0 0.5653086911425967 0.45253201009058125 0.004629629629629629 0.011111111111111112
0 0.29546638160054345 0.7206334015065569 0.004629629629629629 0.011111111111111112
0 0.42435845566484587 0.5925728892104112 0.004629629629629629 0.011111111111111112
0 0.25639508855028603 0.7594526216984254 0.004629629629629629 0.011111111111111112
