0 0.4189790561630871 0.5979175829089329 0.004629629629629629 0.011111111111111112
0 0.8059386530810421 0.2134544995194808 0.004629629629629629 0.011111111111111112
0 0.5682397483143617 0.4496198629650859 0.004629629629629629 0.011111111111111112
0 0.16022727272727275 0.855 0.004629629629629629 0.011111111111111112
0 0.8297806570491686 0.18976631493179388 0.004629629629629629 0.011111111111111112
0 0.747087884284724 0.2719255859364679 0.004629629629629629 0.011111111111111112
0 0.8540133753091759 0.16568993678959315 0.004629629629629629 0.011111111111111112
0 0.832093737664833 0.18746815741687578 0.004629629629629629 0.011111111111111112
0 0.8517519374011427 0.167936784775639 0.004629629629629629 0.011111111111111112
0 0.7404078855193353 0.27856248793562827 0.004629629629629629 0.011111111111111112
0 0.6947023340314147 0.3239731648978202 0.004629629629629629 0.011111111111111112
0 0.8375110118517087 0.18208583338604445 0.004629629629629629 0.011111111111111112
0 0.8345258225993636 0.18505176335289047 0.004629629629629629 0.011111111111111112
0 0.8140806251987512 0.20536505625414417 0.004629629629629629 0.011111111111111112
0 0.8347391532903744 0.18483980898891844 0.004629629629629629 0.011111111111111112
0 0.37181756678982736 0.6447748046088166 0.004629629629629629 0.011111111111111112
0 0.8647727272727275 0.1549999999999999 0.004629629629629629 0.011111111111111112
0 0.8212744663239765 0.19821762700714612 0.004629629629629629 0.011111111111111112
0 0.8095894886575159 0.20982721772091975 0.004629629629629629 0.011111111111111112
0 0.6697307054420297 0.3487836862059835 0.004629629629629629 0.011111111111111112
0 0.8599638594033352 0.15977784291539615 0.004629629629629629 0.011111111111111112
0 0.8342671664069511 0.18530875079567444 0.004629629629629629 0.011111111111111112
0 0.8532252736156704 0.1664729539560436 0.004629629629629629 0.011111111111111112
0 0.8397699817111672 0.179841437525679 0.004629629629629629 0.011111111111111112
0 0.8477844499146009 0.17187867556871925 0.004629629629629629 0.011111111111111112
0 0.8492801804526916 0.17039259490506778 0.004629629629629629 0.011111111111111112
0 0.5830903723398525 0.43486504941717896 0.004629629629629629 0.011111111111111112
0 0.8224507025280906 0.19704897942370372 0.004629629629629629 0.011111111111111112
0 0.8428890663661242 0.17674247599752846 0.004629629629629629 0.011111111111111112
0 0.8571014801323917 0.1626217552233012 0.004629629629629629 0.011111111111111112
