0 0.49379815745466554 0.5235811854966547 0.004629629629629629 0.011111111111111112
0 0.5002259846318758 0.5171948281722007 0.004629629629629629 0.011111111111111112
0 0.24248140356655776 0.7732765409725812 0.004629629629629629 0.011111111111111112
0 0.8647727272727275 0.1549999999999999 0.004629629629629629 0.011111111111111112
0 0.7868552221358219 0.2324148115553768 0.004629629629629629 0.011111111111111112
0 0.816441124316848 0.20301978616261557 0.004629629629629629 0.011111111111111112
0 0.23490609532579262 0.7808029762569545 0.004629629629629629 0.011111111111111112
0 0.16022727272727272 0.855 0.004629629629629629 0.011111111111111112
0 0.765271238605315 0.2538595435792355 0.004629629629629629 0.011111111111111112
0 0.21228099638771436 0.803282106814787 0.004629629629629629 0.011111111111111112
0 0.6642521158669199 0.354226930041899 0.004629629629629629 0.011111111111111112
0 0.7808318199708667 0.23839935306120344 0.004629629629629629 0.011111111111111112
0 0.8180796051417896 0.20139187618170593 0.004629629629629629 0.011111111111111112
0 0.7902995959518888 0.2289926595058654 0.004629629629629629 0.011111111111111112
0 0.7856721774815997 0.233590223663443 0.004629629629629629 0.011111111111111112
0 0.42933606919063466 0.5876273893202728 0.004629629629629629 0.011111111111111112
0 0.7424354914004617 0.2765479633827671 0.004629629629629629 0.011111111111111112
0 0.34191849839304583 0.6744809757901351 0.004629629629629629 0.011111111111111112
0 0.28952321317632945 0.726538226908679 0.004629629629629629 0.011111111111111112
0 0.5170137094021147 0.5005154113037055 0.004629629629629629 0.011111111111111112
0 0.7826547632969182 0.23658817065983623 0.004629629629629629 0.011111111111111112
0 0.7991108513857544 0.22023825088125035 0.004629629629629629 0.011111111111111112
0 0.5525738224762219 0.4651847183139472 0.004629629629629629 0.011111111111111112
0 0.8162511380340742 0.20320854672743588 0.004629629629629629 0.011111111111111112
0 0.28932430857913566 0.7267358482504073 0.004629629629629629 0.011111111111111112
0 0.7534964839040766 0.265558332121111 0.004629629629629629 0.011111111111111112
0 0.38086438479698403 0.635786353169448 0.004629629629629629 0.011111111111111112
0 0.6832627862005687 0.33533890919427367 0.004629629629629629 0.011111111111111112
0 0.5376377495063327 0.4800244295227402 0.004629629629629629 0.011111111111111112
0 0.8446164952197581 0.17502619184617596 0.004629629629629629 0.011111111111111112
