0 0.6036348498313848 0.4144531169417211 0.004629629629629629 0.011111111111111112
0 0.49872283981855786 0.5186882752770459 0.004629629629629629 0.011111111111111112
0 0.5229774739531837 0.49459012265296587 0.004629629629629629 0.011111111111111112
0 0.5833489988081291 0.4346080915067621 0.004629629629629629 0.011111111111111112
0 0.4868350759324321 0.5304993439122933 0.004629629629629629 0.011111111111111112
0 0.36395945795093626 0.6525822159713278 0.004629629629629629 0.011111111111111112
0 0.6460390143200588 0.3723225277078127 0.004629629629629629 0.011111111111111112
0 0.4577421856104517 0.5594045381676802 0.004629629629629629 0.011111111111111112
0 0.21414771587561138 0.8014274306784248 0.004629629629629629 0.011111111111111112
0 0.34743344231737183 0.669001612149192 0.004629629629629629 0.011111111111111112
0 0.22327948427120953 0.792354576917637 0.004629629629629629 0.011111111111111112
0 0.8647727272727272 0.155 0.004629629629629629 0.011111111111111112
0 0.31464370551721194 0.7015798022603185 0.004629629629629629 0.011111111111111112
0 0.5283629150311724 0.4892394263561256 0.004629629629629629 0.011111111111111112
0 0.7764110770093969 0.24279157510034122 0.004629629629629629 0.011111111111111112
0 0.7706678708498458 0.24849772831692757 0.004629629629629629 0.011111111111111112
0 0.7160677399936386 0.3027456002643851 0.004629629629629629 0.011111111111111112
0 0.2879604701772418 0.7280908876948695 0.004629629629629629 0.011111111111111112
0 0.16022727272727275 0.855 0.004629629629629629 0.011111111111111112
0 0.8256404226806862 0.1938798381108022 0.004629629629629629 0.011111111111111112
0 0.23802009380518954 0.7777090680903278 0.004629629629629629 0.011111111111111112
0 0.40230609849322024 0.6144829731099618 0.004629629629629629 0.011111111111111112
0 0.52950625523057 0.48810346254511117 0.004629629629629629 0.011111111111111112
0 0.5887907173132354 0.4292014808629791 0.004629629629629629 0.011111111111111112
0 0.20124099898047695 0.8142508784323004 0.004629629629629629 0.011111111111111112
0 0.8075556080172799 0.21184797655057366 0.004629629629629629 0.011111111111111112
0 0.4693884282934862 0.5478334325342138 0.004629629629629629 0.011111111111111112
0 0.25873396361822965 0.7571288361470493 0.004629629629629629 0.011111111111111112
0 0.839648073702541 0.17996255903102382 0.004629629629629629 0.011111111111111112
0 0.6358210164794197 0.3824746029817379 0.004629629629629629 0.011111111111111112
