0 0.4260629048598967 0.5908794364617802 0.004629629629629629 0.011111111111111112
0 0.7414394676556185 0.27753756116796613 0.004629629629629629 0.011111111111111112
0 0.8045854531212907 0.21479896915691118 0.004629629629629629 0.011111111111111112
0 0.5042853383929611 0.5131616637902193 0.004629629629629629 0.011111111111111112
0 0.6308885599819295 0.3873752371792442 0.004629629629629629 0.011111111111111112
0 0.8647727272727271 0.15500000000000022 0.004629629629629629 0.011111111111111112
0 0.6060783176560444 0.41202541342560756 0.004629629629629629 0.011111111111111112
0 0.5074968406689819 0.5099708808837212 0.004629629629629629 0.011111111111111112
0 0.27539941111135063 0.740570907670013 0.004629629629629629 0.011111111111111112
0 0.8252449472866581 0.19427276205067529 0.004629629629629629 0.011111111111111112
0 0.44230352018294694 0.5747435993021045 0.004629629629629629 0.011111111111111112
0 0.1602272727272726 0.8550000000000001 0.004629629629629629 0.011111111111111112
0 0.7032079549449503 0.31552241895792044 0.004629629629629629 0.011111111111111112
0 0.4512206344520701 0.5658840148024594 0.004629629629629629 0.011111111111111112
0 0.6027551733213081 0.41532711811947454 0.004629629629629629 0.011111111111111112
0 0.7811184350511446 0.23811458711047567 0.004629629629629629 0.011111111111111112
0 0.5259553044774283 0.49163150393855504 0.004629629629629629 0.011111111111111112
0 0.5368366503020445 0.4808203603450654 0.004629629629629629 0.011111111111111112
0 0.5337197968988463 0.4839171050166302 0.004629629629629629 0.011111111111111112
0 0.7734270720900135 0.2457563283750834 0.004629629629629629 0.011111111111111112
0 0.48414802386422073 0.5331690601607098 0.004629629629629629 0.011111111111111112
0 0.6012860529865236 0.41678676025855077 0.004629629629629629 0.011111111111111112
0 0.5526480427110987 0.4651109769192955 0.004629629629629629 0.011111111111111112
0 0.763734355664221 0.2553865111465159 0.004629629629629629 0.011111111111111112
0 0.33975116314995946 0.6766343282252016 0.004629629629629629 0.011111111111111112
0 0.590122358814145 0.42787843059755915 0.004629629629629629 0.011111111111111112
0 0.3640606433791035 0.6524816833523746 0.004629629629629629 0.011111111111111112
0 0.43299589794254567 0.583991172366761 0.004629629629629629 0.011111111111111112
0 0.6350685035714119 0.3832222609677585 0.004629629629629629 0.011111111111111112
0 0.6480503576391005 0.3703241607972808 0.004629629629629629 0.011111111111111112
