0 0.5125 0.505 0.004629629629629629 0.011111111111111112
0 0.33636363636363636 0.68 0.004629629629629629 0.011111111111111112
0 0.5125 0.505 0.004629629629629629 0.011111111111111112
0 0.24829545454545454 0.7675 0.004629629629629629 0.011111111111111112
0 0.5125 0.505 0.004629629629629629 0.011111111111111112
0 0.42443181818181813 0.5925 0.004629629629629629 0.011111111111111112
0 0.24829545454545454 0.7675 0.004629629629629629 0.011111111111111112
0 0.24829545454545454 0.7675 0.004629629629629629 0.011111111111111112
0 0.7767045454545454 0.2425 0.004629629629629629 0.011111111111111112
0 0.6005681818181817 0.4175 0.004629629629629629 0.011111111111111112
0 0.16022727272727272 0.855 0.004629629629629629 0.011111111111111112
0 0.7767045454545454 0.2425 0.004629629629629629 0.011111111111111112
0 0.6005681818181817 0.4175 0.004629629629629629 0.011111111111111112
0 0.8647727272727271 0.155 0.004629629629629629 0.011111111111111112
0 0.42443181818181813 0.5925 0.004629629629629629 0.011111111111111112
0 0.5125 0.505 0.004629629629629629 0.011111111111111112
0 0.7767045454545454 0.2425 0.004629629629629629 0.011111111111111112
0 0.33636363636363636 0.68 0.004629629629629629 0.011111111111111112
0 0.7767045454545454 0.2425 0.004629629629629629 0.011111111111111112
0 0.6005681818181817 0.4175 0.004629629629629629 0.011111111111111112
0 0.6886363636363636 0.33 0.004629629629629629 0.011111111111111112
0 0.6886363636363636 0.33 0.004629629629629629 0.011111111111111112
0 0.6886363636363636 0.33 0.004629629629629629 0.011111111111111112
0 0.42443181818181813 0.5925 0.004629629629629629 0.011111111111111112
0 0.8647727272727271 0.155 0.004629629629629629 0.011111111111111112
0 0.42443181818181813 0.5925 0.004629629629629629 0.011111111111111112
0 0.6886363636363636 0.33 0.004629629629629629 0.011111111111111112
0 0.5125 0.505 0.004629629629629629 0.011111111111111112
0 0.24829545454545454 0.7675 0.004629629629629629 0.011111111111111112
0 0.5125 0.505 0.004629629629629629 0.011111111111111112
