0 0.2696237352334251 0.7463093211229196 0.004629629629629629 0.011111111111111112
0 0.31972122648372864 0.6965350394935859 0.004629629629629629 0.011111111111111112
0 0.3267278783714489 0.6895735918115927 0.004629629629629629 0.011111111111111112
0 0.20708084647957037 0.8084487073686849 0.004629629629629629 0.011111111111111112
0 0.36726490207781354 0.6492980972904305 0.004629629629629629 0.011111111111111112
0 0.3042309034075276 0.7119254250015532 0.004629629629629629 0.011111111111111112
0 0.20807162938128945 0.8074643166147188 0.004629629629629629 0.011111111111111112
0 0.41317583706251476 0.6036833618862756 0.004629629629629629 0.011111111111111112
0 0.3977722008289108 0.6189876198215984 0.004629629629629629 0.011111111111111112
0 0.5451485315249306 0.472562104162327 0.004629629629629629 0.011111111111111112
0 0.5232048813293652 0.494364182421147 0.004629629629629629 0.011111111111111112
0 0.27414714080402103 0.7418150988140694 0.004629629629629629 0.011111111111111112
0 0.2425532419149178 0.7732051660974365 0.004629629629629629 0.011111111111111112
0 0.18714067496912073 0.8282602326113252 0.004629629629629629 0.011111111111111112
0 0.3513024198408234 0.6651575957710529 0.004629629629629629 0.011111111111111112
0 0.29960962457539436 0.7165168891315437 0.004629629629629629 0.011111111111111112
0 0.44245752341546063 0.5745905896388327 0.004629629629629629 0.011111111111111112
0 0.18230199970750116 0.8330676906131923 0.004629629629629629 0.011111111111111112
0 0.1671050765408205 0.8481665691142817 0.004629629629629629 0.011111111111111112
0 0.3211438155378247 0.6951216284333872 0.004629629629629629 0.011111111111111112
0 0.17162654581823758 0.8436742706063962 0.004629629629629629 0.011111111111111112
0 0.23758186835416784 0.7781444662803751 0.004629629629629629 0.011111111111111112
0 0.20081149269652523 0.8146776137079684 0.004629629629629629 0.011111111111111112
0 0.20994616815016653 0.8056018716443507 0.004629629629629629 0.011111111111111112
0 0.25484238169065937 0.7609953110944417 0.004629629629629629 0.011111111111111112
0 0.21665598626160454 0.7989353426820187 0.004629629629629629 0.011111111111111112
0 0.20214624283553703 0.8133514748601761 0.004629629629629629 0.011111111111111112
0 0.8647727272727272 0.1550000000000001 0.004629629629629629 0.011111111111111112
0 0.16022727272727272 0.855 0.004629629629629629 0.011111111111111112
0 0.21181579882014787 0.8037443031077242 0.004629629629629629 0.011111111111111112
