0 0.6657981830614969 0.3526908374743838 0.004629629629629629 0.011111111111111112
0 0.6870173042698707 0.331608613822193 0.004629629629629629 0.011111111111111112
0 0.38379301173440217 0.6328766205993681 0.004629629629629629 0.011111111111111112
0 0.7985793274354575 0.22076634564477127 0.004629629629629629 0.011111111111111112
0 0.6978173346874627 0.32087826102019834 0.004629629629629629 0.011111111111111112
0 0.4662830359802581 0.5509187900583242 0.004629629629629629 0.011111111111111112
0 0.5990523279530576 0.4190060741627685 0.004629629629629629 0.011111111111111112
0 0.573215092302862 0.44467661797005964 0.004629629629629629 0.011111111111111112
0 0.8581496831152261 0.16158031484035598 0.004629629629629629 0.011111111111111112
0 0.16022727272727272 0.855 0.004629629629629629 0.011111111111111112
0 0.4926274727365909 0.5247443174100968 0.004629629629629629 0.011111111111111112
0 0.22848236034372102 0.7871852677875288 0.004629629629629629 0.011111111111111112
0 0.1980831540106845 0.8173883502087392 0.004629629629629629 0.011111111111111112
0 0.3262611038541021 0.6900373548804405 0.004629629629629629 0.011111111111111112
0 0.22916843104496148 0.786503623348877 0.004629629629629629 0.011111111111111112
0 0.28123178417447237 0.7347761628202016 0.004629629629629629 0.011111111111111112
0 0.6669643263294376 0.3515322177113975 0.004629629629629629 0.011111111111111112
0 0.23771690803473783 0.7780102978235508 0.004629629629629629 0.011111111111111112
0 0.3783272953825718 0.6383070742650576 0.004629629629629629 0.011111111111111112
0 0.8647727272727271 0.1550000000000001 0.004629629629629629 0.011111111111111112
0 0.27307564029450804 0.7428796864170695 0.004629629629629629 0.011111111111111112
0 0.7079777465222784 0.31078340022947815 0.004629629629629629 0.011111111111111112
0 0.830737396785391 0.18881574770999862 0.004629629629629629 0.011111111111111112
0 0.6249805380561204 0.39324514283456413 0.004629629629629629 0.011111111111111112
0 0.18358838557267243 0.8317896040116673 0.004629629629629629 0.011111111111111112
0 0.18421281855741362 0.8311691996268278 0.004629629629629629 0.011111111111111112
0 0.4430768127252417 0.5739752957439535 0.004629629629629629 0.011111111111111112
0 0.6369855647130274 0.38131756796254057 0.004629629629629629 0.011111111111111112
0 0.29335593713935093 0.722730230197032 0.004629629629629629 0.011111111111111112
0 0.636069317957408 0.382227903448769 0.004629629629629629 0.011111111111111112
