0 0.5346926612751284 0.4829505171847111 0.004629629629629629 0.011111111111111112
0 0.7946549021613668 0.22466545204612579 0.004629629629629629 0.011111111111111112
0 0.7333848157348025 0.2855402475925188 0.004629629629629629 0.011111111111111112
0 0.8585363912468634 0.16119610159989076 0.004629629629629629 0.011111111111111112
0 0.8511203869485362 0.16856426070919645 0.004629629629629629 0.011111111111111112
0 0.16022727272727272 0.855 0.004629629629629629 0.011111111111111112
0 0.8100527724123806 0.20936692289350584 0.004629629629629629 0.011111111111111112
0 0.8412672313226666 0.17835384758909265 0.004629629629629629 0.011111111111111112
0 0.7708574231095672 0.2483093989750108 0.004629629629629629 0.011111111111111112
0 0.7046174561342359 0.31412201132469464 0.004629629629629629 0.011111111111111112
0 0.4448971905405249 0.5721666623016721 0.004629629629629629 0.011111111111111112
0 0.6543987041973887 0.36401677131356225 0.004629629629629629 0.011111111111111112
0 0.5777549570232093 0.4401660426995211 0.004629629629629629 0.011111111111111112
0 0.7919185019394124 0.22738419807310004 0.004629629629629629 0.011111111111111112
0 0.6939135896263838 0.32475682062927025 0.004629629629629629 0.011111111111111112
0 0.8510753591037306 0.16860899805177756 0.004629629629629629 0.011111111111111112
0 0.6501609958845926 0.3682271395727274 0.004629629629629629 0.011111111111111112
0 0.8320331192531831 0.1875283847419986 0.004629629629629629 0.011111111111111112
0 0.7906661051978452 0.22862851483568933 0.004629629629629629 0.011111111111111112
0 0.7281743611487708 0.2907170863425116 0.004629629629629629 0.011111111111111112
0 0.5118685397273459 0.5056273863354112 0.004629629629629629 0.011111111111111112
0 0.7569395739865837 0.26213745552300716 0.004629629629629629 0.011111111111111112
0 0.3058007361828299 0.71036572017964 0.004629629629629629 0.011111111111111112
0 0.7164667529376111 0.3023491615974702 0.004629629629629629 0.011111111111111112
0 0.55329202512048 0.46447114923513605 0.004629629629629629 0.011111111111111112
0 0.25353330454789663 0.7622959425782189 0.004629629629629629 0.011111111111111112
0 0.7591723919274884 0.25991904285914064 0.004629629629629629 0.011111111111111112
0 0.838232677620761 0.18136882352517944 0.004629629629629629 0.011111111111111112
0 0.8647727272727275 0.1549999999999999 0.004629629629629629 0.011111111111111112
0 0.8365402170525607 0.18305036499294 0.004629629629629629 0.011111111111111112
