0 0.1934471994851537 0.8219943953502344 0.004629629629629629 0.011111111111111112
0 0.6217813273472095 0.39642371347438554 0.004629629629629629 0.011111111111111112
0 0.48375491325635217 0.5335596345711083 0.004629629629629629 0.011111111111111112
0 0.33415768542189683 0.68219171900018 0.004629629629629629 0.011111111111111112
0 0.3491869659535256 0.6672594015687553 0.004629629629629629 0.011111111111111112
0 0.38704895249247123 0.6296416859107061 0.004629629629629629 0.011111111111111112
0 0.16022727272727275 0.855 0.004629629629629629 0.011111111111111112
0 0.17498843490450883 0.8403340711271332 0.004629629629629629 0.011111111111111112
0 0.3593478601996064 0.6571640614791007 0.004629629629629629 0.011111111111111112
0 0.25363427334257604 0.7621956251951181 0.004629629629629629 0.011111111111111112
0 0.5160824188259348 0.5014406935535874 0.004629629629629629 0.011111111111111112
0 0.8126288042663934 0.2068075105998415 0.004629629629629629 0.011111111111111112
0 0.36943364218167585 0.647143349058206 0.004629629629629629 0.011111111111111112
0 0.6307446935735795 0.3875181754172179 0.004629629629629629 0.011111111111111112
0 0.1822779677690859 0.8330915675068438 0.004629629629629629 0.011111111111111112
0 0.2281603196232481 0.7875052308259342 0.004629629629629629 0.011111111111111112
0 0.17135769470595968 0.843941387195369 0.004629629629629629 0.011111111111111112
0 0.5326446054195532 0.48498535977670215 0.004629629629629629 0.011111111111111112
0 0.19473929279918667 0.8207106381220984 0.004629629629629629 0.011111111111111112
0 0.4193093075835351 0.5975894621428104 0.004629629629629629 0.011111111111111112
0 0.37427674874992506 0.6423314883387842 0.004629629629629629 0.011111111111111112
0 0.23748099351760155 0.7782446903115443 0.004629629629629629 0.011111111111111112
0 0.16422136957925046 0.8510316715148092 0.004629629629629629 0.011111111111111112
0 0.4338151839554637 0.5831771720700555 0.004629629629629629 0.011111111111111112
0 0.17779028918837222 0.8375502933225205 0.004629629629629629 0.011111111111111112
0 0.8647727272727271 0.1550000000000001 0.004629629629629629 0.011111111111111112
0 0.3084727763992911 0.7077109189323172 0.004629629629629629 0.011111111111111112
0 0.38278718372809634 0.63387595939273 0.004629629629629629 0.011111111111111112
0 0.36793406178549726 0.6486332547421512 0.004629629629629629 0.011111111111111112
0 0.6538637345931075 0.3645482895010416 0.004629629629629629 0.011111111111111112
