0 0.84428353761904 0.17535700133334092 0.004629629629629629 0.011111111111111112
0 0.7459466318615331 0.27305947544079934 0.004629629629629629 0.011111111111111112
0 0.671424531272129 0.34710078828446544 0.004629629629629629 0.011111111111111112
0 0.5475505883297703 0.47017554449816384 0.004629629629629629 0.011111111111111112
0 0.6434672497134794 0.3748777002846722 0.004629629629629629 0.011111111111111112
0 0.8608522093865567 0.15889522422238883 0.004629629629629629 0.011111111111111112
0 0.8543994143925218 0.16530638828097846 0.004629629629629629 0.011111111111111112
0 0.7381731263809831 0.28078282927308784 0.004629629629629629 0.011111111111111112
0 0.7442444326197248 0.2747506927520154 0.004629629629629629 0.011111111111111112
0 0.8647727272727271 0.15500000000000022 0.004629629629629629 0.011111111111111112
0 0.7280035445682022 0.2908868008806251 0.004629629629629629 0.011111111111111112
0 0.593468760818517 0.42455361828353794 0.004629629629629629 0.011111111111111112
0 0.7893175172700085 0.22996840219624948 0.004629629629629629 0.011111111111111112
0 0.8600406371755217 0.1597015604836753 0.004629629629629629 0.011111111111111112
0 0.8166752894375889 0.20278713178458907 0.004629629629629629 0.011111111111111112
0 0.8279592212367064 0.19157599954546595 0.004629629629629629 0.011111111111111112
0 0.8320601794742444 0.187501499103009 0.004629629629629629 0.011111111111111112
0 0.6526785260489797 0.3657258515384332 0.004629629629629629 0.011111111111111112
0 0.7827856462498523 0.23645813211305006 0.004629629629629629 0.011111111111111112
0 0.726491378011556 0.29238921152400243 0.004629629629629629 0.011111111111111112
0 0.49718716449573064 0.520214043017145 0.004629629629629629 0.011111111111111112
0 0.8526787881308697 0.1670159137280391 0.004629629629629629 0.011111111111111112
0 0.6133239168804537 0.40482656000264605 0.004629629629629629 0.011111111111111112
0 0.604731879277856 0.4133631651045819 0.004629629629629629 0.011111111111111112
0 0.4308312624970123 0.5861418424223231 0.004629629629629629 0.011111111111111112
0 0.597516788953676 0.4205317064589284 0.004629629629629629 0.011111111111111112
0 0.782211651285167 0.23702842388441478 0.004629629629629629 0.011111111111111112
0 0.16022727272727272 0.855 0.004629629629629629 0.011111111111111112
0 0.8192659826519209 0.2002131527200271 0.004629629629629629 0.011111111111111112
0 0.8028157059278834 0.21655729862649004 0.004629629629629629 0.011111111111111112
