0 0.45287238249617784 0.5642429231973458 0.004629629629629629 0.011111111111111112
0 0.31033432095692 0.7058613843395762 0.004629629629629629 0.011111111111111112
0 0.5844690719842597 0.43349524460918726 0.004629629629629629 0.011111111111111112
0 0.5918218888417054 0.4261898652798541 0.004629629629629629 0.011111111111111112
0 0.16022727272727275 0.855 0.004629629629629629 0.011111111111111112
0 0.3613525984179641 0.6551722570557003 0.004629629629629629 0.011111111111111112
0 0.20989128645144775 0.8056563992675939 0.004629629629629629 0.011111111111111112
0 0.16439048275951657 0.8508636493873191 0.004629629629629629 0.011111111111111112
0 0.7371662210152923 0.2817832384751291 0.004629629629629629 0.011111111111111112
0 0.3521154395667502 0.6643498213336805 0.004629629629629629 0.011111111111111112
0 0.3120570166907016 0.7041498027718192 0.004629629629629629 0.011111111111111112
0 0.4725876124971466 0.5446548882286415 0.004629629629629629 0.011111111111111112
0 0.24456310934408834 0.7712082655549057 0.004629629629629629 0.011111111111111112
0 0.8647727272727272 0.155 0.004629629629629629 0.011111111111111112
0 0.3706311722641004 0.6459535449763132 0.004629629629629629 0.011111111111111112
0 0.5823206060392053 0.4356298494836284 0.004629629629629629 0.011111111111111112
0 0.7929162652514299 0.22639287194374072 0.004629629629629629 0.011111111111111112
0 0.7139504280480344 0.3048492521329208 0.004629629629629629 0.011111111111111112
0 0.48532230537513243 0.5320023546595459 0.004629629629629629 0.011111111111111112
0 0.5975908996627194 0.42045807388349193 0.004629629629629629 0.011111111111111112
0 0.6748128568437596 0.34373432287781314 0.004629629629629629 0.011111111111111112
0 0.568968857694528 0.4488954575164046 0.004629629629629629 0.011111111111111112
0 0.6268594523917792 0.3913783505268774 0.004629629629629629 0.011111111111111112
0 0.6332193373121493 0.38505949712212284 0.004629629629629629 0.011111111111111112
0 0.36098987182343556 0.6555326434786511 0.004629629629629629 0.011111111111111112
0 0.19788856511828096 0.8175816836889337 0.004629629629629629 0.011111111111111112
0 0.8373085016779318 0.182287037042571 0.004629629629629629 0.011111111111111112
0 0.6782229878197724 0.3403461927468068 0.004629629629629629 0.011111111111111112
0 0.2615599235730329 0.7543211081919544 0.004629629629629629 0.011111111111111112
0 0.8003956299162819 0.21896176124446834 0.004629629629629629 0.011111111111111112
