0 0.7255411097308703 0.2933333490415871 0.004629629629629629 0.011111111111111112
0 0.8587940608134302 0.1609400944176241 0.004629629629629629 0.011111111111111112
0 0.38036370419107596 0.6362838035778986 0.004629629629629629 0.011111111111111112
0 0.31277204443907825 0.70343938810569 0.004629629629629629 0.011111111111111112
0 0.4456994477880057 0.5713695809074008 0.004629629629629629 0.011111111111111112
0 0.16119383520001443 0.8540396734141792 0.004629629629629629 0.011111111111111112
0 0.667330453300367 0.35116845284995796 0.004629629629629629 0.011111111111111112
0 0.8247145364322349 0.1947997508995859 0.004629629629629629 0.011111111111111112
0 0.7128642380932231 0.305928434410604 0.004629629629629629 0.011111111111111112
0 0.41799943661540584 0.5988908823305 0.004629629629629629 0.011111111111111112
0 0.5555353118440142 0.46224233532917297 0.004629629629629629 0.011111111111111112
0 0.5886288562730836 0.4293622976383555 0.004629629629629629 0.011111111111111112
0 0.8440740497275757 0.17556513769002163 0.004629629629629629 0.011111111111111112
0 0.4754114015480752 0.5418493171715898 0.004629629629629629 0.011111111111111112
0 0.8647727272727272 0.155 0.004629629629629629 0.011111111111111112
0 0.6559684671157869 0.36245713589786316 0.004629629629629629 0.011111111111111112
0 0.6999826275579537 0.31872693778112965 0.004629629629629629 0.011111111111111112
0 0.3192364184066598 0.697016719776609 0.004629629629629629 0.011111111111111112
0 0.40837852726922813 0.6084497212937992 0.004629629629629629 0.011111111111111112
0 0.8101978912899396 0.2092227402667695 0.004629629629629629 0.011111111111111112
0 0.6913621935281752 0.3272917561074903 0.004629629629629629 0.011111111111111112
0 0.6677576587825053 0.3507440035322206 0.004629629629629629 0.011111111111111112
0 0.7225514537220876 0.2963037169470872 0.004629629629629629 0.011111111111111112
0 0.2183649996290119 0.7972373552073043 0.004629629629629629 0.011111111111111112
0 0.16022727272727272 0.855 0.004629629629629629 0.011111111111111112
0 0.5488650331185054 0.4688695799983882 0.004629629629629629 0.011111111111111112
0 0.5781100136144683 0.43981327679594756 0.004629629629629629 0.011111111111111112
0 0.5671750206400403 0.45067772142860507 0.004629629629629629 0.011111111111111112
0 0.4801009088582005 0.5371900647473362 0.004629629629629629 0.011111111111111112
0 0.7573409611096302 0.2617386579943029 0.004629629629629629 0.011111111111111112
