0 0.6698815541534613 0.3486338107120449 0.004629629629629629 0.011111111111111112
0 0.5100542621072078 0.5074299589386452 0.004629629629629629 0.011111111111111112
0 0.6104536378678009 0.40767832108618496 0.004629629629629629 0.011111111111111112
0 0.49661041501159 0.520787071536872 0.004629629629629629 0.011111111111111112
0 0.600315134437566 0.41775141481687 0.004629629629629629 0.011111111111111112
0 0.7848662504685192 0.23439095114740677 0.004629629629629629 0.011111111111111112
0 0.7766276009625084 0.24257644807595943 0.004629629629629629 0.011111111111111112
0 0.5407131237465768 0.476968896406627 0.004629629629629629 0.011111111111111112
0 0.7621666794035504 0.25694407336679503 0.004629629629629629 0.011111111111111112
0 0.6490802652841805 0.369300897717653 0.004629629629629629 0.011111111111111112
0 0.6952463972031283 0.3234326118110855 0.004629629629629629 0.011111111111111112
0 0.8295391064555704 0.1900063071344656 0.004629629629629629 0.011111111111111112
0 0.47503922562718437 0.5422190919575072 0.004629629629629629 0.011111111111111112
0 0.6360257876863226 0.38227115287939567 0.004629629629629629 0.011111111111111112
0 0.5242637824347998 0.49331211293574745 0.004629629629629629 0.011111111111111112
0 0.16022727272727272 0.8550000000000001 0.004629629629629629 0.011111111111111112
0 0.3603937360033403 0.6561249332611974 0.004629629629629629 0.011111111111111112
0 0.5606402578672022 0.4571703244416186 0.004629629629629629 0.011111111111111112
0 0.7824283265909555 0.23681314648382498 0.004629629629629629 0.011111111111111112
0 0.7969063608729221 0.22242851887464518 0.004629629629629629 0.011111111111111112
0 0.8295971272099615 0.1899486607075221 0.004629629629629629 0.011111111111111112
0 0.6960009576181688 0.32268291952775485 0.004629629629629629 0.011111111111111112
0 0.683952593245979 0.3346535525168983 0.004629629629629629 0.011111111111111112
0 0.5896460524252888 0.42835166404197117 0.004629629629629629 0.011111111111111112
0 0.689457596208159 0.3291840657028614 0.004629629629629629 0.011111111111111112
0 0.8647146396572359 0.15505771285668174 0.004629629629629629 0.011111111111111112
0 0.5781071244284034 0.43981614734210256 0.004629629629629629 0.011111111111111112
0 0.7328918856701235 0.2860299974632321 0.004629629629629629 0.011111111111111112
0 0.7226339841423779 0.2962217189811214 0.004629629629629629 0.011111111111111112
0 0.8647727272727271 0.1550000000000001 0.004629629629629629 0.011111111111111112
