0 0.35509707980111993 0.6613874174879196 0.004629629629629629 0.011111111111111112
0 0.33172019534676117 0.6846134833328954 0.004629629629629629 0.011111111111111112
0 0.285748856311343 0.7302882330842141 0.004629629629629629 0.011111111111111112
0 0.3659088621752229 0.6506453885484882 0.004629629629629629 0.011111111111111112
0 0.8149556266932475 0.20449569993058003 0.004629629629629629 0.011111111111111112
0 0.17575615975661424 0.8395712993385899 0.004629629629629629 0.011111111111111112
0 0.2723438322499375 0.7436067731194168 0.004629629629629629 0.011111111111111112
0 0.46503999114924816 0.5521538152452632 0.004629629629629629 0.011111111111111112
0 0.47564983457392107 0.5416124224233301 0.004629629629629629 0.011111111111111112
0 0.2865025630395204 0.7295393889800895 0.004629629629629629 0.011111111111111112
0 0.19493529458385325 0.8205159008650749 0.004629629629629629 0.011111111111111112
0 0.549424664922732 0.4683135587219308 0.004629629629629629 0.011111111111111112
0 0.3226962786488542 0.6935791812133967 0.004629629629629629 0.011111111111111112
0 0.3054922175202809 0.7106722483992048 0.004629629629629629 0.011111111111111112
0 0.2152062637566432 0.800375712138561 0.004629629629629629 0.011111111111111112
0 0.3488161275042676 0.6676278475118891 0.004629629629629629 0.011111111111111112
0 0.16022727272727272 0.855 0.004629629629629629 0.011111111111111112
0 0.44292211378744867 0.5741289966240833 0.004629629629629629 0.011111111111111112
0 0.5931116450180173 0.4249084301111312 0.004629629629629629 0.011111111111111112
0 0.4080600046864716 0.608766188892151 0.004629629629629629 0.011111111111111112
0 0.2007051232980205 0.8147832968522893 0.004629629629629629 0.011111111111111112
0 0.33197287360861927 0.6843624352533719 0.004629629629629629 0.011111111111111112
0 0.22548058468277432 0.7901676771538888 0.004629629629629629 0.011111111111111112
0 0.40835442523684334 0.6084736678292009 0.004629629629629629 0.011111111111111112
0 0.2991806345584427 0.7169431114709667 0.004629629629629629 0.011111111111111112
0 0.8647727272727271 0.1550000000000001 0.004629629629629629 0.011111111111111112
0 0.3688410111968735 0.6477321566172999 0.004629629629629629 0.011111111111111112
0 0.211497325137965 0.8040607221209897 0.004629629629629629 0.011111111111111112
0 0.42581717975244116 0.5911235762459618 0.004629629629629629 0.011111111111111112
0 0.7535353001827179 0.265519766270074 0.004629629629629629 0.011111111111111112
