0 0.7070938669427007 0.31166157736015554 0.004629629629629629 0.011111111111111112
0 0.26168222069470853 0.754199600083967 0.004629629629629629 0.011111111111111112
0 0.1761170032930251 0.8392127838249944 0.004629629629629629 0.011111111111111112
0 0.2997911885522268 0.7163364965352069 0.004629629629629629 0.011111111111111112
0 0.2334390198932626 0.782260586686694 0.004629629629629629 0.011111111111111112
0 0.2185809358957414 0.7970228120777795 0.004629629629629629 0.011111111111111112
0 0.25502410980002177 0.7608147554244945 0.004629629629629629 0.011111111111111112
0 0.1833623806920083 0.8320141507963272 0.004629629629629629 0.011111111111111112
0 0.8647727272727271 0.1550000000000001 0.004629629629629629 0.011111111111111112
0 0.21970214869868707 0.7959088329058206 0.004629629629629629 0.011111111111111112
0 0.30486949979697636 0.7112909485888106 0.004629629629629629 0.011111111111111112
0 0.48668610141491553 0.5306473573038905 0.004629629629629629 0.011111111111111112
0 0.1763498059041547 0.8389814831661947 0.004629629629629629 0.011111111111111112
0 0.20761921827490265 0.8079138089397742 0.004629629629629629 0.011111111111111112
0 0.23238015495923767 0.7833126202340477 0.004629629629629629 0.011111111111111112
0 0.23567258246146575 0.780041434199576 0.004629629629629629 0.011111111111111112
0 0.23026413356390749 0.7854149898784404 0.004629629629629629 0.011111111111111112
0 0.16022727272727275 0.855 0.004629629629629629 0.011111111111111112
0 0.18357116203342438 0.8318067164313074 0.004629629629629629 0.011111111111111112
0 0.2548956661307789 0.7609423704249036 0.004629629629629629 0.011111111111111112
0 0.19491789701658968 0.820533186189969 0.004629629629629629 0.011111111111111112
0 0.17188301641729606 0.843419454656364 0.004629629629629629 0.011111111111111112
0 0.23217082342291723 0.7835206012443274 0.004629629629629629 0.011111111111111112
0 0.29517119657268076 0.7209266821148849 0.004629629629629629 0.011111111111111112
0 0.24520778535659393 0.7705677487424809 0.004629629629629629 0.011111111111111112
0 0.4849750065804517 0.5323474128168416 0.004629629629629629 0.011111111111111112
0 0.24201528160224883 0.7737396556984109 0.004629629629629629 0.011111111111111112
0 0.31062760411274315 0.7055699933331456 0.004629629629629629 0.011111111111111112
0 0.21021705597046914 0.8053327314874049 0.004629629629629629 0.011111111111111112
0 0.5505620569596815 0.46718350469812286 0.004629629629629629 0.011111111111111112
