0 0.2608771586167466 0.7549994682130389 0.004629629629629629 0.011111111111111112
0 0.2739165208954924 0.7420442308522205 0.004629629629629629 0.011111111111111112
0 0.21358945505297033 0.8019820898183391 0.004629629629629629 0.011111111111111112
0 0.41986238369275575 0.5970399542665524 0.004629629629629629 0.011111111111111112
0 0.25433930514414177 0.7614951419858205 0.004629629629629629 0.011111111111111112
0 0.6632192370018422 0.35525314517236334 0.004629629629629629 0.011111111111111112
0 0.4189467642860332 0.597949666451296 0.004629629629629629 0.011111111111111112
0 0.16116113478794353 0.8540721628558496 0.004629629629629629 0.011111111111111112
0 0.2569894269480406 0.7588621177419468 0.004629629629629629 0.011111111111111112
0 0.28594597793583576 0.7300923832121374 0.004629629629629629 0.011111111111111112
0 0.2621431735795749 0.7537416210886804 0.004629629629629629 0.011111111111111112
0 0.271143751489451 0.7447991114233842 0.004629629629629629 0.011111111111111112
0 0.8647727272727272 0.155 0.004629629629629629 0.011111111111111112
0 0.261540065859126 0.7543408377915781 0.004629629629629629 0.011111111111111112
0 0.26914019225263386 0.7467897444715766 0.004629629629629629 0.011111111111111112
0 0.1886173140175555 0.8267931202664288 0.004629629629629629 0.011111111111111112
0 0.17791621575593636 0.8374251791844246 0.004629629629629629 0.011111111111111112
0 0.1710762939613491 0.8442209724513048 0.004629629629629629 0.011111111111111112
0 0.3486858240016673 0.6677573103467306 0.004629629629629629 0.011111111111111112
0 0.2469246561956734 0.76886195448946 0.004629629629629629 0.011111111111111112
0 0.4468647979816019 0.5702117491021504 0.004629629629629629 0.011111111111111112
0 0.2458294562673158 0.7699500886118282 0.004629629629629629 0.011111111111111112
0 0.43407704294986804 0.5829170024885182 0.004629629629629629 0.011111111111111112
0 0.16022727272727275 0.855 0.004629629629629629 0.011111111111111112
0 0.21599677728453617 0.7995902986979447 0.004629629629629629 0.011111111111111112
0 0.4592213647787384 0.5579349020908019 0.004629629629629629 0.011111111111111112
0 0.6244551574785179 0.39376713386005324 0.004629629629629629 0.011111111111111112
0 0.16034111776999838 0.854886889441421 0.004629629629629629 0.011111111111111112
0 0.22583771211048548 0.7898128537740984 0.004629629629629629 0.011111111111111112
0 0.4609443300548391 0.5562230527197083 0.004629629629629629 0.011111111111111112
