0 0.16022727272727272 0.855 0.004629629629629629 0.011111111111111112
0 0.6546397338527249 0.3637772966882604 0.004629629629629629 0.011111111111111112
0 0.5130386002464309 0.5044648745938687 0.004629629629629629 0.011111111111111112
0 0.30349044026969535 0.7126611109578511 0.004629629629629629 0.011111111111111112
0 0.5019793402673012 0.5154527845086168 0.004629629629629629 0.011111111111111112
0 0.18225100614823253 0.833118355181756 0.004629629629629629 0.011111111111111112
0 0.4843219220644598 0.5329962838843432 0.004629629629629629 0.011111111111111112
0 0.6567952259541566 0.3616357109874831 0.004629629629629629 0.011111111111111112
0 0.16174644481891215 0.853490629018629 0.004629629629629629 0.011111111111111112
0 0.5649964251848534 0.4528422614292424 0.004629629629629629 0.011111111111111112
0 0.40930478673628135 0.6075294376942754 0.004629629629629629 0.011111111111111112
0 0.669766158191148 0.34874846218427863 0.004629629629629629 0.011111111111111112
0 0.23417778776178172 0.7815265850624878 0.004629629629629629 0.011111111111111112
0 0.6273845868915843 0.3908566039915872 0.004629629629629629 0.011111111111111112
0 0.470496588593795 0.5467324216551972 0.004629629629629629 0.011111111111111112
0 0.5096301554752011 0.5078513293988325 0.004629629629629629 0.011111111111111112
0 0.5380598415049556 0.47960506069830217 0.004629629629629629 0.011111111111111112
0 0.2890688686281441 0.7269896402017147 0.004629629629629629 0.011111111111111112
0 0.6059284282519997 0.41217433580123897 0.004629629629629629 0.011111111111111112
0 0.26886044994713687 0.7470676819880059 0.004629629629629629 0.011111111111111112
0 0.5171617224063126 0.5003683532221151 0.004629629629629629 0.011111111111111112
0 0.34966037266835664 0.6667890490907941 0.004629629629629629 0.011111111111111112
0 0.4215580552342199 0.5953552225414848 0.004629629629629629 0.011111111111111112
0 0.8647727272727272 0.155 0.004629629629629629 0.011111111111111112
0 0.30219920892039986 0.7139440117823124 0.004629629629629629 0.011111111111111112
0 0.4487850193014043 0.5683039163069918 0.004629629629629629 0.011111111111111112
0 0.6127813171417537 0.40536565909787053 0.004629629629629629 0.011111111111111112
0 0.45637043967560403 0.5607674341287546 0.004629629629629629 0.011111111111111112
0 0.42097762641036884 0.5959319066632465 0.004629629629629629 0.011111111111111112
0 0.5243431792284521 0.4932332283794734 0.004629629629629629 0.011111111111111112
