0 0.3182511857874961 0.6979955960562941 0.004629629629629629 0.011111111111111112
0 0.1809327493009496 0.8344281071461532 0.004629629629629629 0.011111111111111112
0 0.23365354142255237 0.7820474491672705 0.004629629629629629 0.011111111111111112
0 0.2488562653637961 0.7669428073159703 0.004629629629629629 0.011111111111111112
0 0.17251796451005172 0.8427886030029164 0.004629629629629629 0.011111111111111112
0 0.4725697857581317 0.5446725999564369 0.004629629629629629 0.011111111111111112
0 0.49792230797116827 0.5194836424028392 0.004629629629629629 0.011111111111111112
0 0.4311436673074424 0.5858314531267992 0.004629629629629629 0.011111111111111112
0 0.18426656499379368 0.8311157999416502 0.004629629629629629 0.011111111111111112
0 0.4602478527764839 0.5569150365962676 0.004629629629629629 0.011111111111111112
0 0.2615940392077298 0.7542872126581265 0.004629629629629629 0.011111111111111112
0 0.1626139842979927 0.8526286865684459 0.004629629629629629 0.011111111111111112
0 0.8647727272727272 0.155 0.004629629629629629 0.011111111111111112
0 0.22296704258186656 0.7926650028541455 0.004629629629629629 0.011111111111111112
0 0.2220160096818366 0.7936099000580461 0.004629629629629629 0.011111111111111112
0 0.23221992087072407 0.7834718205542484 0.004629629629629629 0.011111111111111112
0 0.6466250974840974 0.37174022572547744 0.004629629629629629 0.011111111111111112
0 0.5743267170458931 0.44357216499956414 0.004629629629629629 0.011111111111111112
0 0.3493420273497782 0.6671053405686074 0.004629629629629629 0.011111111111111112
0 0.16022727272727275 0.855 0.004629629629629629 0.011111111111111112
0 0.24802257492589022 0.7677711191058897 0.004629629629629629 0.011111111111111112
0 0.4017294493393351 0.6150559019467251 0.004629629629629629 0.011111111111111112
0 0.31245898913765224 0.7037504236954939 0.004629629629629629 0.011111111111111112
0 0.27161191398912043 0.7443339693269384 0.004629629629629629 0.011111111111111112
0 0.19437157004298272 0.8210759884734237 0.004629629629629629 0.011111111111111112
0 0.5815231194984739 0.4364221909499033 0.004629629629629629 0.011111111111111112
0 0.1905887359615818 0.8248344171736541 0.004629629629629629 0.011111111111111112
0 0.673629814351107 0.3449097328382549 0.004629629629629629 0.011111111111111112
0 0.3219196764669109 0.6943507730586821 0.004629629629629629 0.011111111111111112
0 0.48624007401091957 0.5310905071117316 0.004629629629629629 0.011111111111111112
