0 0.6771834384619925 0.3413790353345364 0.004629629629629629 0.011111111111111112
0 0.47776891094952617 0.5395070175082126 0.004629629629629629 0.011111111111111112
0 0.7385337320100162 0.28042455013198403 0.004629629629629629 0.011111111111111112
0 0.7187670363399647 0.3000637187331963 0.004629629629629629 0.011111111111111112
0 0.6192171120340221 0.39897138546297173 0.004629629629629629 0.011111111111111112
0 0.5244560207926108 0.49312111482540605 0.004629629629629629 0.011111111111111112
0 0.8137109510217204 0.20573234543648414 0.004629629629629629 0.011111111111111112
0 0.8647727272727271 0.155 0.004629629629629629 0.011111111111111112
0 0.5176946625953001 0.4998388513569275 0.004629629629629629 0.011111111111111112
0 0.8434213713429135 0.17621360524639545 0.004629629629629629 0.011111111111111112
0 0.7400169254773405 0.2789509256547715 0.004629629629629629 0.011111111111111112
0 0.8107396365850638 0.20868449010258178 0.004629629629629629 0.011111111111111112
0 0.7213732718256276 0.29747429767002154 0.004629629629629629 0.011111111111111112
0 0.8228815406924745 0.19662092086038002 0.004629629629629629 0.011111111111111112
0 0.6474780283027048 0.3708927976863449 0.004629629629629629 0.011111111111111112
0 0.7890227365735456 0.2302612810817675 0.004629629629629629 0.011111111111111112
0 0.6605936878950325 0.35786175525267755 0.004629629629629629 0.011111111111111112
0 0.745566470457568 0.2734371841905452 0.004629629629629629 0.011111111111111112
0 0.1602272727272726 0.855 0.004629629629629629 0.011111111111111112
0 0.5152031154364192 0.5023143240180094 0.004629629629629629 0.011111111111111112
0 0.66165067551169 0.3568115869109661 0.004629629629629629 0.011111111111111112
0 0.6265396452013824 0.3916960944450782 0.004629629629629629 0.011111111111111112
0 0.6364368722078172 0.381862720516104 0.004629629629629629 0.011111111111111112
0 0.5034554232055793 0.5139862246860694 0.004629629629629629 0.011111111111111112
0 0.6577617576528948 0.36067541497712385 0.004629629629629629 0.011111111111111112
0 0.8613812237705307 0.1583696228344404 0.004629629629629629 0.011111111111111112
0 0.7343408908149804 0.28459034073866474 0.004629629629629629 0.011111111111111112
0 0.7066069466455774 0.31214535623600703 0.004629629629629629 0.011111111111111112
0 0.6135245261433523 0.40462724499305636 0.004629629629629629 0.011111111111111112
0 0.734033581126803 0.28489566778369246 0.004629629629629629 0.011111111111111112
