0 0.7313154286765303 0.28759628376654406 0.004629629629629629 0.011111111111111112
0 0.5850612132985755 0.4329069235614153 0.004629629629629629 0.011111111111111112
0 0.4695232121330716 0.547699518267787 0.004629629629629629 0.011111111111111112
0 0.8647727272727272 0.155 0.004629629629629629 0.011111111111111112
0 0.660753194153754 0.3577032780665928 0.004629629629629629 0.011111111111111112
0 0.8480966231281141 0.17156851637593842 0.004629629629629629 0.011111111111111112
0 0.8601119008262056 0.1596307565984797 0.004629629629629629 0.011111111111111112
0 0.5545600170372903 0.4632113379113374 0.004629629629629629 0.011111111111111112
0 0.7664375649211507 0.2527007419493084 0.004629629629629629 0.011111111111111112
0 0.554871153034503 0.46290220924313896 0.004629629629629629 0.011111111111111112
0 0.4826302909562902 0.5346770012434279 0.004629629629629629 0.011111111111111112
0 0.5397132132184975 0.4779623558990412 0.004629629629629629 0.011111111111111112
0 0.27141753457624007 0.7445270946790906 0.004629629629629629 0.011111111111111112
0 0.5371110886296336 0.48054769258733177 0.004629629629629629 0.011111111111111112
0 0.6991238806552286 0.3195801443812568 0.004629629629629629 0.011111111111111112
0 0.7686390661502394 0.25051344395395575 0.004629629629629629 0.011111111111111112
0 0.6016535704977566 0.41642161382803544 0.004629629629629629 0.011111111111111112
0 0.18218393809576872 0.8331849905371073 0.004629629629629629 0.011111111111111112
0 0.22603965271364468 0.7896122160135403 0.004629629629629629 0.011111111111111112
0 0.6943379245535041 0.3243352233468412 0.004629629629629629 0.011111111111111112
0 0.3790201083632695 0.6376187310455259 0.004629629629629629 0.011111111111111112
0 0.7703949468506184 0.24876889151615977 0.004629629629629629 0.011111111111111112
0 0.4518578633109282 0.5652508970975295 0.004629629629629629 0.011111111111111112
0 0.5811113089208577 0.43683134468508333 0.004629629629629629 0.011111111111111112
0 0.46558365275202446 0.5516136611366983 0.004629629629629629 0.011111111111111112
0 0.1602272727272728 0.855 0.004629629629629629 0.011111111111111112
0 0.4976124105057311 0.5197915405297898 0.004629629629629629 0.011111111111111112
0 0.7343740813170431 0.2845573643688734 0.004629629629629629 0.011111111111111112
0 0.604603428570064 0.41349078709813 0.004629629629629629 0.011111111111111112
0 0.6120781045239614 0.40606433486006416 0.004629629629629629 0.011111111111111112
