0 0.38726720770041695 0.6294248388008761 0.004629629629629629 0.011111111111111112
0 0.6749233547465292 0.34362453786473873 0.004629629629629629 0.011111111111111112
0 0.6092086475911196 0.40891527916753273 0.004629629629629629 0.011111111111111112
0 0.20976846813563882 0.8057784252071717 0.004629629629629629 0.011111111111111112
0 0.17373124447192748 0.8415831506536979 0.004629629629629629 0.011111111111111112
0 0.16511096273488995 0.8501478176698513 0.004629629629629629 0.011111111111111112
0 0.22418271006928858 0.7914571783827714 0.004629629629629629 0.011111111111111112
0 0.20353474495711946 0.8119719308167974 0.004629629629629629 0.011111111111111112
0 0.26896671857937016 0.7469620989598516 0.004629629629629629 0.011111111111111112
0 0.17266232905842438 0.8426451698387268 0.004629629629629629 0.011111111111111112
0 0.16197372344553906 0.8532648167057225 0.004629629629629629 0.011111111111111112
0 0.2794158124469131 0.7365804186011314 0.004629629629629629 0.011111111111111112
0 0.20212412362786716 0.8133734513632803 0.004629629629629629 0.011111111111111112
0 0.39939880091114316 0.6173715139334448 0.004629629629629629 0.011111111111111112
0 0.2099923706254182 0.8055559672495844 0.004629629629629629 0.011111111111111112
0 0.39817265112147787 0.6185897530793059 0.004629629629629629 0.011111111111111112
0 0.37694608398674667 0.6396793746196194 0.004629629629629629 0.011111111111111112
0 0.16022727272727275 0.855 0.004629629629629629 0.011111111111111112
0 0.26064314932268867 0.7552319677697158 0.004629629629629629 0.011111111111111112
0 0.3984546924246738 0.6183095313974208 0.004629629629629629 0.011111111111111112
0 0.3221995271517321 0.69407272786215 0.004629629629629629 0.011111111111111112
0 0.825700840768583 0.19381980981702077 0.004629629629629629 0.011111111111111112
0 0.38334393020487356 0.6333228048287063 0.004629629629629629 0.011111111111111112
0 0.1627364537552266 0.8525070072367427 0.004629629629629629 0.011111111111111112
0 0.7408653205690253 0.27810800407980707 0.004629629629629629 0.011111111111111112
0 0.27668558153226086 0.739293035122786 0.004629629629629629 0.011111111111111112
0 0.8647727272727272 0.1549999999999999 0.004629629629629629 0.011111111111111112
0 0.35972025040928457 0.6567940737869044 0.004629629629629629 0.011111111111111112
0 0.29642823147088443 0.7196777571192504 0.004629629629629629 0.011111111111111112
0 0.19422729786598125 0.8212193298621865 0.004629629629629629 0.011111111111111112
