0 0.810241200128316 0.20917971084025386 0.004629629629629629 0.011111111111111112
0 0.8380734498617475 0.18152702400832835 0.004629629629629629 0.011111111111111112
0 0.7261823783891598 0.2926962176004477 0.004629629629629629 0.011111111111111112
0 0.8329630571360259 0.18660444645840016 0.004629629629629629 0.011111111111111112
0 0.8461253160530413 0.1735271053408494 0.004629629629629629 0.011111111111111112
0 0.6796816429961554 0.3388969482489811 0.004629629629629629 0.011111111111111112
0 0.7192300262590966 0.2996037158458008 0.004629629629629629 0.011111111111111112
0 0.7025782760663767 0.31614803539211617 0.004629629629629629 0.011111111111111112
0 0.8486115135813793 0.17105694779656505 0.004629629629629629 0.011111111111111112
0 0.4315761824649108 0.5854017283897015 0.004629629629629629 0.011111111111111112
0 0.832747955605365 0.18681816023725037 0.004629629629629629 0.011111111111111112
0 0.8647727272727275 0.155 0.004629629629629629 0.011111111111111112
0 0.8255702759944957 0.19394953223772687 0.004629629629629629 0.011111111111111112
0 0.8457295661064105 0.17392030206201797 0.004629629629629629 0.011111111111111112
0 0.7751226131813801 0.24407172625849977 0.004629629629629629 0.011111111111111112
0 0.8127552634017221 0.20668186732990204 0.004629629629629629 0.011111111111111112
0 0.6528548040518735 0.3655507108129775 0.004629629629629629 0.011111111111111112
0 0.6670290463225073 0.35146791526667026 0.004629629629629629 0.011111111111111112
0 0.8515275095940846 0.16815976466136134 0.004629629629629629 0.011111111111111112
0 0.8404273805828277 0.17918827993706168 0.004629629629629629 0.011111111111111112
0 0.47558053738397743 0.5416812725346288 0.004629629629629629 0.011111111111111112
0 0.5021898249572768 0.5152436577843831 0.004629629629629629 0.011111111111111112
0 0.3850440024599388 0.6316337007817382 0.004629629629629629 0.011111111111111112
0 0.7014721827903184 0.3172469925825225 0.004629629629629629 0.011111111111111112
0 0.7223116097639093 0.2965420135248903 0.004629629629629629 0.011111111111111112
0 0.7806928576697729 0.23853741883132248 0.004629629629629629 0.011111111111111112
0 0.16022727272727275 0.855 0.004629629629629629 0.011111111111111112
0 0.5451388733030804 0.4725717000730684 0.004629629629629629 0.011111111111111112
0 0.38828168760887416 0.6284169039240863 0.004629629629629629 0.011111111111111112
0 0.8450840876345217 0.17456161615666882 0.004629629629629629 0.011111111111111112
