0 0.513896487351046 0.5036125222447672 0.004629629629629629 0.011111111111111112
0 0.387833680180501 0.6288620209819539 0.004629629629629629 0.011111111111111112
0 0.8214972741095401 0.19799625669116666 0.004629629629629629 0.011111111111111112
0 0.8073140405425655 0.21208798552545124 0.004629629629629629 0.011111111111111112
0 0.39080018794142757 0.6259146519807752 0.004629629629629629 0.011111111111111112
0 0.7690085203310995 0.25014637334845613 0.004629629629629629 0.011111111111111112
0 0.7677922016888294 0.25135484477367914 0.004629629629629629 0.011111111111111112
0 0.469768827576968 0.5474554874396577 0.004629629629629629 0.011111111111111112
0 0.7653448739758107 0.2537863832756461 0.004629629629629629 0.011111111111111112
0 0.8647727272727272 0.155 0.004629629629629629 0.011111111111111112
0 0.3640069833949007 0.652534997143131 0.004629629629629629 0.011111111111111112
0 0.7363158419521202 0.28262813122176467 0.004629629629629629 0.011111111111111112
0 0.664255592242193 0.3542234760948536 0.004629629629629629 0.011111111111111112
0 0.7469661282977281 0.27204655640096703 0.004629629629629629 0.011111111111111112
0 0.7254765720264299 0.2933974703737407 0.004629629629629629 0.011111111111111112
0 0.16157559375493755 0.853660377817675 0.004629629629629629 0.011111111111111112
0 0.3484305580652418 0.6680109294061468 0.004629629629629629 0.011111111111111112
0 0.3205259717433238 0.6957354861388912 0.004629629629629629 0.011111111111111112
0 0.5643680647469071 0.4534665679288794 0.004629629629629629 0.011111111111111112
0 0.1914306930699287 0.8239978920466515 0.004629629629629629 0.011111111111111112
0 0.3491551663150543 0.6672909960482687 0.004629629629629629 0.011111111111111112
0 0.559904677022466 0.4579011596034853 0.004629629629629629 0.011111111111111112
0 0.41813488680018207 0.5987563060178837 0.004629629629629629 0.011111111111111112
0 0.83094754666579 0.18860695363527974 0.004629629629629629 0.011111111111111112
0 0.7753744524986546 0.2438215117110143 0.004629629629629629 0.011111111111111112
0 0.16022727272727275 0.855 0.004629629629629629 0.011111111111111112
0 0.5971966629403448 0.4208497671431413 0.004629629629629629 0.011111111111111112
0 0.8461123755105746 0.17353996239594527 0.004629629629629629 0.011111111111111112
0 0.7818541076010938 0.23738366083504253 0.004629629629629629 0.011111111111111112
0 0.5669830360591742 0.45086846739927205 0.004629629629629629 0.011111111111111112
