0 0.35924510432232304 0.6572661544152403 0.004629629629629629 0.011111111111111112
0 0.7852202890377078 0.2340391966980193 0.004629629629629629 0.011111111111111112
0 0.8647727272727272 0.1549999999999999 0.004629629629629629 0.011111111111111112
0 0.3559933150543365 0.6604969643976271 0.004629629629629629 0.011111111111111112
0 0.2779080313164565 0.7380784721113915 0.004629629629629629 0.011111111111111112
0 0.19493955163707075 0.8205116712767168 0.004629629629629629 0.011111111111111112
0 0.428670932850715 0.5882882344579993 0.004629629629629629 0.011111111111111112
0 0.734144868775514 0.2847850981198118 0.004629629629629629 0.011111111111111112
0 0.16466677492134246 0.8505891397555695 0.004629629629629629 0.011111111111111112
0 0.5169243626203713 0.5006041816545987 0.004629629629629629 0.011111111111111112
0 0.16022727272727275 0.855 0.004629629629629629 0.011111111111111112
0 0.5009326169962898 0.5164927547262669 0.004629629629629629 0.011111111111111112
0 0.3033494469643696 0.7128011946289489 0.004629629629629629 0.011111111111111112
0 0.28086092549986574 0.7351446288581979 0.004629629629629629 0.011111111111111112
0 0.24500138250075887 0.770772819966988 0.004629629629629629 0.011111111111111112
0 0.30690958736974394 0.7092640228713512 0.004629629629629629 0.011111111111111112
0 0.3562337541932952 0.6602580764789195 0.004629629629629629 0.011111111111111112
0 0.25926630959090263 0.7565999246645226 0.004629629629629629 0.011111111111111112
0 0.2599185868393337 0.755951855656404 0.004629629629629629 0.011111111111111112
0 0.29850682102564774 0.717612577819679 0.004629629629629629 0.011111111111111112
0 0.3767987279639476 0.6398257799584005 0.004629629629629629 0.011111111111111112
0 0.44304954091150356 0.5740023916105061 0.004629629629629629 0.011111111111111112
0 0.2718370542854413 0.7441102815486583 0.004629629629629629 0.011111111111111112
0 0.16591397991928444 0.8493499812414851 0.004629629629629629 0.011111111111111112
0 0.4859195856877302 0.5314089277683197 0.004629629629629629 0.011111111111111112
0 0.23876750771872537 0.7769664762020406 0.004629629629629629 0.011111111111111112
0 0.2858482282856294 0.7301895022194392 0.004629629629629629 0.011111111111111112
0 0.5499928197243583 0.4677490694351536 0.004629629629629629 0.011111111111111112
0 0.32432001629118545 0.6919659192977899 0.004629629629629629 0.011111111111111112
0 0.5713309761132431 0.44654857857135843 0.004629629629629629 0.011111111111111112
