0 0.233657454455128 0.7820435613800665 0.004629629629629629 0.011111111111111112
0 0.41892284805473773 0.5979734283843251 0.004629629629629629 0.011111111111111112
0 0.22930681831353866 0.7863661289013875 0.004629629629629629 0.011111111111111112
0 0.22427846491361952 0.7913620413116297 0.004629629629629629 0.011111111111111112
0 0.27785932769193156 0.7381268615189841 0.004629629629629629 0.011111111111111112
0 0.743004180834154 0.2759829429131632 0.004629629629629629 0.011111111111111112
0 0.3275715288074726 0.6887353842816079 0.004629629629629629 0.011111111111111112
0 0.21500276842378382 0.8005778945983052 0.004629629629629629 0.011111111111111112
0 0.5279528204974632 0.4896468751186495 0.004629629629629629 0.011111111111111112
0 0.2573587043545039 0.7584952227703639 0.004629629629629629 0.011111111111111112
0 0.20627560100313 0.8092487577130193 0.004629629629629629 0.011111111111111112
0 0.21813331075745945 0.7974675493119435 0.004629629629629629 0.011111111111111112
0 0.19662620454762167 0.8188358999978468 0.004629629629629629 0.011111111111111112
0 0.16022727272727275 0.855 0.004629629629629629 0.011111111111111112
0 0.251521483938714 0.7642947836996004 0.004629629629629629 0.011111111111111112
0 0.25927793004584115 0.7565883791802611 0.004629629629629629 0.011111111111111112
0 0.331671205539942 0.6846621570764447 0.004629629629629629 0.011111111111111112
0 0.16569214292465298 0.8495703870296997 0.004629629629629629 0.011111111111111112
0 0.31338869979443235 0.7028267111719834 0.004629629629629629 0.011111111111111112
0 0.2248026726760393 0.7908412155347739 0.004629629629629629 0.011111111111111112
0 0.1720745967814344 0.8432291102945748 0.004629629629629629 0.011111111111111112
0 0.49875913717860904 0.518652212093511 0.004629629629629629 0.011111111111111112
0 0.1613120468522248 0.8539222244177896 0.004629629629629629 0.011111111111111112
0 0.16888828847064474 0.846394861777553 0.004629629629629629 0.011111111111111112
0 0.16189021021468933 0.8533477911415346 0.004629629629629629 0.011111111111111112
0 0.8647727272727272 0.155 0.004629629629629629 0.011111111111111112
0 0.17910593902477995 0.8362431315495735 0.004629629629629629 0.011111111111111112
0 0.2684351946362104 0.7474901937162813 0.004629629629629629 0.011111111111111112
0 0.2638260488557375 0.752069603072364 0.004629629629629629 0.011111111111111112
0 0.18693391033589227 0.828465663279178 0.004629629629629629 0.011111111111111112
