0 0.4118502503873893 0.6050003963893036 0.004629629629629629 0.011111111111111112
0 0.25114226328142775 0.7646715577720008 0.004629629629629629 0.011111111111111112
0 0.42814614231534437 0.5888096392479804 0.004629629629629629 0.011111111111111112
0 0.4306293206291421 0.5863424814394331 0.004629629629629629 0.011111111111111112
0 0.16022727272727272 0.855 0.004629629629629629 0.011111111111111112
0 0.34239368079956783 0.6740088590765585 0.004629629629629629 0.011111111111111112
0 0.16519408939890984 0.8500652273068896 0.004629629629629629 0.011111111111111112
0 0.8647727272727275 0.155 0.004629629629629629 0.011111111111111112
0 0.3038750307671063 0.7122790016894558 0.004629629629629629 0.011111111111111112
0 0.7310121369793563 0.2878976187430912 0.004629629629629629 0.011111111111111112
0 0.30583036039730305 0.7103362870891312 0.004629629629629629 0.011111111111111112
0 0.3733396199202349 0.6432625711760247 0.004629629629629629 0.011111111111111112
0 0.4212036359061165 0.5957073552932779 0.004629629629629629 0.011111111111111112
0 0.3178342853079984 0.6984098068552791 0.004629629629629629 0.011111111111111112
0 0.2735679786494431 0.7423905244386179 0.004629629629629629 0.011111111111111112
0 0.3571384818656493 0.6593591857592904 0.004629629629629629 0.011111111111111112
0 0.810730083330077 0.2086939817236655 0.004629629629629629 0.011111111111111112
0 0.24492001093450622 0.7708536665553938 0.004629629629629629 0.011111111111111112
0 0.2449452926430779 0.7708285479546193 0.004629629629629629 0.011111111111111112
0 0.40338022035377885 0.6134157810678584 0.004629629629629629 0.011111111111111112
0 0.5372689816037268 0.4803908182775875 0.004629629629629629 0.011111111111111112
0 0.43804801900185547 0.5789716456368662 0.004629629629629629 0.011111111111111112
0 0.3328256579328286 0.6835151527635123 0.004629629629629629 0.011111111111111112
0 0.29493802279677406 0.7211583515438503 0.004629629629629629 0.011111111111111112
0 0.6899001543177988 0.3287443628068322 0.004629629629629629 0.011111111111111112
0 0.26184780988805745 0.7540350792079946 0.004629629629629629 0.011111111111111112
0 0.26055454081077833 0.7553200046138074 0.004629629629629629 0.011111111111111112
0 0.2915418117565238 0.7245326515451311 0.004629629629629629 0.011111111111111112
0 0.43547507023995424 0.5815279947293359 0.004629629629629629 0.011111111111111112
0 0.6175184086306513 0.40065912948954646 0.004629629629629629 0.011111111111111112
