0 0.42057065480748557 0.5963362526428853 0.004629629629629629 0.011111111111111112
0 0.34417025848823873 0.6722437431794274 0.004629629629629629 0.011111111111111112
0 0.28636715209769126 0.729673926302939 0.004629629629629629 0.011111111111111112
0 0.19323001877418483 0.8222101748953261 0.004629629629629629 0.011111111111111112
0 0.1807121249786713 0.8346473080857072 0.004629629629629629 0.011111111111111112
0 0.3484336292763026 0.668007878009351 0.004629629629629629 0.011111111111111112
0 0.46399227442167207 0.5531947725100806 0.004629629629629629 0.011111111111111112
0 0.29206451992594273 0.7240133156864826 0.004629629629629629 0.011111111111111112
0 0.18977683352520391 0.8256410815297974 0.004629629629629629 0.011111111111111112
0 0.224463476012909 0.7911782238323356 0.004629629629629629 0.011111111111111112
0 0.22064873022245957 0.7949683583596209 0.004629629629629629 0.011111111111111112
0 0.1802322975088754 0.8351240398944078 0.004629629629629629 0.011111111111111112
0 0.3350913055112297 0.6812641222662621 0.004629629629629629 0.011111111111111112
0 0.24264933526837884 0.7731096927010945 0.004629629629629629 0.011111111111111112
0 0.6022108276163113 0.4158679519166972 0.004629629629629629 0.011111111111111112
0 0.24219444654266933 0.7735616466608318 0.004629629629629629 0.011111111111111112
0 0.2018710274575948 0.813624914655035 0.004629629629629629 0.011111111111111112
0 0.43162237237052437 0.5853558364834789 0.004629629629629629 0.011111111111111112
0 0.1884728954145966 0.8269366071364653 0.004629629629629629 0.011111111111111112
0 0.16022727272727275 0.855 0.004629629629629629 0.011111111111111112
0 0.20651468839447917 0.8090112128209691 0.004629629629629629 0.011111111111111112
0 0.3666004004741893 0.6499583117869345 0.004629629629629629 0.011111111111111112
0 0.22824080102044883 0.7874252686635541 0.004629629629629629 0.011111111111111112
0 0.4008380490335602 0.6159415512827853 0.004629629629629629 0.011111111111111112
0 0.46058625756063465 0.5565788150687888 0.004629629629629629 0.011111111111111112
0 0.2921532085055219 0.7239251992912878 0.004629629629629629 0.011111111111111112
0 0.4489358091356329 0.5681540993104034 0.004629629629629629 0.011111111111111112
0 0.8647727272727272 0.155 0.004629629629629629 0.011111111111111112
0 0.172918954550117 0.8423901999953677 0.004629629629629629 0.011111111111111112
0 0.29889441118804777 0.7172274882389719 0.004629629629629629 0.011111111111111112
