0 0.2599010948861105 0.755969234758316 0.004629629629629629 0.011111111111111112
0 0.40721652902277855 0.6096042227773685 0.004629629629629629 0.011111111111111112
0 0.48246955901908717 0.5348366962003909 0.004629629629629629 0.011111111111111112
0 0.2389169404213823 0.7768180075813363 0.004629629629629629 0.011111111111111112
0 0.4592010323987851 0.5579551032941104 0.004629629629629629 0.011111111111111112
0 0.3953848995454797 0.6213595191612653 0.004629629629629629 0.011111111111111112
0 0.761544292079767 0.2575624452884896 0.004629629629629629 0.011111111111111112
0 0.26649218712967315 0.7494206656905182 0.004629629629629629 0.011111111111111112
0 0.2974087917315992 0.7187035230537661 0.004629629629629629 0.011111111111111112
0 0.5539875400989125 0.4637801214501128 0.004629629629629629 0.011111111111111112
0 0.5661367760749186 0.4517092676416937 0.004629629629629629 0.011111111111111112
0 0.7689255105367213 0.2502288475957737 0.004629629629629629 0.011111111111111112
0 0.7598071339096787 0.2592883959865128 0.004629629629629629 0.011111111111111112
0 0.2562808910885386 0.7595660824023552 0.004629629629629629 0.011111111111111112
0 0.6846966199237711 0.33391432601122106 0.004629629629629629 0.011111111111111112
0 0.8398273238495048 0.17978446533662124 0.004629629629629629 0.011111111111111112
0 0.49148766602387545 0.5258767705311174 0.004629629629629629 0.011111111111111112
0 0.7619509900356605 0.2571583711903762 0.004629629629629629 0.011111111111111112
0 0.16022727272727275 0.855 0.004629629629629629 0.011111111111111112
0 0.28796222372164465 0.7280891454636563 0.004629629629629629 0.011111111111111112
0 0.5223297750690556 0.4952336428346157 0.004629629629629629 0.011111111111111112
0 0.8647727272727272 0.1550000000000001 0.004629629629629629 0.011111111111111112
0 0.219653696435943 0.7959569725733211 0.004629629629629629 0.011111111111111112
0 0.42145503841913834 0.5954575747319528 0.004629629629629629 0.011111111111111112
0 0.8433614987890417 0.1762730915257264 0.004629629629629629 0.011111111111111112
0 0.30862796606099946 0.7075567304942327 0.004629629629629629 0.011111111111111112
0 0.4003362491383916 0.6164401137592755 0.004629629629629629 0.011111111111111112
0 0.28424953665041 0.7317778797150766 0.004629629629629629 0.011111111111111112
0 0.8425601959799182 0.17706922463930722 0.004629629629629629 0.011111111111111112
0 0.7058526351276558 0.3128948012280065 0.004629629629629629 0.011111111111111112
