0 0.2114461504561119 0.804111566643605 0.004629629629629629 0.011111111111111112
0 0.2617640007475494 0.7541183476443702 0.004629629629629629 0.011111111111111112
0 0.4502331034845261 0.5668651746024709 0.004629629629629629 0.011111111111111112
0 0.38041508055145545 0.6362327586779088 0.004629629629629629 0.011111111111111112
0 0.5993552715522796 0.4187050850383803 0.004629629629629629 0.011111111111111112
0 0.30847418587772424 0.7077095185472934 0.004629629629629629 0.011111111111111112
0 0.34478142520986393 0.6716365194689095 0.004629629629629629 0.011111111111111112
0 0.22508798881744616 0.7905577401426664 0.004629629629629629 0.011111111111111112
0 0.7149651306291235 0.30384109602009673 0.004629629629629629 0.011111111111111112
0 0.5809670004127921 0.4369747221705161 0.004629629629629629 0.011111111111111112
0 0.342748343889124 0.673656484135967 0.004629629629629629 0.011111111111111112
0 0.531588027063777 0.4860351214979248 0.004629629629629629 0.011111111111111112
0 0.6050054381664568 0.41309137111203653 0.004629629629629629 0.011111111111111112
0 0.526534068054211 0.4910564743203324 0.004629629629629629 0.011111111111111112
0 0.4349202655892892 0.5820792199951579 0.004629629629629629 0.011111111111111112
0 0.16022727272727275 0.855 0.004629629629629629 0.011111111111111112
0 0.2541250158462914 0.7617080487720719 0.004629629629629629 0.011111111111111112
0 0.16946823203516506 0.8458186597844167 0.004629629629629629 0.011111111111111112
0 0.8647727272727272 0.155 0.004629629629629629 0.011111111111111112
0 0.2550260483985135 0.7608128293330899 0.004629629629629629 0.011111111111111112
0 0.2806836255146999 0.7353207849724918 0.004629629629629629 0.011111111111111112
0 0.6117724019563717 0.4063680651530242 0.004629629629629629 0.011111111111111112
0 0.402499273081153 0.6142910448096932 0.004629629629629629 0.011111111111111112
0 0.3921239160621602 0.6245994640414667 0.004629629629629629 0.011111111111111112
0 0.36327812541702514 0.6532591528114718 0.004629629629629629 0.011111111111111112
0 0.3580478665023497 0.6584556681202461 0.004629629629629629 0.011111111111111112
0 0.3472661185133824 0.6691678564447685 0.004629629629629629 0.011111111111111112
0 0.6000622766419458 0.41800264127187325 0.004629629629629629 0.011111111111111112
0 0.3896326728106911 0.6270746347558295 0.004629629629629629 0.011111111111111112
0 0.21049500904331836 0.805056571660187 0.004629629629629629 0.011111111111111112
