0 0.3494067710700585 0.6670410145497483 0.004629629629629629 0.011111111111111112
0 0.41164612204217493 0.605203207777452 0.004629629629629629 0.011111111111111112
0 0.2169294149045795 0.798663678094805 0.004629629629629629 0.011111111111111112
0 0.8647727272727275 0.1549999999999999 0.004629629629629629 0.011111111111111112
0 0.2688905398152958 0.7470377862480286 0.004629629629629629 0.011111111111111112
0 0.3102630105473489 0.7059322346819888 0.004629629629629629 0.011111111111111112
0 0.3543969007366841 0.6620830792680686 0.004629629629629629 0.011111111111111112
0 0.16119886649885948 0.8540346745753267 0.004629629629629629 0.011111111111111112
0 0.22269598385261 0.7929343128174069 0.004629629629629629 0.011111111111111112
0 0.17449401567933312 0.8408253005508561 0.004629629629629629 0.011111111111111112
0 0.4952801788194204 0.5221087255600597 0.004629629629629629 0.011111111111111112
0 0.5133345424683048 0.504170841676652 0.004629629629629629 0.011111111111111112
0 0.20334232760064563 0.8121631067709714 0.004629629629629629 0.011111111111111112
0 0.3105261276048183 0.7056708151539225 0.004629629629629629 0.011111111111111112
0 0.18054223571556732 0.8348161012890493 0.004629629629629629 0.011111111111111112
0 0.16602038577746994 0.8492442618727073 0.004629629629629629 0.011111111111111112
0 0.3327085558145519 0.6836314993842516 0.004629629629629629 0.011111111111111112
0 0.2600117774688089 0.7558592662567963 0.004629629629629629 0.011111111111111112
0 0.1903466992294979 0.8250748923784343 0.004629629629629629 0.011111111111111112
0 0.49356226331132763 0.5238155577422938 0.004629629629629629 0.011111111111111112
0 0.6029964157068708 0.4150874321363992 0.004629629629629629 0.011111111111111112
0 0.16306670497456727 0.85217888667043 0.004629629629629629 0.011111111111111112
0 0.4781159620575174 0.5391622054396279 0.004629629629629629 0.011111111111111112
0 0.19844163298893305 0.8170321839980923 0.004629629629629629 0.011111111111111112
0 0.16270653438430183 0.8525367335794679 0.004629629629629629 0.011111111111111112
0 0.7550027866038537 0.26406174750326783 0.004629629629629629 0.011111111111111112
0 0.4649236509181257 0.5522694048942491 0.004629629629629629 0.011111111111111112
0 0.21208886200483548 0.8034730016210021 0.004629629629629629 0.011111111111111112
0 0.2003769527361648 0.8151093501847136 0.004629629629629629 0.011111111111111112
0 0.16022727272727272 0.855 0.004629629629629629 0.011111111111111112
