0 0.2067140300894413 0.8088131572014583 0.004629629629629629 0.011111111111111112
0 0.3692111199537168 0.6473644356588878 0.004629629629629629 0.011111111111111112
0 0.20694522754944758 0.8085834513379682 0.004629629629629629 0.011111111111111112
0 0.39302714149396945 0.6237020658705078 0.004629629629629629 0.011111111111111112
0 0.38452495950299587 0.6321493950744429 0.004629629629629629 0.011111111111111112
0 0.16022727272727275 0.855 0.004629629629629629 0.011111111111111112
0 0.3611796599981524 0.6553440797437712 0.004629629629629629 0.011111111111111112
0 0.7483861833197741 0.27063566302422454 0.004629629629629629 0.011111111111111112
0 0.384859586185448 0.631816927273813 0.004629629629629629 0.011111111111111112
0 0.5289293255966676 0.48867667005234305 0.004629629629629629 0.011111111111111112
0 0.25584146077760805 0.7600026776790216 0.004629629629629629 0.011111111111111112
0 0.18112071344905467 0.8342413556699715 0.004629629629629629 0.011111111111111112
0 0.7830547919083752 0.23619072287813048 0.004629629629629629 0.011111111111111112
0 0.24787734681015053 0.7679154102660439 0.004629629629629629 0.011111111111111112
0 0.7927206728079658 0.2265872025004727 0.004629629629629629 0.011111111111111112
0 0.2096128131146722 0.8059330760021967 0.004629629629629629 0.011111111111111112
0 0.5816348149771821 0.4363112160871869 0.004629629629629629 0.011111111111111112
0 0.7861051537931384 0.23316004074746263 0.004629629629629629 0.011111111111111112
0 0.4875964628277531 0.5297428691904904 0.004629629629629629 0.011111111111111112
0 0.45667913560382317 0.5604607297871693 0.004629629629629629 0.011111111111111112
0 0.7740702073648222 0.24511734236011215 0.004629629629629629 0.011111111111111112
0 0.23171715007701849 0.783971347665414 0.004629629629629629 0.011111111111111112
0 0.8299297464400265 0.1896181874079738 0.004629629629629629 0.011111111111111112
0 0.289717105120345 0.7263455858804315 0.004629629629629629 0.011111111111111112
0 0.8092742186077896 0.21014045377032528 0.004629629629629629 0.011111111111111112
0 0.21128526685770846 0.804271412283309 0.004629629629629629 0.011111111111111112
0 0.8647727272727272 0.155 0.004629629629629629 0.011111111111111112
0 0.4179499863792745 0.5989400135328499 0.004629629629629629 0.011111111111111112
0 0.8530165044990897 0.16668037617509798 0.004629629629629629 0.011111111111111112
0 0.7667142719318033 0.2524258201451761 0.004629629629629629 0.011111111111111112
