0 0.643743945465226 0.37460278966680777 0.004629629629629629 0.011111111111111112
0 0.48370429625466993 0.5336099250114893 0.004629629629629629 0.011111111111111112
0 0.1653571089887604 0.8499032594563285 0.004629629629629629 0.011111111111111112
0 0.2813575744195101 0.734651184125132 0.004629629629629629 0.011111111111111112
0 0.16022727272727272 0.855 0.004629629629629629 0.011111111111111112
0 0.18879356835906624 0.8266180030497019 0.004629629629629629 0.011111111111111112
0 0.18469027272904337 0.8306948258046924 0.004629629629629629 0.011111111111111112
0 0.5849224729339224 0.43304476882694165 0.004629629629629629 0.011111111111111112
0 0.28199127371289906 0.734021573214281 0.004629629629629629 0.011111111111111112
0 0.17684462497735015 0.8384898564741167 0.004629629629629629 0.011111111111111112
0 0.6847153250551317 0.3338957415581273 0.004629629629629629 0.011111111111111112
0 0.20698415202468806 0.8085447779883744 0.004629629629629629 0.011111111111111112
0 0.3177619168040365 0.698481708465667 0.004629629629629629 0.011111111111111112
0 0.51910850581584 0.49843412970555256 0.004629629629629629 0.011111111111111112
0 0.5063093542803585 0.5111507060698373 0.004629629629629629 0.011111111111111112
0 0.35890558216137136 0.6576034861106375 0.004629629629629629 0.011111111111111112
0 0.5492091974781834 0.4685276360539339 0.004629629629629629 0.011111111111111112
0 0.5286834890504799 0.4889209205562974 0.004629629629629629 0.011111111111111112
0 0.3847689349440324 0.6319069936685097 0.004629629629629629 0.011111111111111112
0 0.6577193690301599 0.3607175301248733 0.004629629629629629 0.011111111111111112
0 0.8647727272727272 0.1549999999999999 0.004629629629629629 0.011111111111111112
0 0.23151868160758998 0.7841685356931041 0.004629629629629629 0.011111111111111112
0 0.16868346207544996 0.8465983667121336 0.004629629629629629 0.011111111111111112
0 0.5189546025860722 0.4985870400112573 0.004629629629629629 0.011111111111111112
0 0.2721389111931603 0.7438103721048601 0.004629629629629629 0.011111111111111112
0 0.17520094002369477 0.8401229370087162 0.004629629629629629 0.011111111111111112
0 0.34165769364602133 0.6747400979258884 0.004629629629629629 0.011111111111111112
0 0.25617543889591926 0.7596708542582479 0.004629629629629629 0.011111111111111112
0 0.22292540697040863 0.7927063698487553 0.004629629629629629 0.011111111111111112
0 0.3570040370660813 0.6594927631730546 0.004629629629629629 0.011111111111111112
