0 0.6709382057086756 0.3475839762636386 0.004629629629629629 0.011111111111111112
0 0.7701659865777031 0.24899637462602414 0.004629629629629629 0.011111111111111112
0 0.5380383798234014 0.4796263839173948 0.004629629629629629 0.011111111111111112
0 0.6081216326543154 0.40999528110474465 0.004629629629629629 0.011111111111111112
0 0.5347463965156123 0.48289712862319834 0.004629629629629629 0.011111111111111112
0 0.19748806686534223 0.8179795980821761 0.004629629629629629 0.011111111111111112
0 0.8439341006556211 0.17570418386473796 0.004629629629629629 0.011111111111111112
0 0.5506412353731114 0.4671048371131668 0.004629629629629629 0.011111111111111112
0 0.6645431866616704 0.35393773712324367 0.004629629629629629 0.011111111111111112
0 0.7675984999404015 0.2515472968334077 0.004629629629629629 0.011111111111111112
0 0.3672820444664445 0.6492810654978551 0.004629629629629629 0.011111111111111112
0 0.3571544212667673 0.6593433491930183 0.004629629629629629 0.011111111111111112
0 0.5496218955399624 0.4681176005602955 0.004629629629629629 0.011111111111111112
0 0.695488046294293 0.3231925217463155 0.004629629629629629 0.011111111111111112
0 0.48870841015694905 0.5286380957150313 0.004629629629629629 0.011111111111111112
0 0.8191124944670993 0.20036565065849493 0.004629629629629629 0.011111111111111112
0 0.5279707706555685 0.48962904076801583 0.004629629629629629 0.011111111111111112
0 0.8647727272727272 0.155 0.004629629629629629 0.011111111111111112
0 0.3064656865604626 0.7097050598044436 0.004629629629629629 0.011111111111111112
0 0.6308297372268785 0.3874336804326498 0.004629629629629629 0.011111111111111112
0 0.3789109130449809 0.63772722187789 0.004629629629629629 0.011111111111111112
0 0.30642937680957455 0.7097411352988744 0.004629629629629629 0.011111111111111112
0 0.6127397607963672 0.4054069473378031 0.004629629629629629 0.011111111111111112
0 0.16022727272727275 0.855 0.004629629629629629 0.011111111111111112
0 0.6177162604018893 0.40046255418134874 0.004629629629629629 0.011111111111111112
0 0.40440527503778856 0.6123973396398746 0.004629629629629629 0.011111111111111112
0 0.5671287379969033 0.45072370547404444 0.004629629629629629 0.011111111111111112
0 0.5596505889039869 0.45815360844378084 0.004629629629629629 0.011111111111111112
0 0.6729441542007427 0.345590969374746 0.004629629629629629 0.011111111111111112
0 0.3036245455949449 0.7125278708282483 0.004629629629629629 0.011111111111111112
