0 0.3435120199613285 0.6728977350061639 0.004629629629629629 0.011111111111111112
0 0.8647727272727272 0.155 0.004629629629629629 0.011111111111111112
0 0.44182740123303216 0.5752166465168584 0.004629629629629629 0.011111111111111112
0 0.2863875298145416 0.7296536800552297 0.004629629629629629 0.011111111111111112
0 0.4907187117090587 0.5266407638503547 0.004629629629629629 0.011111111111111112
0 0.19209398093275568 0.8233388834603589 0.004629629629629629 0.011111111111111112
0 0.16022727272727272 0.855 0.004629629629629629 0.011111111111111112
0 0.3268676021094956 0.6894347695170172 0.004629629629629629 0.011111111111111112
0 0.4297483416969917 0.5872177766365372 0.004629629629629629 0.011111111111111112
0 0.23081968724705 0.7848630204126085 0.004629629629629629 0.011111111111111112
0 0.51957857753704 0.4979670907051344 0.004629629629629629 0.011111111111111112
0 0.40182993373118897 0.6149560658412703 0.004629629629629629 0.011111111111111112
0 0.37570148058228603 0.6409159483246964 0.004629629629629629 0.011111111111111112
0 0.43335714629478095 0.5836322546490563 0.004629629629629629 0.011111111111111112
0 0.3389100528283426 0.6774700120286146 0.004629629629629629 0.011111111111111112
0 0.3781132419649255 0.6385197466929128 0.004629629629629629 0.011111111111111112
0 0.48625776497018686 0.5310729302876853 0.004629629629629629 0.011111111111111112
0 0.471861638592936 0.5453761784302442 0.004629629629629629 0.011111111111111112
0 0.48356142340957936 0.5337518760962889 0.004629629629629629 0.011111111111111112
0 0.40821764664742083 0.6086095639761109 0.004629629629629629 0.011111111111111112
0 0.20262790395291663 0.8128729212338763 0.004629629629629629 0.011111111111111112
0 0.4865372810639236 0.5307952175235855 0.004629629629629629 0.011111111111111112
0 0.45850572378966264 0.5586459260412384 0.004629629629629629 0.011111111111111112
0 0.23813736500579788 0.7775925534781104 0.004629629629629629 0.011111111111111112
0 0.7542461975519416 0.2648134553354903 0.004629629629629629 0.011111111111111112
0 0.46472982564116555 0.5524619796855516 0.004629629629629629 0.011111111111111112
0 0.34380618384586387 0.6726054689531418 0.004629629629629629 0.011111111111111112
0 0.5037015806416673 0.5137416553624725 0.004629629629629629 0.011111111111111112
0 0.4692868529482134 0.5479343525546783 0.004629629629629629 0.011111111111111112
0 0.612194679112872 0.4059485123652756 0.004629629629629629 0.011111111111111112
