0 0.5457648373049055 0.47194977454867454 0.004629629629629629 0.011111111111111112
0 0.39731360381501213 0.6194432581450847 0.004629629629629629 0.011111111111111112
0 0.25171625396700176 0.7641012702521403 0.004629629629629629 0.011111111111111112
0 0.16022727272727275 0.855 0.004629629629629629 0.011111111111111112
0 0.17231925499524545 0.8429860305208529 0.004629629629629629 0.011111111111111112
0 0.6491989475924157 0.369182981101729 0.004629629629629629 0.011111111111111112
0 0.8647727272727272 0.155 0.004629629629629629 0.011111111111111112
0 0.23786012869297726 0.777868001169558 0.004629629629629629 0.011111111111111112
0 0.3069373823588312 0.7092364072047742 0.004629629629629629 0.011111111111111112
0 0.2000900338605703 0.8153944179707883 0.004629629629629629 0.011111111111111112
0 0.45432417248972135 0.5628004995908575 0.004629629629629629 0.011111111111111112
0 0.3751115742557198 0.6415020488039946 0.004629629629629629 0.011111111111111112
0 0.36115816207369167 0.6553654389719451 0.004629629629629629 0.011111111111111112
0 0.4110885103778235 0.6057572219471947 0.004629629629629629 0.011111111111111112
0 0.4095617095795228 0.6072741724177645 0.004629629629629629 0.011111111111111112
0 0.1826758567925768 0.8326962455093108 0.004629629629629629 0.011111111111111112
0 0.3351763677521832 0.6811796088139599 0.004629629629629629 0.011111111111111112
0 0.19519700928119524 0.8202558746496512 0.004629629629629629 0.011111111111111112
0 0.43186510341413403 0.5851146714466025 0.004629629629629629 0.011111111111111112
0 0.42778885501126995 0.5891646214726738 0.004629629629629629 0.011111111111111112
0 0.1932576928027376 0.8221826794088929 0.004629629629629629 0.011111111111111112
0 0.19296128200837914 0.822477177875546 0.004629629629629629 0.011111111111111112
0 0.32026342140278974 0.6959963426062605 0.004629629629629629 0.011111111111111112
0 0.42214841586639823 0.5947686706875787 0.004629629629629629 0.011111111111111112
0 0.23708562430053381 0.7786375087594697 0.004629629629629629 0.011111111111111112
0 0.6176799720205534 0.40049860844409535 0.004629629629629629 0.011111111111111112
0 0.5962947069273133 0.4217459040851211 0.004629629629629629 0.011111111111111112
0 0.44358864656576014 0.5734667640572447 0.004629629629629629 0.011111111111111112
0 0.42145638500058497 0.5954562368381284 0.004629629629629629 0.011111111111111112
0 0.21572165305477048 0.7998636479326797 0.004629629629629629 0.011111111111111112
