0 0.16022727272727275 0.855 0.004629629629629629 0.011111111111111112
0 0.2956719379567117 0.7204291713204284 0.004629629629629629 0.011111111111111112
0 0.8647727272727271 0.15500000000000022 0.004629629629629629 0.011111111111111112
0 0.19315627834693017 0.8222834395778887 0.004629629629629629 0.011111111111111112
0 0.20516594065576388 0.8103512589613702 0.004629629629629629 0.011111111111111112
0 0.21907386611082633 0.7965330620576305 0.004629629629629629 0.011111111111111112
0 0.2022374979519954 0.8132608084864046 0.004629629629629629 0.011111111111111112
0 0.2029018250590642 0.8126007673606718 0.004629629629629629 0.011111111111111112
0 0.7712664085418264 0.24790305215844363 0.004629629629629629 0.011111111111111112
0 0.3546533069410772 0.6618283272972524 0.004629629629629629 0.011111111111111112
0 0.5268081415775079 0.49078416901331473 0.004629629629629629 0.011111111111111112
0 0.8049425149193904 0.21444421098331531 0.004629629629629629 0.011111111111111112
0 0.22362363414109906 0.7920126473694887 0.004629629629629629 0.011111111111111112
0 0.17801816651405578 0.8373238861731318 0.004629629629629629 0.011111111111111112
0 0.6633305922593676 0.35514250833585426 0.004629629629629629 0.011111111111111112
0 0.31536536605011295 0.7008627976018234 0.004629629629629629 0.011111111111111112
0 0.44235072249942126 0.574696701516704 0.004629629629629629 0.011111111111111112
0 0.509526026569441 0.5079547865052005 0.004629629629629629 0.011111111111111112
0 0.22003678791314168 0.7955763526540399 0.004629629629629629 0.011111111111111112
0 0.18120724587276407 0.8341553815199635 0.004629629629629629 0.011111111111111112
0 0.6928175873835544 0.3258457518898879 0.004629629629629629 0.011111111111111112
0 0.32486819673795525 0.6914212754990637 0.004629629629629629 0.011111111111111112
0 0.19960046993039146 0.8158808234239983 0.004629629629629629 0.011111111111111112
0 0.6762746866512723 0.34228192423034876 0.004629629629629629 0.011111111111111112
0 0.22345120100078883 0.792183968037926 0.004629629629629629 0.011111111111111112
0 0.20056241503429517 0.814925084417539 0.004629629629629629 0.011111111111111112
0 0.3573804706468378 0.659118758196045 0.004629629629629629 0.011111111111111112
0 0.19079176173941775 0.8246327012395462 0.004629629629629629 0.011111111111111112
0 0.2811785510709258 0.7348290524843706 0.004629629629629629 0.011111111111111112
0 0.17471368249291455 0.8406070509425236 0.004629629629629629 0.011111111111111112
