0 0.8336955354195135 0.18587669384125763 0.004629629629629629 0.011111111111111112
0 0.48132521349744023 0.5359736588477046 0.004629629629629629 0.011111111111111112
0 0.33014038444709615 0.6861831019041754 0.004629629629629629 0.011111111111111112
0 0.2329233546989601 0.7827729250087752 0.004629629629629629 0.011111111111111112
0 0.41178800421519135 0.6050622409732938 0.004629629629629629 0.011111111111111112
0 0.18445369957550004 0.8309298726798259 0.004629629629629629 0.011111111111111112
0 0.275033837634408 0.7409341226083946 0.004629629629629629 0.011111111111111112
0 0.2018034001150595 0.8136921056921345 0.004629629629629629 0.011111111111111112
0 0.29774036074904897 0.7183740931912675 0.004629629629629629 0.011111111111111112
0 0.22139446320672912 0.794227436555895 0.004629629629629629 0.011111111111111112
0 0.1608838245865513 0.8543476839591684 0.004629629629629629 0.011111111111111112
0 0.22398485844689106 0.7916537535430889 0.004629629629629629 0.011111111111111112
0 0.19073321904626245 0.824690866237907 0.004629629629629629 0.011111111111111112
0 0.3233865225253974 0.6928933905231536 0.004629629629629629 0.011111111111111112
0 0.2642572782281035 0.751641155824981 0.004629629629629629 0.011111111111111112
0 0.17309952977744825 0.8422107897695031 0.004629629629629629 0.011111111111111112
0 0.35536056511508524 0.6611256320792056 0.004629629629629629 0.011111111111111112
0 0.35735746904537286 0.6591416114000813 0.004629629629629629 0.011111111111111112
0 0.636345381235528 0.3819536212240561 0.004629629629629629 0.011111111111111112
0 0.16022727272727275 0.855 0.004629629629629629 0.011111111111111112
0 0.2461459215584714 0.7696356650322285 0.004629629629629629 0.011111111111111112
0 0.8647727272727271 0.1550000000000001 0.004629629629629629 0.011111111111111112
0 0.5801153815050454 0.43782084676272914 0.004629629629629629 0.011111111111111112
0 0.3320454385726321 0.6842903384504173 0.004629629629629629 0.011111111111111112
0 0.44019202676831737 0.576841470178575 0.004629629629629629 0.011111111111111112
0 0.21404812027037276 0.8015263837313716 0.004629629629629629 0.011111111111111112
0 0.23310706926274838 0.7825903957002371 0.004629629629629629 0.011111111111111112
0 0.20301319897722395 0.8124901119839194 0.004629629629629629 0.011111111111111112
0 0.7934013075676032 0.22591095893283294 0.004629629629629629 0.011111111111111112
0 0.38609065512169527 0.6305938007177996 0.004629629629629629 0.011111111111111112
