0 0.36614606960900603 0.6504097114852457 0.004629629629629629 0.011111111111111112
0 0.16022727272727275 0.855 0.004629629629629629 0.011111111111111112
0 0.2329494387135557 0.7827470092781446 0.004629629629629629 0.011111111111111112
0 0.6885447107312962 0.33009106159600254 0.004629629629629629 0.011111111111111112
0 0.3333888615234097 0.6829555827444833 0.004629629629629629 0.011111111111111112
0 0.534310955451214 0.4833297603904067 0.004629629629629629 0.011111111111111112
0 0.31553314423758666 0.7006961018542688 0.004629629629629629 0.011111111111111112
0 0.5709405837545188 0.44693645226970374 0.004629629629629629 0.011111111111111112
0 0.23915993721395845 0.7765765785100025 0.004629629629629629 0.011111111111111112
0 0.5815372155510579 0.436408185839594 0.004629629629629629 0.011111111111111112
0 0.22108922413987103 0.7945307063384507 0.004629629629629629 0.011111111111111112
0 0.3532414718508477 0.6632310537739965 0.004629629629629629 0.011111111111111112
0 0.476242408303299 0.5410236717502707 0.004629629629629629 0.011111111111111112
0 0.753948309684778 0.26510942134544646 0.004629629629629629 0.011111111111111112
0 0.819425847954212 0.20005431880678282 0.004629629629629629 0.011111111111111112
0 0.16122407663691896 0.8540096270833192 0.004629629629629629 0.011111111111111112
0 0.3124821887202871 0.7037273737875858 0.004629629629629629 0.011111111111111112
0 0.8647727272727272 0.1549999999999999 0.004629629629629629 0.011111111111111112
0 0.4045746270760134 0.6122290801954448 0.004629629629629629 0.011111111111111112
0 0.17471832703599277 0.8406024363642395 0.004629629629629629 0.011111111111111112
0 0.6129533128652805 0.40519477302417295 0.004629629629629629 0.011111111111111112
0 0.7801064592958886 0.23912003398989123 0.004629629629629629 0.011111111111111112
0 0.7126289137989071 0.3061622404836664 0.004629629629629629 0.011111111111111112
0 0.6480445682290534 0.3703299128562952 0.004629629629629629 0.011111111111111112
0 0.78720385576896 0.23206842717148493 0.004629629629629629 0.011111111111111112
0 0.5858552054805294 0.4321180539096677 0.004629629629629629 0.011111111111111112
0 0.7493994154597802 0.26962896786576673 0.004629629629629629 0.011111111111111112
0 0.4490842600477068 0.5680066061461494 0.004629629629629629 0.011111111111111112
0 0.7344937552124031 0.2844384625631608 0.004629629629629629 0.011111111111111112
0 0.6764535095314534 0.34210425504616887 0.004629629629629629 0.011111111111111112
