0 0.3586007801727382 0.6579063216348279 0.004629629629629629 0.011111111111111112
0 0.373886587804938 0.6427191321163842 0.004629629629629629 0.011111111111111112
0 0.16022727272727275 0.855 0.004629629629629629 0.011111111111111112
0 0.8647727272727271 0.15500000000000022 0.004629629629629629 0.011111111111111112
0 0.3254488241061916 0.6908443941138483 0.004629629629629629 0.011111111111111112
0 0.18643570762778652 0.8289606517762638 0.004629629629629629 0.011111111111111112
0 0.7332498222681006 0.2856743701336292 0.004629629629629629 0.011111111111111112
0 0.1883936672750435 0.827015324126731 0.004629629629629629 0.011111111111111112
0 0.2977705198203436 0.7183441286946264 0.004629629629629629 0.011111111111111112
0 0.3542778748007227 0.6622013372947658 0.004629629629629629 0.011111111111111112
0 0.166894459592243 0.8483758272438361 0.004629629629629629 0.011111111111111112
0 0.6908486504506501 0.3278019860038703 0.004629629629629629 0.011111111111111112
0 0.39031770912805913 0.6263940180276057 0.004629629629629629 0.011111111111111112
0 0.4797870993834902 0.5375018496447903 0.004629629629629629 0.011111111111111112
0 0.326869922348787 0.6894324642470117 0.004629629629629629 0.011111111111111112
0 0.1689005432410742 0.8463826860701585 0.004629629629629629 0.011111111111111112
0 0.30630483826752253 0.7098648703664614 0.004629629629629629 0.011111111111111112
0 0.253138629501005 0.7626880713344854 0.004629629629629629 0.011111111111111112
0 0.16069376458496318 0.8545365177671979 0.004629629629629629 0.011111111111111112
0 0.3975328533027629 0.6192254231701582 0.004629629629629629 0.011111111111111112
0 0.21135388332347196 0.8042032385044215 0.004629629629629629 0.011111111111111112
0 0.2985285417883622 0.7175909971909175 0.004629629629629629 0.011111111111111112
0 0.4981176822763695 0.5192895285770265 0.004629629629629629 0.011111111111111112
0 0.25021376393941247 0.7655940667956805 0.004629629629629629 0.011111111111111112
0 0.26261875569665655 0.753269107243322 0.004629629629629629 0.011111111111111112
0 0.5866858661131145 0.43129275237793785 0.004629629629629629 0.011111111111111112
0 0.38436965813590995 0.632303694497225 0.004629629629629629 0.011111111111111112
0 0.6299158436858902 0.3883416778862769 0.004629629629629629 0.011111111111111112
0 0.25985109175123455 0.7560189152923218 0.004629629629629629 0.011111111111111112
0 0.5638932888591236 0.45393828074641907 0.004629629629629629 0.011111111111111112
