0 0.31395382765356555 0.7022652292990381 0.004629629629629629 0.011111111111111112
0 0.4648315078034644 0.5523609535372032 0.004629629629629629 0.011111111111111112
0 0.34514492519497375 0.6712753646449938 0.004629629629629629 0.011111111111111112
0 0.18448421992801164 0.8308995492328143 0.004629629629629629 0.011111111111111112
0 0.29481145068467074 0.721284107061682 0.004629629629629629 0.011111111111111112
0 0.8647727272727272 0.155 0.004629629629629629 0.011111111111111112
0 0.25529612394072143 0.7605444962137349 0.004629629629629629 0.011111111111111112
0 0.22928332951239322 0.7863894661618803 0.004629629629629629 0.011111111111111112
0 0.438244136818566 0.5787767930963925 0.004629629629629629 0.011111111111111112
0 0.5356063670318595 0.48204270630382995 0.004629629629629629 0.011111111111111112
0 0.2986938591084831 0.7174267464341523 0.004629629629629629 0.011111111111111112
0 0.3069624428330844 0.7092115084110001 0.004629629629629629 0.011111111111111112
0 0.19196495624059481 0.823467075735151 0.004629629629629629 0.011111111111111112
0 0.35292858243928965 0.6635419245441897 0.004629629629629629 0.011111111111111112
0 0.20342808228386006 0.8120779053437778 0.004629629629629629 0.011111111111111112
0 0.26978439756640804 0.7461496953211172 0.004629629629629629 0.011111111111111112
0 0.16022727272727275 0.855 0.004629629629629629 0.011111111111111112
0 0.3881161338031142 0.6285813896407768 0.004629629629629629 0.011111111111111112
0 0.17194023471040926 0.8433626055135289 0.004629629629629629 0.011111111111111112
0 0.41371173801780114 0.6031509183565071 0.004629629629629629 0.011111111111111112
0 0.6261701112445572 0.3920632443118593 0.004629629629629629 0.011111111111111112
0 0.579623062412777 0.43830998960278944 0.004629629629629629 0.011111111111111112
0 0.19940967865970685 0.816070383783259 0.004629629629629629 0.011111111111111112
0 0.17483011574039298 0.8404913688772869 0.004629629629629629 0.011111111111111112
0 0.5026496529078497 0.5147867964657494 0.004629629629629629 0.011111111111111112
0 0.22634761956659816 0.789306236043509 0.004629629629629629 0.011111111111111112
0 0.2556654882625093 0.7601775148875715 0.004629629629629629 0.011111111111111112
0 0.2591574311234496 0.7567081006902502 0.004629629629629629 0.011111111111111112
0 0.41403287322570953 0.6028318549886499 0.004629629629629629 0.011111111111111112
0 0.22260202120172143 0.7930276692576446 0.004629629629629629 0.011111111111111112
