0 0.8346501782310178 0.18492821001563378 0.004629629629629629 0.011111111111111112
0 0.7364894672806832 0.28245562605661145 0.004629629629629629 0.011111111111111112
0 0.702896451542543 0.3158319126609573 0.004629629629629629 0.011111111111111112
0 0.44134224880104966 0.5756986689331507 0.004629629629629629 0.011111111111111112
0 0.6057825356896517 0.4123192871212493 0.004629629629629629 0.011111111111111112
0 0.6752759707927445 0.34327419676075704 0.004629629629629629 0.011111111111111112
0 0.21512071006963435 0.8004607138662989 0.004629629629629629 0.011111111111111112
0 0.6236620675280271 0.39455510710118596 0.004629629629629629 0.011111111111111112
0 0.16022727272727272 0.855 0.004629629629629629 0.011111111111111112
0 0.8131438122755346 0.20629582522301723 0.004629629629629629 0.011111111111111112
0 0.48578634775380314 0.531541306102673 0.004629629629629629 0.011111111111111112
0 0.43196575321635056 0.5850146709979485 0.004629629629629629 0.011111111111111112
0 0.6307819520855703 0.38748115728272375 0.004629629629629629 0.011111111111111112
0 0.8430475796581095 0.1765849853719428 0.004629629629629629 0.011111111111111112
0 0.30471300917001515 0.7114464295988236 0.004629629629629629 0.011111111111111112
0 0.6236321440761847 0.39458483749850043 0.004629629629629629 0.011111111111111112
0 0.6062973468369416 0.4118077973361999 0.004629629629629629 0.011111111111111112
0 0.36626668691352876 0.6502898723568811 0.004629629629629629 0.011111111111111112
0 0.5512247684974036 0.4665250687187087 0.004629629629629629 0.011111111111111112
0 0.8647727272727272 0.155 0.004629629629629629 0.011111111111111112
0 0.45700309806138684 0.5601388574099769 0.004629629629629629 0.011111111111111112
0 0.4117472045495011 0.6051027774153345 0.004629629629629629 0.011111111111111112
0 0.47927217854814086 0.5380134484102344 0.004629629629629629 0.011111111111111112
0 0.6074165681531211 0.41069579680270557 0.004629629629629629 0.011111111111111112
0 0.35774309077586025 0.6587584775517259 0.004629629629629629 0.011111111111111112
0 0.4550654544988573 0.5620640000462965 0.004629629629629629 0.011111111111111112
0 0.654303597493232 0.36411126442607916 0.004629629629629629 0.011111111111111112
0 0.31954488339707043 0.6967102448829108 0.004629629629629629 0.011111111111111112
0 0.4291414900172326 0.5878207131441688 0.004629629629629629 0.011111111111111112
0 0.858686340801108 0.16104711946212477 0.004629629629629629 0.011111111111111112
