0 0.3167929292929293 0.6994444444444444 0.004629629629629629 0.011111111111111112
0 0.3950757575757576 0.6216666666666666 0.004629629629629629 0.011111111111111112
0 0.3950757575757576 0.6216666666666666 0.004629629629629629 0.011111111111111112
0 0.4733585858585858 0.5438888888888889 0.004629629629629629 0.011111111111111112
0 0.3167929292929293 0.6994444444444444 0.004629629629629629 0.011111111111111112
0 0.6299242424242425 0.38833333333333336 0.004629629629629629 0.011111111111111112
0 0.3167929292929293 0.6994444444444444 0.004629629629629629 0.011111111111111112
0 0.23851010101010103 0.7772222222222221 0.004629629629629629 0.011111111111111112
0 0.7864898989898992 0.23277777777777772 0.004629629629629629 0.011111111111111112
0 0.7082070707070708 0.31055555555555553 0.004629629629629629 0.011111111111111112
0 0.4733585858585858 0.5438888888888889 0.004629629629629629 0.011111111111111112
0 0.8647727272727272 0.155 0.004629629629629629 0.011111111111111112
0 0.6299242424242425 0.38833333333333336 0.004629629629629629 0.011111111111111112
0 0.3167929292929293 0.6994444444444444 0.004629629629629629 0.011111111111111112
0 0.5516414141414142 0.4661111111111111 0.004629629629629629 0.011111111111111112
0 0.5516414141414142 0.4661111111111111 0.004629629629629629 0.011111111111111112
0 0.6299242424242425 0.38833333333333336 0.004629629629629629 0.011111111111111112
0 0.4733585858585858 0.5438888888888889 0.004629629629629629 0.011111111111111112
0 0.5516414141414142 0.4661111111111111 0.004629629629629629 0.011111111111111112
0 0.6299242424242425 0.38833333333333336 0.004629629629629629 0.011111111111111112
0 0.8647727272727272 0.155 0.004629629629629629 0.011111111111111112
0 0.4733585858585858 0.5438888888888889 0.004629629629629629 0.011111111111111112
0 0.7864898989898992 0.23277777777777772 0.004629629629629629 0.011111111111111112
0 0.4733585858585858 0.5438888888888889 0.004629629629629629 0.011111111111111112
0 0.3167929292929293 0.6994444444444444 0.004629629629629629 0.011111111111111112
0 0.6299242424242425 0.38833333333333336 0.004629629629629629 0.011111111111111112
0 0.5516414141414142 0.4661111111111111 0.004629629629629629 0.011111111111111112
0 0.5516414141414142 0.4661111111111111 0.004629629629629629 0.011111111111111112
0 0.16022727272727272 0.855 0.004629629629629629 0.011111111111111112
0 0.3167929292929293 0.6994444444444444 0.004629629629629629 0.011111111111111112
