0 0.41126541334024636 0.6055814602942069 0.004629629629629629 0.011111111111111112
0 0.6501762790986862 0.36821195496001496 0.004629629629629629 0.011111111111111112
0 0.24794841732771283 0.7678447982679498 0.004629629629629629 0.011111111111111112
0 0.2986319542909317 0.717488251865784 0.004629629629629629 0.011111111111111112
0 0.17167968333049632 0.8436214759167971 0.004629629629629629 0.011111111111111112
0 0.2808973992112183 0.7351083904611121 0.004629629629629629 0.011111111111111112
0 0.5515043260408109 0.4662473147723556 0.004629629629629629 0.011111111111111112
0 0.1810662117966944 0.8342955056987681 0.004629629629629629 0.011111111111111112
0 0.3195425213713218 0.6967125916697835 0.004629629629629629 0.011111111111111112
0 0.16169190140734527 0.8535448205372184 0.004629629629629629 0.011111111111111112
0 0.24372813731745283 0.7720378506652404 0.004629629629629629 0.011111111111111112
0 0.6089420531873877 0.4091801536073697 0.004629629629629629 0.011111111111111112
0 0.5766280550945962 0.4412856742931108 0.004629629629629629 0.011111111111111112
0 0.17121432785352442 0.8440838291003693 0.004629629629629629 0.011111111111111112
0 0.5813018827730059 0.43664200034165856 0.004629629629629629 0.011111111111111112
0 0.3791059158107371 0.6375334771944935 0.004629629629629629 0.011111111111111112
0 0.41649338570353567 0.6003872167848743 0.004629629629629629 0.011111111111111112
0 0.4733132297765181 0.5439339523510723 0.004629629629629629 0.011111111111111112
0 0.16022727272727275 0.855 0.004629629629629629 0.011111111111111112
0 0.2277631404439912 0.7878998475588732 0.004629629629629629 0.011111111111111112
0 0.37804868488844884 0.6385838872721219 0.004629629629629629 0.011111111111111112
0 0.8647727272727272 0.155 0.004629629629629629 0.011111111111111112
0 0.3722593645324678 0.6443358571741933 0.004629629629629629 0.011111111111111112
0 0.2479969137851498 0.7677966146908836 0.004629629629629629 0.011111111111111112
0 0.21655000511300676 0.7990406400812708 0.004629629629629629 0.011111111111111112
0 0.31401226947443434 0.7022071645221749 0.004629629629629629 0.011111111111111112
0 0.3833544596966313 0.6333123432691534 0.004629629629629629 0.011111111111111112
0 0.35836335397503394 0.6581422160506115 0.004629629629629629 0.011111111111111112
0 0.25863387667051047 0.7572282773725251 0.004629629629629629 0.011111111111111112
0 0.2853371632145407 0.730697270096521 0.004629629629629629 0.011111111111111112
