0 0.16022727272727275 0.855 0.004629629629629629 0.011111111111111112
0 0.19598763435806318 0.8194703503797308 0.004629629629629629 0.011111111111111112
0 0.35082279189558174 0.6656341293424544 0.004629629629629629 0.011111111111111112
0 0.4712100813343212 0.5460235320936421 0.004629629629629629 0.011111111111111112
0 0.3764459210537577 0.6401763106949763 0.004629629629629629 0.011111111111111112
0 0.17176733781438835 0.8435343869457045 0.004629629629629629 0.011111111111111112
0 0.30090813802260447 0.7152267531904446 0.004629629629629629 0.011111111111111112
0 0.5417154579179159 0.47597302890736104 0.004629629629629629 0.011111111111111112
0 0.5107608166546084 0.5067279628076793 0.004629629629629629 0.011111111111111112
0 0.6821163752537607 0.33647792394142473 0.004629629629629629 0.011111111111111112
0 0.8647727272727271 0.155 0.004629629629629629 0.011111111111111112
0 0.3007573384672735 0.7153765798454185 0.004629629629629629 0.011111111111111112
0 0.6218132802072492 0.39639196676182964 0.004629629629629629 0.011111111111111112
0 0.5696095732543492 0.44825887560535627 0.004629629629629629 0.011111111111111112
0 0.41815085642371 0.598740439424185 0.004629629629629629 0.011111111111111112
0 0.2808133071100614 0.7351919400325841 0.004629629629629629 0.011111111111111112
0 0.20222250892595028 0.813275700809056 0.004629629629629629 0.011111111111111112
0 0.7873068676034856 0.23196607992944007 0.004629629629629629 0.011111111111111112
0 0.3135615486084285 0.702654977511626 0.004629629629629629 0.011111111111111112
0 0.3713679462438611 0.6452215243770671 0.004629629629629629 0.011111111111111112
0 0.5431154544034837 0.4745820646571839 0.004629629629629629 0.011111111111111112
0 0.567617365714528 0.45023823019330755 0.004629629629629629 0.011111111111111112
0 0.7022852052154278 0.3164392154633814 0.004629629629629629 0.011111111111111112
0 0.1980954635841572 0.8173761200518697 0.004629629629629629 0.011111111111111112
0 0.614166768795341 0.4039891458420483 0.004629629629629629 0.011111111111111112
0 0.5069827176990648 0.5104816869312517 0.004629629629629629 0.011111111111111112
0 0.27708720109061163 0.73889400665836 0.004629629629629629 0.011111111111111112
0 0.3071942061679282 0.7089812403234778 0.004629629629629629 0.011111111111111112
0 0.37752446277984136 0.6391047273026093 0.004629629629629629 0.011111111111111112
0 0.31767318118750626 0.6985698715943487 0.004629629629629629 0.011111111111111112
