0 0.7699853728546283 0.24917582309927253 0.004629629629629629 0.011111111111111112
0 0.6275454292264856 0.3906967993491692 0.004629629629629629 0.011111111111111112
0 0.7165436722051597 0.30227273858326065 0.004629629629629629 0.011111111111111112
0 0.661056826237943 0.357401604899076 0.004629629629629629 0.011111111111111112
0 0.25236532017822494 0.7634563915648603 0.004629629629629629 0.011111111111111112
0 0.5297766304965812 0.48783483163565483 0.004629629629629629 0.011111111111111112
0 0.8647727272727272 0.155 0.004629629629629629 0.011111111111111112
0 0.3699794361837087 0.6466010763077991 0.004629629629629629 0.011111111111111112
0 0.3467221042983286 0.669708360890693 0.004629629629629629 0.011111111111111112
0 0.4821491325034548 0.5351550554481804 0.004629629629629629 0.011111111111111112
0 0.5925467450354229 0.4254696855777088 0.004629629629629629 0.011111111111111112
0 0.35448287504932563 0.6619976596284121 0.004629629629629629 0.011111111111111112
0 0.5380505428919632 0.4796142993202431 0.004629629629629629 0.011111111111111112
0 0.717312504473446 0.30150886652315695 0.004629629629629629 0.011111111111111112
0 0.24289398119330854 0.7728666251369709 0.004629629629629629 0.011111111111111112
0 0.70505895541879 0.3136833604226215 0.004629629629629629 0.011111111111111112
0 0.7237262338776518 0.2951365160183331 0.004629629629629629 0.011111111111111112
0 0.43744939290735496 0.5795664096275311 0.004629629629629629 0.011111111111111112
0 0.2003401679858824 0.8151458976140266 0.004629629629629629 0.011111111111111112
0 0.5480863027434957 0.4696432863064624 0.004629629629629629 0.011111111111111112
0 0.19189537578364294 0.823536207285929 0.004629629629629629 0.011111111111111112
0 0.5065980668435531 0.5108638561683408 0.004629629629629629 0.011111111111111112
0 0.578861887685226 0.43906625352564654 0.004629629629629629 0.011111111111111112
0 0.3094517466392989 0.7067382646293418 0.004629629629629629 0.011111111111111112
0 0.5586270587246376 0.45917053520261814 0.004629629629629629 0.011111111111111112
0 0.7841731053593917 0.23507962435260435 0.004629629629629629 0.011111111111111112
0 0.25227602931881765 0.7635451063542069 0.004629629629629629 0.011111111111111112
0 0.7819619913714099 0.2372764730890508 0.004629629629629629 0.011111111111111112
0 0.7928779710169164 0.2264309191186767 0.004629629629629629 0.011111111111111112
0 0.16022727272727275 0.855 0.004629629629629629 0.011111111111111112
