0 0.36094428931009853 0.6555779319112569 0.004629629629629629 0.011111111111111112
0 0.741500342521227 0.2774770790434261 0.004629629629629629 0.011111111111111112
0 0.33965696025519587 0.6767279233593538 0.004629629629629629 0.011111111111111112
0 0.2281543320994181 0.7875111797205782 0.004629629629629629 0.011111111111111112
0 0.421174274378869 0.5957365273913172 0.004629629629629629 0.011111111111111112
0 0.7287691071952183 0.2901261773673316 0.004629629629629629 0.011111111111111112
0 0.27086661216259633 0.7450744627545818 0.004629629629629629 0.011111111111111112
0 0.6901151814803222 0.32853072291632496 0.004629629629629629 0.011111111111111112
0 0.6295287120274913 0.38872631192107315 0.004629629629629629 0.011111111111111112
0 0.5089463952082999 0.508530678309173 0.004629629629629629 0.011111111111111112
0 0.16022727272727275 0.855 0.004629629629629629 0.011111111111111112
0 0.5661140235517753 0.45173187337436516 0.004629629629629629 0.011111111111111112
0 0.6197282324133943 0.3984635626344341 0.004629629629629629 0.011111111111111112
0 0.3946107827480851 0.6221286416567412 0.004629629629629629 0.011111111111111112
0 0.6048682142817923 0.413227709681316 0.004629629629629629 0.011111111111111112
0 0.6637163553923341 0.3547592339972939 0.004629629629629629 0.011111111111111112
0 0.49641598525482256 0.5209802469081117 0.004629629629629629 0.011111111111111112
0 0.5944199671855395 0.42360854873178655 0.004629629629629629 0.011111111111111112
0 0.3256860884341705 0.6906086605234694 0.004629629629629629 0.011111111111111112
0 0.6757317203900874 0.3428213874833971 0.004629629629629629 0.011111111111111112
0 0.4579498900220231 0.5591981737845706 0.004629629629629629 0.011111111111111112
0 0.43658014302423787 0.5804300514468863 0.004629629629629629 0.011111111111111112
0 0.8647727272727272 0.155 0.004629629629629629 0.011111111111111112
0 0.8122697112489213 0.2071642868881685 0.004629629629629629 0.011111111111111112
0 0.4318387431375058 0.5851408616569297 0.004629629629629629 0.011111111111111112
0 0.7432696209878507 0.27571921527658694 0.004629629629629629 0.011111111111111112
0 0.2067555754367385 0.80877187988866 0.004629629629629629 0.011111111111111112
0 0.561108969738206 0.45670463651816956 0.004629629629629629 0.011111111111111112
0 0.44006440240260875 0.576968271161279 0.004629629629629629 0.011111111111111112
0 0.8316815714658495 0.18787766447909143 0.004629629629629629 0.011111111111111112
