0 0.16022727272727266 0.855 0.004629629629629629 0.011111111111111112
0 0.5728856231786711 0.4450039614869977 0.004629629629629629 0.011111111111111112
0 0.3383609126208624 0.6780156093960463 0.004629629629629629 0.011111111111111112
0 0.6304258900835058 0.38783492211058124 0.004629629629629629 0.011111111111111112
0 0.3640616454625962 0.6524806877339367 0.004629629629629629 0.011111111111111112
0 0.831658678274046 0.18790040997288338 0.004629629629629629 0.011111111111111112
0 0.592975465547595 0.4250437310043251 0.004629629629629629 0.011111111111111112
0 0.41517856500556377 0.6016935547686656 0.004629629629629629 0.011111111111111112
0 0.36557391484652596 0.6509781749266774 0.004629629629629629 0.011111111111111112
0 0.2235356679062482 0.7921000460802438 0.004629629629629629 0.011111111111111112
0 0.6894093385228145 0.3292320120483005 0.004629629629629629 0.011111111111111112
0 0.4196705607074788 0.5972305396841823 0.004629629629629629 0.011111111111111112
0 0.5973209351302707 0.42072629670927936 0.004629629629629629 0.011111111111111112
0 0.43415680099621284 0.5828377590102143 0.004629629629629629 0.011111111111111112
0 0.25952431694624184 0.7563435818727662 0.004629629629629629 0.011111111111111112
0 0.5826577017879375 0.4352949285461782 0.004629629629629629 0.011111111111111112
0 0.437865379886731 0.5791531064351189 0.004629629629629629 0.011111111111111112
0 0.8647727272727272 0.155 0.004629629629629629 0.011111111111111112
0 0.4526015105032707 0.5645120476290085 0.004629629629629629 0.011111111111111112
0 0.3671807069933035 0.6493817491808468 0.004629629629629629 0.011111111111111112
0 0.45588504438429084 0.5612496978375433 0.004629629629629629 0.011111111111111112
0 0.539526697965008 0.47814766782831464 0.004629629629629629 0.011111111111111112
0 0.5409577154960029 0.4767258826684874 0.004629629629629629 0.011111111111111112
0 0.3598868116622117 0.6566285871227058 0.004629629629629629 0.011111111111111112
0 0.3026846742175053 0.7134616785193818 0.004629629629629629 0.011111111111111112
0 0.8202089148079381 0.19927630399727433 0.004629629629629629 0.011111111111111112
0 0.17047182573071676 0.8448215408869008 0.004629629629629629 0.011111111111111112
0 0.7998297223612254 0.21952401778304056 0.004629629629629629 0.011111111111111112
0 0.8242689135232844 0.19524249882202707 0.004629629629629629 0.011111111111111112
0 0.24252275774878962 0.7732354535915251 0.004629629629629629 0.011111111111111112
