0 0.7896916126692566 0.2295967203157064 0.004629629629629629 0.011111111111111112
0 0.654718183876851 0.36369935279332233 0.004629629629629629 0.011111111111111112
0 0.41654451498222383 0.6003364173725001 0.004629629629629629 0.011111111111111112
0 0.25472030695504716 0.7611165982511146 0.004629629629629629 0.011111111111111112
0 0.5222202131422562 0.49534249791027446 0.004629629629629629 0.011111111111111112
0 0.33615895725655676 0.6802033585967112 0.004629629629629629 0.011111111111111112
0 0.5632202883218457 0.45460693934474694 0.004629629629629629 0.011111111111111112
0 0.66691506911551 0.3515811571368481 0.004629629629629629 0.011111111111111112
0 0.5829360512190558 0.43501837491784134 0.004629629629629629 0.011111111111111112
0 0.2390370475581608 0.7766986753293112 0.004629629629629629 0.011111111111111112
0 0.6322704807130991 0.386002232065695 0.004629629629629629 0.011111111111111112
0 0.5310189641244624 0.48660051306343743 0.004629629629629629 0.011111111111111112
0 0.526350902758301 0.49123845790465576 0.004629629629629629 0.011111111111111112
0 0.4366481774097768 0.5803624559928671 0.004629629629629629 0.011111111111111112
0 0.1602272727272726 0.855 0.004629629629629629 0.011111111111111112
0 0.7863552056443279 0.23291160213402248 0.004629629629629629 0.011111111111111112
0 0.515971664952108 0.5015507328862926 0.004629629629629629 0.011111111111111112
0 0.597018816603657 0.4210264660841085 0.004629629629629629 0.011111111111111112
0 0.5945579141871565 0.42347149171082504 0.004629629629629629 0.011111111111111112
0 0.3814719034983473 0.6351827539435775 0.004629629629629629 0.011111111111111112
0 0.20741953137226574 0.8081122075398134 0.004629629629629629 0.011111111111111112
0 0.357474428246818 0.6590254067741291 0.004629629629629629 0.011111111111111112
0 0.707379957913043 0.3113773321380089 0.004629629629629629 0.011111111111111112
0 0.7713782986128025 0.2477918839588931 0.004629629629629629 0.011111111111111112
0 0.34058943885124987 0.6758014607542421 0.004629629629629629 0.011111111111111112
0 0.7149991852416914 0.30380726111470663 0.004629629629629629 0.011111111111111112
0 0.8374233328372018 0.18217294672948992 0.004629629629629629 0.011111111111111112
0 0.5386807315094141 0.4789881764358079 0.004629629629629629 0.011111111111111112
0 0.6896694577872775 0.32897357097264046 0.004629629629629629 0.011111111111111112
0 0.8647727272727271 0.1550000000000001 0.004629629629629629 0.011111111111111112
