0 0.27391512677838514 0.7420456159750238 0.004629629629629629 0.011111111111111112
0 0.29252492330484814 0.7235558826519572 0.004629629629629629 0.011111111111111112
0 0.234956538957392 0.7807528580681397 0.004629629629629629 0.011111111111111112
0 0.4341818473684244 0.5828128742275009 0.004629629629629629 0.011111111111111112
0 0.2143916149033149 0.8011851051928355 0.004629629629629629 0.011111111111111112
0 0.16022727272727272 0.855 0.004629629629629629 0.011111111111111112
0 0.33415810907762733 0.6821912980777122 0.004629629629629629 0.011111111111111112
0 0.3974756589613217 0.6192822485158481 0.004629629629629629 0.011111111111111112
0 0.18256318412162473 0.8328081912598052 0.004629629629629629 0.011111111111111112
0 0.712163482969256 0.30662466853377135 0.004629629629629629 0.011111111111111112
0 0.54480752982762 0.4729009058486871 0.004629629629629629 0.011111111111111112
0 0.4674146516426264 0.5497944751421648 0.004629629629629629 0.011111111111111112
0 0.34927793836293924 0.667169016078112 0.004629629629629629 0.011111111111111112
0 0.22918729523816883 0.786484880860142 0.004629629629629629 0.011111111111111112
0 0.49471887302351214 0.5226664100282524 0.004629629629629629 0.011111111111111112
0 0.3686353328941733 0.6479365079632085 0.004629629629629629 0.011111111111111112
0 0.686803865274488 0.33182067579179897 0.004629629629629629 0.011111111111111112
0 0.22238265546962727 0.793245619726951 0.004629629629629629 0.011111111111111112
0 0.5929371861415792 0.42508176344643095 0.004629629629629629 0.011111111111111112
0 0.7474412658775508 0.27157448422488495 0.004629629629629629 0.011111111111111112
0 0.19624784118852753 0.8192118223030114 0.004629629629629629 0.011111111111111112
0 0.3441466146526571 0.6722672344741343 0.004629629629629629 0.011111111111111112
0 0.3010401760823748 0.7150955669891244 0.004629629629629629 0.011111111111111112
0 0.24897338821336457 0.7668264400976893 0.004629629629629629 0.011111111111111112
0 0.8647727272727272 0.1549999999999999 0.004629629629629629 0.011111111111111112
0 0.17135587863875898 0.8439431915460073 0.004629629629629629 0.011111111111111112
0 0.3897568716445226 0.6269512372047968 0.004629629629629629 0.011111111111111112
0 0.4084572345722923 0.608371521779787 0.004629629629629629 0.011111111111111112
0 0.43400085701934416 0.5829926968969096 0.004629629629629629 0.011111111111111112
0 0.2640169239526924 0.7518799594276476 0.004629629629629629 0.011111111111111112
