0 0.2544716209877808 0.7613636797927856 0.004629629629629629 0.011111111111111112
0 0.2601997644023814 0.75567249214215 0.004629629629629629 0.011111111111111112
0 0.4885859086057968 0.5287598069335956 0.004629629629629629 0.011111111111111112
0 0.2120134999920057 0.8035478774272976 0.004629629629629629 0.011111111111111112
0 0.33646908538020753 0.6798952312996648 0.004629629629629629 0.011111111111111112
0 0.2145016467481994 0.8010757832308213 0.004629629629629629 0.011111111111111112
0 0.4953261769711084 0.5220630241706407 0.004629629629629629 0.011111111111111112
0 0.18645790276488977 0.8289385998335934 0.004629629629629629 0.011111111111111112
0 0.28631888562900687 0.7297218813750513 0.004629629629629629 0.011111111111111112
0 0.16022727272727275 0.855 0.004629629629629629 0.011111111111111112
0 0.30978211552931156 0.7064100271515228 0.004629629629629629 0.011111111111111112
0 0.25489038741544345 0.7609476150840111 0.004629629629629629 0.011111111111111112
0 0.2135454145421413 0.8020258461968404 0.004629629629629629 0.011111111111111112
0 0.1612941669436484 0.8539399889721171 0.004629629629629629 0.011111111111111112
0 0.34150489294777564 0.6748919128131777 0.004629629629629629 0.011111111111111112
0 0.4267565197253786 0.5901902965309143 0.004629629629629629 0.011111111111111112
0 0.19555692843600517 0.8198982775539045 0.004629629629629629 0.011111111111111112
0 0.35409368355327314 0.6623843402115868 0.004629629629629629 0.011111111111111112
0 0.33440742255462585 0.6819435930747588 0.004629629629629629 0.011111111111111112
0 0.23221192510309768 0.7834797647362771 0.004629629629629629 0.011111111111111112
0 0.379721802936089 0.6369215635344665 0.004629629629629629 0.011111111111111112
0 0.8647727272727272 0.155 0.004629629629629629 0.011111111111111112
0 0.3297031653307095 0.6866175002520694 0.004629629629629629 0.011111111111111112
0 0.1802126079995133 0.8351436023746771 0.004629629629629629 0.011111111111111112
0 0.3642852123913796 0.6522585631724357 0.004629629629629629 0.011111111111111112
0 0.16046605123423263 0.8547627619995367 0.004629629629629629 0.011111111111111112
0 0.3297683957297878 0.6865526906942755 0.004629629629629629 0.011111111111111112
0 0.2008744870650826 0.8146150257546921 0.004629629629629629 0.011111111111111112
0 0.2655055404055343 0.7504009469519208 0.004629629629629629 0.011111111111111112
0 0.21904191687258381 0.7965648051717555 0.004629629629629629 0.011111111111111112
