0 0.2682571226826454 0.747667116818533 0.004629629629629629 0.011111111111111112
0 0.31415677514516316 0.7020635911460961 0.004629629629629629 0.011111111111111112
0 0.4972983146915885 0.520103609919325 0.004629629629629629 0.011111111111111112
0 0.44237736836757385 0.5746702275573784 0.004629629629629629 0.011111111111111112
0 0.3568356803457815 0.6596600337209655 0.004629629629629629 0.011111111111111112
0 0.5206834521289149 0.496869344336433 0.004629629629629629 0.011111111111111112
0 0.4888718676671464 0.5284756927694159 0.004629629629629629 0.011111111111111112
0 0.35650848038374117 0.6599851227155088 0.004629629629629629 0.011111111111111112
0 0.29758791246389005 0.7185255579391029 0.004629629629629629 0.011111111111111112
0 0.46865661110212264 0.5485605283243429 0.004629629629629629 0.011111111111111112
0 0.4213448681454524 0.5955670342296796 0.004629629629629629 0.011111111111111112
0 0.7002235501245004 0.3184875695537223 0.004629629629629629 0.011111111111111112
0 0.6046807442341414 0.41341397024478865 0.004629629629629629 0.011111111111111112
0 0.7016638369230398 0.31705657492807665 0.004629629629629629 0.011111111111111112
0 0.35370241919783735 0.6627730802808585 0.004629629629629629 0.011111111111111112
0 0.38171881361219945 0.6349374367982019 0.004629629629629629 0.011111111111111112
0 0.5917260180458704 0.4262851175544256 0.004629629629629629 0.011111111111111112
0 0.779999281643446 0.2392265201736086 0.004629629629629629 0.011111111111111112
0 0.34651897852156355 0.6699101761785757 0.004629629629629629 0.011111111111111112
0 0.8647727272727275 0.155 0.004629629629629629 0.011111111111111112
0 0.4289053168386864 0.5880553626247891 0.004629629629629629 0.011111111111111112
0 0.6843206584643649 0.3342878619128247 0.004629629629629629 0.011111111111111112
0 0.1602272727272728 0.855 0.004629629629629629 0.011111111111111112
0 0.7998474770480878 0.2195063776425451 0.004629629629629629 0.011111111111111112
0 0.7306750842521442 0.2882324969365793 0.004629629629629629 0.011111111111111112
0 0.4662169947875264 0.5509844051788447 0.004629629629629629 0.011111111111111112
0 0.41983205639418275 0.5970700859051347 0.004629629629629629 0.011111111111111112
0 0.19519416595374656 0.820258699633052 0.004629629629629629 0.011111111111111112
0 0.4579720911796634 0.5591761158602055 0.004629629629629629 0.011111111111111112
0 0.6497253530138255 0.3686599718443283 0.004629629629629629 0.011111111111111112
