0 0.3014587417843414 0.7146797017110413 0.004629629629629629 0.011111111111111112
0 0.3125870429049032 0.7036231960815801 0.004629629629629629 0.011111111111111112
0 0.4408951874226948 0.5761428460445484 0.004629629629629629 0.011111111111111112
0 0.47575675927819766 0.5415061875558551 0.004629629629629629 0.011111111111111112
0 0.19269802822626717 0.8227387332461603 0.004629629629629629 0.011111111111111112
0 0.5369215568141756 0.4807360016168834 0.004629629629629629 0.011111111111111112
0 0.44943544782621897 0.5676576840952405 0.004629629629629629 0.011111111111111112
0 0.4171123446194977 0.5997722511522409 0.004629629629629629 0.011111111111111112
0 0.3223371590947539 0.6939359838671477 0.004629629629629629 0.011111111111111112
0 0.16022727272727272 0.855 0.004629629629629629 0.011111111111111112
0 0.6689129987135306 0.34959611740720187 0.004629629629629629 0.011111111111111112
0 0.826304441702196 0.19322010308297932 0.004629629629629629 0.011111111111111112
0 0.575661290676154 0.4422462015217566 0.004629629629629629 0.011111111111111112
0 0.7448990651394563 0.274100283667895 0.004629629629629629 0.011111111111111112
0 0.4304646194746564 0.5865061200058251 0.004629629629629629 0.011111111111111112
0 0.3624464483450062 0.6540854642249615 0.004629629629629629 0.011111111111111112
0 0.6245614074162089 0.39366156940583097 0.004629629629629629 0.011111111111111112
0 0.6596868646095431 0.35876272806535714 0.004629629629629629 0.011111111111111112
0 0.40418377726634924 0.6126174083934336 0.004629629629629629 0.011111111111111112
0 0.5782353860454712 0.43968871321933817 0.004629629629629629 0.011111111111111112
0 0.6338555270962805 0.38442741178821166 0.004629629629629629 0.011111111111111112
0 0.4540253943498069 0.5630973501298693 0.004629629629629629 0.011111111111111112
0 0.41734164669149626 0.5995444284484488 0.004629629629629629 0.011111111111111112
0 0.6223919127222989 0.3958170673597805 0.004629629629629629 0.011111111111111112
0 0.3663248420269612 0.6502320924377288 0.004629629629629629 0.011111111111111112
0 0.5262213647327842 0.49136716020097565 0.004629629629629629 0.011111111111111112
0 0.6674483846912028 0.3510512823068049 0.004629629629629629 0.011111111111111112
0 0.8647727272727272 0.155 0.004629629629629629 0.011111111111111112
0 0.21678755143448764 0.7988046263167026 0.004629629629629629 0.011111111111111112
0 0.7895933362221781 0.22969436272119081 0.004629629629629629 0.011111111111111112
