0 0.5303386701918298 0.48727641800295624 0.004629629629629629 0.011111111111111112
0 0.33585836171529 0.6805020148119055 0.004629629629629629 0.011111111111111112
0 0.2623843729492884 0.7535019778439329 0.004629629629629629 0.011111111111111112
0 0.5682609899495857 0.44959875837266977 0.004629629629629629 0.011111111111111112
0 0.38550779559746 0.6311728998580075 0.004629629629629629 0.011111111111111112
0 0.49895049861573787 0.5184620852462992 0.004629629629629629 0.011111111111111112
0 0.1662243164965925 0.8490416468356436 0.004629629629629629 0.011111111111111112
0 0.23037665273669355 0.7853031966358012 0.004629629629629629 0.011111111111111112
0 0.16799462441098462 0.8472827602626346 0.004629629629629629 0.011111111111111112
0 0.21326186932063895 0.802307562094333 0.004629629629629629 0.011111111111111112
0 0.3507392747717761 0.6657171076461065 0.004629629629629629 0.011111111111111112
0 0.2818516800064015 0.7341602663162204 0.004629629629629629 0.011111111111111112
0 0.2119834654207634 0.8035777182271125 0.004629629629629629 0.011111111111111112
0 0.43658802540225355 0.5804222199229223 0.004629629629629629 0.011111111111111112
0 0.19062237629606577 0.8248009938735863 0.004629629629629629 0.011111111111111112
0 0.39024740303518407 0.6264638705327849 0.004629629629629629 0.011111111111111112
0 0.16022727272727275 0.855 0.004629629629629629 0.011111111111111112
0 0.45078425335247563 0.566317580540121 0.004629629629629629 0.011111111111111112
0 0.6753037531538438 0.34324659364069715 0.004629629629629629 0.011111111111111112
0 0.3000379917986184 0.7160912855678243 0.004629629629629629 0.011111111111111112
0 0.16542813980570914 0.8498326869027149 0.004629629629629629 0.011111111111111112
0 0.37559650092456737 0.6410202506943009 0.004629629629629629 0.011111111111111112
0 0.8647727272727272 0.155 0.004629629629629629 0.011111111111111112
0 0.4830477403392098 0.5342622450823334 0.004629629629629629 0.011111111111111112
0 0.3447055821419868 0.6717118732266713 0.004629629629629629 0.011111111111111112
0 0.20714730510212448 0.8083826775114376 0.004629629629629629 0.011111111111111112
0 0.2801585855860194 0.7358424375467937 0.004629629629629629 0.011111111111111112
0 0.3362105783797865 0.6801520705129863 0.004629629629629629 0.011111111111111112
0 0.6066572022054224 0.41145026361525766 0.004629629629629629 0.011111111111111112
0 0.44315251195689986 0.573900084894435 0.004629629629629629 0.011111111111111112
