0 0.6729357134578805 0.3455993556612025 0.004629629629629629 0.011111111111111112
0 0.8178786241871369 0.20159156048503815 0.004629629629629629 0.011111111111111112
0 0.7672068158099343 0.25193645396948455 0.004629629629629629 0.011111111111111112
0 0.8647727272727272 0.15499999999999978 0.004629629629629629 0.011111111111111112
0 0.5558392198438755 0.46194038802608495 0.004629629629629629 0.011111111111111112
0 0.8548179500004482 0.16489055290278043 0.004629629629629629 0.011111111111111112
0 0.6260768643894101 0.3921558895743924 0.004629629629629629 0.011111111111111112
0 0.7106909688105338 0.308087682601147 0.004629629629629629 0.011111111111111112
0 0.33361057029875285 0.6827353043483358 0.004629629629629629 0.011111111111111112
0 0.7597436233187431 0.2593514968317004 0.004629629629629629 0.011111111111111112
0 0.44764906211248084 0.5694325447398578 0.004629629629629629 0.011111111111111112
0 0.581730117962372 0.4362165279599658 0.004629629629629629 0.011111111111111112
0 0.5345169212582939 0.48312512339498537 0.004629629629629629 0.011111111111111112
0 0.726088001148283 0.2927899859558993 0.004629629629629629 0.011111111111111112
0 0.16022727272727275 0.855 0.004629629629629629 0.011111111111111112
0 0.8321330480787217 0.18742910061856013 0.004629629629629629 0.011111111111111112
0 0.8273396094889766 0.19219161379804883 0.004629629629629629 0.011111111111111112
0 0.7909955900487277 0.2283011556935221 0.004629629629629629 0.011111111111111112
0 0.6487852386139877 0.3695940209899734 0.004629629629629629 0.011111111111111112
0 0.4949018885331795 0.5224845752638086 0.004629629629629629 0.011111111111111112
0 0.5111647599336177 0.5063266256143412 0.004629629629629629 0.011111111111111112
0 0.8311223409675326 0.1884332870387093 0.004629629629629629 0.011111111111111112
0 0.6461250163389591 0.37223708054064697 0.004629629629629629 0.011111111111111112
0 0.8168653978217126 0.20259824990616926 0.004629629629629629 0.011111111111111112
0 0.8637530196572607 0.15601312885665697 0.004629629629629629 0.011111111111111112
0 0.7092812974043309 0.3094882593531165 0.004629629629629629 0.011111111111111112
0 0.5571677108280116 0.4606204679515238 0.004629629629629629 0.011111111111111112
0 0.38111981347660423 0.6355325724167933 0.004629629629629629 0.011111111111111112
0 0.48324707233180564 0.5340641991025932 0.004629629629629629 0.011111111111111112
0 0.7031495894846987 0.31558040786681524 0.004629629629629629 0.011111111111111112
