0 0.1879331327603644 0.8274728874509929 0.004629629629629629 0.011111111111111112
0 0.19430663977406615 0.8211404998373795 0.004629629629629629 0.011111111111111112
0 0.7623160018621604 0.256795714278886 0.004629629629629629 0.011111111111111112
0 0.7204703316461096 0.2983714124290266 0.004629629629629629 0.011111111111111112
0 0.7946281255952091 0.22469205586024374 0.004629629629629629 0.011111111111111112
0 0.1969498982889959 0.8185142946031911 0.004629629629629629 0.011111111111111112
0 0.4148571724569808 0.6020128738169352 0.004629629629629629 0.011111111111111112
0 0.22559612057465217 0.7900528866548618 0.004629629629629629 0.011111111111111112
0 0.8082795759619011 0.2111286793668853 0.004629629629629629 0.011111111111111112
0 0.16022727272727272 0.855 0.004629629629629629 0.011111111111111112
0 0.39571229970042177 0.6210342312653875 0.004629629629629629 0.011111111111111112
0 0.5837857743194559 0.43417413390195997 0.004629629629629629 0.011111111111111112
0 0.48484860019510334 0.5324730036771231 0.004629629629629629 0.011111111111111112
0 0.3580290804536631 0.6584743329686187 0.004629629629629629 0.011111111111111112
0 0.8647727272727272 0.155 0.004629629629629629 0.011111111111111112
0 0.34218117591819347 0.6742199929586982 0.004629629629629629 0.011111111111111112
0 0.35411065846558615 0.662367474814837 0.004629629629629629 0.011111111111111112
0 0.5703475479942551 0.4475256619928045 0.004629629629629629 0.011111111111111112
0 0.20746729354033785 0.8080647535147611 0.004629629629629629 0.011111111111111112
0 0.389098194135796 0.6276056651812091 0.004629629629629629 0.011111111111111112
0 0.5670205477090995 0.4508311977599915 0.004629629629629629 0.011111111111111112
0 0.36392266920141625 0.6526187673740768 0.004629629629629629 0.011111111111111112
0 0.20121748679844653 0.8142742389228338 0.004629629629629629 0.011111111111111112
0 0.5662845463361098 0.45156245073702644 0.004629629629629629 0.011111111111111112
0 0.31862109360593516 0.6976280747399096 0.004629629629629629 0.011111111111111112
0 0.7004684953691573 0.3182442046009662 0.004629629629629629 0.011111111111111112
0 0.18742229146738665 0.8279804329936933 0.004629629629629629 0.011111111111111112
0 0.296004241952326 0.72009901122156 0.004629629629629629 0.011111111111111112
0 0.3517055590333595 0.6647570574765332 0.004629629629629629 0.011111111111111112
0 0.5261571997295641 0.491430911236433 0.004629629629629629 0.011111111111111112
