0 0.46612396845844994 0.5510768313380562 0.004629629629629629 0.011111111111111112
0 0.7283149144542255 0.29057743983257595 0.004629629629629629 0.011111111111111112
0 0.6846814058470868 0.33392944193257174 0.004629629629629629 0.011111111111111112
0 0.47233968306050894 0.5449012181205266 0.004629629629629629 0.011111111111111112
0 0.7710694991407929 0.24809869117624453 0.004629629629629629 0.011111111111111112
0 0.7418211748457246 0.2771583166048931 0.004629629629629629 0.011111111111111112
0 0.8136326118305565 0.2058101792135119 0.004629629629629629 0.011111111111111112
0 0.7379609585579711 0.2809936282714355 0.004629629629629629 0.011111111111111112
0 0.7182167252805689 0.3006104793986606 0.004629629629629629 0.011111111111111112
0 0.7703289683349583 0.2488344443639769 0.004629629629629629 0.011111111111111112
0 0.7035596629723628 0.31517298001455585 0.004629629629629629 0.011111111111111112
0 0.4395173996598857 0.5775117448540491 0.004629629629629629 0.011111111111111112
0 0.6249627569537844 0.393262809220111 0.004629629629629629 0.011111111111111112
0 0.7759348484233164 0.24326473124393078 0.004629629629629629 0.011111111111111112
0 0.6318720615656005 0.3863980807670808 0.004629629629629629 0.011111111111111112
0 0.7075201683610247 0.31123802627356256 0.004629629629629629 0.011111111111111112
0 0.5057305275024605 0.5117257984814263 0.004629629629629629 0.011111111111111112
0 0.7549171732663438 0.2641468084966648 0.004629629629629629 0.011111111111111112
0 0.47898447848416853 0.5382992923447616 0.004629629629629629 0.011111111111111112
0 0.6542805817693957 0.3641341316613746 0.004629629629629629 0.011111111111111112
0 0.7755808538883869 0.24361644194315113 0.004629629629629629 0.011111111111111112
0 0.16022727272727272 0.855 0.004629629629629629 0.011111111111111112
0 0.8230942707475964 0.19640956325722664 0.004629629629629629 0.011111111111111112
0 0.8647727272727275 0.155 0.004629629629629629 0.011111111111111112
0 0.6842099520105882 0.33439785413141565 0.004629629629629629 0.011111111111111112
0 0.7406805130433229 0.2782916192988921 0.004629629629629629 0.011111111111111112
0 0.8159800680408439 0.20347786788200029 0.004629629629629629 0.011111111111111112
0 0.5324974043168037 0.4851316111949176 0.004629629629629629 0.011111111111111112
0 0.5654356136613081 0.4524059064268294 0.004629629629629629 0.011111111111111112
0 0.8424834698343175 0.17714545577751686 0.004629629629629629 0.011111111111111112
