0 0.8018765421595223 0.21749040327376473 0.004629629629629629 0.011111111111111112
0 0.19179711186906206 0.8236338372397707 0.004629629629629629 0.011111111111111112
0 0.44748500089135546 0.5695955475014919 0.004629629629629629 0.011111111111111112
0 0.6644986266083367 0.3539820096923622 0.004629629629629629 0.011111111111111112
0 0.39572712302241353 0.6210195035777311 0.004629629629629629 0.011111111111111112
0 0.5185055832604146 0.4990331624380396 0.004629629629629629 0.011111111111111112
0 0.729952665092188 0.28895025532776164 0.004629629629629629 0.011111111111111112
0 0.7141613161812512 0.3046397245683052 0.004629629629629629 0.011111111111111112
0 0.7105950024701851 0.308183029803816 0.004629629629629629 0.011111111111111112
0 0.8217455205358649 0.19774961185468898 0.004629629629629629 0.011111111111111112
0 0.38835345651357195 0.6283455980445801 0.004629629629629629 0.011111111111111112
0 0.7173474385693478 0.30147415780851883 0.004629629629629629 0.011111111111111112
0 0.6047273159116235 0.41336769902974163 0.004629629629629629 0.011111111111111112
0 0.5968363057838957 0.42120779941471004 0.004629629629629629 0.011111111111111112
0 0.44501252713479433 0.5720520698144623 0.004629629629629629 0.011111111111111112
0 0.3932380234175438 0.6234925444754726 0.004629629629629629 0.011111111111111112
0 0.8647727272727272 0.155 0.004629629629629629 0.011111111111111112
0 0.2399908468130341 0.7757510296180177 0.004629629629629629 0.011111111111111112
0 0.8566195913706363 0.1631005350253033 0.004629629629629629 0.011111111111111112
0 0.7873025651297646 0.23197035464526608 0.004629629629629629 0.011111111111111112
0 0.5650321871068464 0.4528067302293267 0.004629629629629629 0.011111111111111112
0 0.8061570432848009 0.21323751828477838 0.004629629629629629 0.011111111111111112
0 0.5356692160047103 0.4819802628082234 0.004629629629629629 0.011111111111111112
0 0.7279742349505198 0.29091592140399963 0.004629629629629629 0.011111111111111112
0 0.5350451235082471 0.48260032890148363 0.004629629629629629 0.011111111111111112
0 0.40283706283998155 0.6139554343396312 0.004629629629629629 0.011111111111111112
0 0.8425669696175533 0.17706249470255989 0.004629629629629629 0.011111111111111112
0 0.6335509599546769 0.38473001398051454 0.004629629629629629 0.011111111111111112
0 0.16022727272727272 0.855 0.004629629629629629 0.011111111111111112
0 0.6811635548653833 0.33742459710149003 0.004629629629629629 0.011111111111111112
