0 0.5772672938045115 0.44065055970390493 0.004629629629629629 0.011111111111111112
0 0.8300528291155028 0.1894958988142748 0.004629629629629629 0.011111111111111112
0 0.8647727272727271 0.15500000000000022 0.004629629629629629 0.011111111111111112
0 0.5996242354917701 0.4184378563501125 0.004629629629629629 0.011111111111111112
0 0.5743165508478834 0.4435822656091998 0.004629629629629629 0.011111111111111112
0 0.6196463138909561 0.39854495265027595 0.004629629629629629 0.011111111111111112
0 0.38088379306384706 0.6357670701172102 0.004629629629629629 0.011111111111111112
0 0.352334648809687 0.664132026343924 0.004629629629629629 0.011111111111111112
0 0.8304500452751685 0.18910124533951012 0.004629629629629629 0.011111111111111112
0 0.8553376245870311 0.16437423105546578 0.004629629629629629 0.011111111111111112
0 0.16022727272727272 0.8550000000000001 0.004629629629629629 0.011111111111111112
0 0.5846594057107793 0.4333061388421936 0.004629629629629629 0.011111111111111112
0 0.3457114902576515 0.6707124548407851 0.004629629629629629 0.011111111111111112
0 0.6447212893496874 0.3736317512267622 0.004629629629629629 0.011111111111111112
0 0.6329020894701225 0.3853746982038783 0.004629629629629629 0.011111111111111112
0 0.7189497007419405 0.2998822328112335 0.004629629629629629 0.011111111111111112
0 0.5917280202060328 0.42628312831142556 0.004629629629629629 0.011111111111111112
0 0.5517252820848295 0.46602778425120184 0.004629629629629629 0.011111111111111112
0 0.7764526436572937 0.24275027662436627 0.004629629629629629 0.011111111111111112
0 0.4688157177987712 0.5484024481225114 0.004629629629629629 0.011111111111111112
0 0.7562065076053837 0.26286579244368363 0.004629629629629629 0.011111111111111112
0 0.7515966167921801 0.26744594202583405 0.004629629629629629 0.011111111111111112
0 0.5124354584625384 0.5050641251404459 0.004629629629629629 0.011111111111111112
0 0.824926464724002 0.1945891898871207 0.004629629629629629 0.011111111111111112
0 0.730344533141935 0.2885609154589806 0.004629629629629629 0.011111111111111112
0 0.7480766329896936 0.27094321625540124 0.004629629629629629 0.011111111111111112
0 0.7718565088873723 0.24731675891190116 0.004629629629629629 0.011111111111111112
0 0.8459976975366243 0.17365390051199917 0.004629629629629629 0.011111111111111112
0 0.8257917566459682 0.19372948049368324 0.004629629629629629 0.011111111111111112
0 0.5991541395295922 0.41890491943511504 0.004629629629629629 0.011111111111111112
