0 0.3089942536907151 0.7071928060105153 0.004629629629629629 0.011111111111111112
0 0.6129220054291781 0.40522587847681646 0.004629629629629629 0.011111111111111112
0 0.7088679564770669 0.30989893356472065 0.004629629629629629 0.011111111111111112
0 0.660647810440518 0.35780798188490465 0.004629629629629629 0.011111111111111112
0 0.612227245576835 0.4059161560075315 0.004629629629629629 0.011111111111111112
0 0.785006723759248 0.23425138413597302 0.004629629629629629 0.011111111111111112
0 0.8647727272727275 0.15499999999999978 0.004629629629629629 0.011111111111111112
0 0.36596126960075454 0.6505933192353793 0.004629629629629629 0.011111111111111112
0 0.7767702178713297 0.24243475127622718 0.004629629629629629 0.011111111111111112
0 0.7792272420804224 0.23999357883622544 0.004629629629629629 0.011111111111111112
0 0.8148318867698618 0.20461864153187911 0.004629629629629629 0.011111111111111112
0 0.7473095259503072 0.271705374217114 0.004629629629629629 0.011111111111111112
0 0.6195575149150627 0.39863317872955056 0.004629629629629629 0.011111111111111112
0 0.7629385602490245 0.25617717239774335 0.004629629629629629 0.011111111111111112
0 0.4972654508764406 0.5201362617098592 0.004629629629629629 0.011111111111111112
0 0.6782535746759615 0.3403158032251736 0.004629629629629629 0.011111111111111112
0 0.43482075074019455 0.5821780928129678 0.004629629629629629 0.011111111111111112
0 0.805755971829227 0.21363600218257442 0.004629629629629629 0.011111111111111112
0 0.767778436551279 0.2513685211038905 0.004629629629629629 0.011111111111111112
0 0.1602272727272728 0.8549999999999999 0.004629629629629629 0.011111111111111112
0 0.3838651576169458 0.6328049401741311 0.004629629629629629 0.011111111111111112
0 0.498190694922844 0.519216986979884 0.004629629629629629 0.011111111111111112
0 0.7105024379758539 0.30827499710786127 0.004629629629629629 0.011111111111111112
0 0.7921195300752816 0.2271844668929459 0.004629629629629629 0.011111111111111112
0 0.5897815800375824 0.4282170108013697 0.004629629629629629 0.011111111111111112
0 0.8352427656192213 0.18433944577187047 0.004629629629629629 0.011111111111111112
0 0.37349141197594055 0.6431117584239043 0.004629629629629629 0.011111111111111112
0 0.7357032119172954 0.2832368088047515 0.004629629629629629 0.011111111111111112
0 0.5838817305829426 0.43407879671114075 0.004629629629629629 0.011111111111111112
0 0.7774157434525762 0.24179339037615 0.004629629629629629 0.011111111111111112
