0 0.5562804306673806 0.46150202372402177 0.004629629629629629 0.011111111111111112
0 0.7580519142189557 0.2610322916792312 0.004629629629629629 0.011111111111111112
0 0.5722347968357678 0.4456505889502694 0.004629629629629629 0.011111111111111112
0 0.6277248275924524 0.39051855839201516 0.004629629629629629 0.011111111111111112
0 0.8534581591302289 0.16624157092867575 0.004629629629629629 0.011111111111111112
0 0.6046771354019268 0.41341755579421474 0.004629629629629629 0.011111111111111112
0 0.5279109573508833 0.4896884681804128 0.004629629629629629 0.011111111111111112
0 0.7506668186842614 0.26836974143628217 0.004629629629629629 0.011111111111111112
0 0.7245658413948509 0.2943023253238256 0.004629629629629629 0.011111111111111112
0 0.759185392168063 0.25990612649108574 0.004629629629629629 0.011111111111111112
0 0.45630578121399895 0.5608316754389946 0.004629629629629629 0.011111111111111112
0 0.6399353420472225 0.37838682144985647 0.004629629629629629 0.011111111111111112
0 0.38728774688710793 0.629404432125067 0.004629629629629629 0.011111111111111112
0 0.8647727272727272 0.1549999999999999 0.004629629629629629 0.011111111111111112
0 0.7667595188100311 0.2523808651822916 0.004629629629629629 0.011111111111111112
0 0.803821330630753 0.21555816182492923 0.004629629629629629 0.011111111111111112
0 0.38373272933412844 0.6329365140809304 0.004629629629629629 0.011111111111111112
0 0.7894420146501545 0.2298447080250079 0.004629629629629629 0.011111111111111112
0 0.8457014181469623 0.17394826842172767 0.004629629629629629 0.011111111111111112
0 0.16022727272727272 0.855 0.004629629629629629 0.011111111111111112
0 0.7245537285660925 0.29431436000530165 0.004629629629629629 0.011111111111111112
0 0.733006944923916 0.28591568052720584 0.004629629629629629 0.011111111111111112
0 0.8471646584718239 0.17249446835702667 0.004629629629629629 0.011111111111111112
0 0.5833796236298936 0.4345776642644928 0.004629629629629629 0.011111111111111112
0 0.6494695869452888 0.368914087809197 0.004629629629629629 0.011111111111111112
0 0.5617251995534809 0.45609238237912214 0.004629629629629629 0.011111111111111112
0 0.8330957932974647 0.18647256665929296 0.004629629629629629 0.011111111111111112
0 0.8194617036500841 0.2000186944379808 0.004629629629629629 0.011111111111111112
0 0.5837377583774715 0.43422184006367354 0.004629629629629629 0.011111111111111112
0 0.6842606422295239 0.3343474909461503 0.004629629629629629 0.011111111111111112
