0 0.20675121102708882 0.808776216140828 0.004629629629629629 0.011111111111111112
0 0.3022250197833841 0.7139183674410249 0.004629629629629629 0.011111111111111112
0 0.4892665515567627 0.5280835552274745 0.004629629629629629 0.011111111111111112
0 0.4359413534719647 0.5810647197762415 0.004629629629629629 0.011111111111111112
0 0.22089708575756864 0.7947216051182867 0.004629629629629629 0.011111111111111112
0 0.1750229356113159 0.8402997930055314 0.004629629629629629 0.011111111111111112
0 0.2128569211841083 0.8027098976622408 0.004629629629629629 0.011111111111111112
0 0.2781049138611961 0.737882859776618 0.004629629629629629 0.011111111111111112
0 0.6173495467880429 0.4008269019009123 0.004629629629629629 0.011111111111111112
0 0.2521533281027164 0.7636670159495592 0.004629629629629629 0.011111111111111112
0 0.5161659820611795 0.5013576694359894 0.004629629629629629 0.011111111111111112
0 0.3075329750096285 0.7086446570872078 0.004629629629629629 0.011111111111111112
0 0.6340286821092748 0.3842553739043335 0.004629629629629629 0.011111111111111112
0 0.2209307083129939 0.7946881994825737 0.004629629629629629 0.011111111111111112
0 0.18285439839362183 0.8325188557895629 0.004629629629629629 0.011111111111111112
0 0.171445099132631 0.8438545466682247 0.004629629629629629 0.011111111111111112
0 0.32706462621489063 0.689239016534883 0.004629629629629629 0.011111111111111112
0 0.34847691641094986 0.66796487014654 0.004629629629629629 0.011111111111111112
0 0.3531021659340831 0.663369460942911 0.004629629629629629 0.011111111111111112
0 0.21147415264658379 0.8040837451124264 0.004629629629629629 0.011111111111111112
0 0.27194270197743375 0.7440053154546787 0.004629629629629629 0.011111111111111112
0 0.3905581233638777 0.6261551548513732 0.004629629629629629 0.011111111111111112
0 0.16022727272727275 0.855 0.004629629629629629 0.011111111111111112
0 0.8647727272727272 0.155 0.004629629629629629 0.011111111111111112
0 0.19767564548036892 0.8177932296517626 0.004629629629629629 0.011111111111111112
0 0.8169585670177121 0.20250568180175696 0.004629629629629629 0.011111111111111112
0 0.28695866720441654 0.7290862274227088 0.004629629629629629 0.011111111111111112
0 0.23738204904534924 0.7783429964323627 0.004629629629629629 0.011111111111111112
0 0.24644995505186215 0.7693335930452466 0.004629629629629629 0.011111111111111112
0 0.2680940057177034 0.7478291814159592 0.004629629629629629 0.011111111111111112
