0 0.6419230939626622 0.37641189374032274 0.004629629629629629 0.011111111111111112
0 0.17684343830090493 0.8384910354945848 0.004629629629629629 0.011111111111111112
0 0.26675640206185924 0.7491581553707979 0.004629629629629629 0.011111111111111112
0 0.48972788150324076 0.5276252016032318 0.004629629629629629 0.011111111111111112
0 0.263037617099063 0.7528529481725439 0.004629629629629629 0.011111111111111112
0 0.5689064160373717 0.4489574963241598 0.004629629629629629 0.011111111111111112
0 0.49151502554670695 0.5258495875213364 0.004629629629629629 0.011111111111111112
0 0.37048645112746204 0.646097332428199 0.004629629629629629 0.011111111111111112
0 0.1782053714595756 0.8371378890014539 0.004629629629629629 0.011111111111111112
0 0.16170857406049446 0.8535282554495733 0.004629629629629629 0.011111111111111112
0 0.16719539272026504 0.8480768356198657 0.004629629629629629 0.011111111111111112
0 0.2370035849263285 0.7787190188473897 0.004629629629629629 0.011111111111111112
0 0.2456988672895993 0.770079835080011 0.004629629629629629 0.011111111111111112
0 0.1641976991276887 0.8510551892537803 0.004629629629629629 0.011111111111111112
0 0.6054831050895537 0.4126167859110241 0.004629629629629629 0.011111111111111112
0 0.17712488452443934 0.8382114050531377 0.004629629629629629 0.011111111111111112
0 0.21408000171594466 0.8014947079725453 0.004629629629629629 0.011111111111111112
0 0.16177494514259444 0.853462312568003 0.004629629629629629 0.011111111111111112
0 0.19128022105073747 0.8241473932786221 0.004629629629629629 0.011111111111111112
0 0.3297007190271836 0.6866199307729918 0.004629629629629629 0.011111111111111112
0 0.30142620182069313 0.7147120317394403 0.004629629629629629 0.011111111111111112
0 0.16022727272727275 0.855 0.004629629629629629 0.011111111111111112
0 0.559683085658802 0.45812132134544836 0.004629629629629629 0.011111111111111112
0 0.2894467868197156 0.7266141601920245 0.004629629629629629 0.011111111111111112
0 0.21649863299328492 0.7990916807679621 0.004629629629629629 0.011111111111111112
0 0.34696291920036654 0.6694690996331842 0.004629629629629629 0.011111111111111112
0 0.1851805500591669 0.8302077115541181 0.004629629629629629 0.011111111111111112
0 0.8647727272727271 0.155 0.004629629629629629 0.011111111111111112
0 0.2098475726600296 0.8056998310345512 0.004629629629629629 0.011111111111111112
0 0.46262668616698516 0.554551550517963 0.004629629629629629 0.011111111111111112
