0 0.37641108688915326 0.6402109201230348 0.004629629629629629 0.011111111111111112
0 0.2573977381822676 0.7584564407737471 0.004629629629629629 0.011111111111111112
0 0.4616376040774582 0.5555342514327191 0.004629629629629629 0.011111111111111112
0 0.26454563879681714 0.7513546556470333 0.004629629629629629 0.011111111111111112
0 0.16910352467382894 0.8461810141950346 0.004629629629629629 0.011111111111111112
0 0.3675062712289899 0.6490582853595842 0.004629629629629629 0.011111111111111112
0 0.2558157205329558 0.7600282518575794 0.004629629629629629 0.011111111111111112
0 0.16279550845524432 0.8524483335347895 0.004629629629629629 0.011111111111111112
0 0.16022727272727275 0.855 0.004629629629629629 0.011111111111111112
0 0.17118002936865315 0.8441179063046931 0.004629629629629629 0.011111111111111112
0 0.3032769529868144 0.7128732209034231 0.004629629629629629 0.011111111111111112
0 0.23624048368409448 0.779477196855803 0.004629629629629629 0.011111111111111112
0 0.2124729433325507 0.8030913982373368 0.004629629629629629 0.011111111111111112
0 0.26959591886498735 0.7463369580309158 0.004629629629629629 0.011111111111111112
0 0.6747819020145676 0.34376507799842965 0.004629629629629629 0.011111111111111112
0 0.582941722547134 0.4350127401789766 0.004629629629629629 0.011111111111111112
0 0.8647727272727272 0.155 0.004629629629629629 0.011111111111111112
0 0.19370687406818504 0.8217363960870937 0.004629629629629629 0.011111111111111112
0 0.3016091078525199 0.7145303057465288 0.004629629629629629 0.011111111111111112
0 0.18551188757571416 0.829878511698968 0.004629629629629629 0.011111111111111112
0 0.17840129497126644 0.8369432295124192 0.004629629629629629 0.011111111111111112
0 0.8445593304251072 0.1750829878357 0.004629629629629629 0.011111111111111112
0 0.20289620837629127 0.8126063478067816 0.004629629629629629 0.011111111111111112
0 0.23687922938679254 0.7788425720931222 0.004629629629629629 0.011111111111111112
0 0.310605136041614 0.705592316448977 0.004629629629629629 0.011111111111111112
0 0.18096877203519382 0.8343923168166462 0.004629629629629629 0.011111111111111112
0 0.18371349039299 0.8316653063192229 0.004629629629629629 0.011111111111111112
0 0.23034420979338704 0.7853354302697961 0.004629629629629629 0.011111111111111112
0 0.3541073818619205 0.6623707302791242 0.004629629629629629 0.011111111111111112
0 0.22997296550836466 0.7857042794303991 0.004629629629629629 0.011111111111111112
