0 0.22520007810486145 0.7904463740119442 0.004629629629629629 0.011111111111111112
0 0.5810339219373138 0.43690823239776555 0.004629629629629629 0.011111111111111112
0 0.4609223155879429 0.5562449251577858 0.004629629629629629 0.011111111111111112
0 0.2517293586403001 0.7640882501251213 0.004629629629629629 0.011111111111111112
0 0.548752608937135 0.4689812788624594 0.004629629629629629 0.011111111111111112
0 0.1898544507164659 0.825563965094608 0.004629629629629629 0.011111111111111112
0 0.20105020828156508 0.8144404382234772 0.004629629629629629 0.011111111111111112
0 0.17896346872075702 0.8363846826903447 0.004629629629629629 0.011111111111111112
0 0.2591279209580347 0.756737420467501 0.004629629629629629 0.011111111111111112
0 0.8647727272727272 0.155 0.004629629629629629 0.011111111111111112
0 0.16139112226203725 0.8538436591719114 0.004629629629629629 0.011111111111111112
0 0.33435026285749603 0.6820003839996491 0.004629629629629629 0.011111111111111112
0 0.41074634828593704 0.6060971765417142 0.004629629629629629 0.011111111111111112
0 0.38110819959995257 0.6355441113652084 0.004629629629629629 0.011111111111111112
0 0.16582420333451905 0.8494391786224779 0.004629629629629629 0.011111111111111112
0 0.3762140496920782 0.6404066861123867 0.004629629629629629 0.011111111111111112
0 0.27258345586073124 0.7433686954674025 0.004629629629629629 0.011111111111111112
0 0.39696728522834185 0.6197873424182926 0.004629629629629629 0.011111111111111112
0 0.19463932183418825 0.8208099641131291 0.004629629629629629 0.011111111111111112
0 0.1692938839383542 0.8459918830547966 0.004629629629629629 0.011111111111111112
0 0.49829819678191617 0.5191101786811929 0.004629629629629629 0.011111111111111112
0 0.16022727272727275 0.855 0.004629629629629629 0.011111111111111112
0 0.2708256407614315 0.7451151698241261 0.004629629629629629 0.011111111111111112
0 0.1845642559722494 0.8308200295501522 0.004629629629629629 0.011111111111111112
0 0.17667256216990934 0.8386608091989287 0.004629629629629629 0.011111111111111112
0 0.5728417780130953 0.4450475237805375 0.004629629629629629 0.011111111111111112
0 0.5460649583683961 0.4716515897501097 0.004629629629629629 0.011111111111111112
0 0.24521770418552555 0.7705578939059939 0.004629629629629629 0.011111111111111112
0 0.17358404326403667 0.8417294021763764 0.004629629629629629 0.011111111111111112
0 0.17848086686004436 0.8368641709906656 0.004629629629629629 0.011111111111111112
