0 0.23389876351827135 0.7818038091495885 0.004629629629629629 0.011111111111111112
0 0.23212548664576502 0.783565645526143 0.004629629629629629 0.011111111111111112
0 0.16894306264202955 0.846340440987919 0.004629629629629629 0.011111111111111112
0 0.19663668108483523 0.818825491051196 0.004629629629629629 0.011111111111111112
0 0.16022727272727272 0.855 0.004629629629629629 0.011111111111111112
0 0.36820863924794067 0.6483604487472073 0.004629629629629629 0.011111111111111112
0 0.5221850570587695 0.4953774271803194 0.004629629629629629 0.011111111111111112
0 0.35555443935029285 0.6609330086455155 0.004629629629629629 0.011111111111111112
0 0.16137588435907163 0.8538587987658257 0.004629629629629629 0.011111111111111112
0 0.21118382017431894 0.804372204471967 0.004629629629629629 0.011111111111111112
0 0.4881318346801464 0.529210951350048 0.004629629629629629 0.011111111111111112
0 0.16689641265391605 0.8483738867825609 0.004629629629629629 0.011111111111111112
0 0.21277397413033428 0.8027923095737324 0.004629629629629629 0.011111111111111112
0 0.43748508513116585 0.579530947676132 0.004629629629629629 0.011111111111111112
0 0.2812107798398082 0.7347970316430292 0.004629629629629629 0.011111111111111112
0 0.30988502983788263 0.7063077768062327 0.004629629629629629 0.011111111111111112
0 0.561249743274138 0.45656477119859834 0.004629629629629629 0.011111111111111112
0 0.7744371370244555 0.24475277998860553 0.004629629629629629 0.011111111111111112
0 0.2966996246256869 0.7194081148880271 0.004629629629629629 0.011111111111111112
0 0.8647727272727272 0.155 0.004629629629629629 0.011111111111111112
0 0.23262017963162981 0.7830741441079291 0.004629629629629629 0.011111111111111112
0 0.18028367765615178 0.8350729912319524 0.004629629629629629 0.011111111111111112
0 0.25878480609028554 0.7570783216909421 0.004629629629629629 0.011111111111111112
0 0.3348452998333083 0.6815085408107775 0.004629629629629629 0.011111111111111112
0 0.4732326154804075 0.5440140465549499 0.004629629629629629 0.011111111111111112
0 0.2688854120111329 0.747042880969584 0.004629629629629629 0.011111111111111112
0 0.28020172464127907 0.7357995768080196 0.004629629629629629 0.011111111111111112
0 0.23489902523873663 0.7808100007305455 0.004629629629629629 0.011111111111111112
0 0.28842398231759847 0.7276303659554183 0.004629629629629629 0.011111111111111112
0 0.16257518409138827 0.8526672364511367 0.004629629629629629 0.011111111111111112
