0 0.3631636744355742 0.653372865399494 0.004629629629629629 0.011111111111111112
0 0.45034195257070697 0.5667570277684589 0.004629629629629629 0.011111111111111112
0 0.30275680316358017 0.7133900149213461 0.004629629629629629 0.011111111111111112
0 0.23781404744308057 0.7779137851210683 0.004629629629629629 0.011111111111111112
0 0.7037757822030692 0.31495825510146663 0.004629629629629629 0.011111111111111112
0 0.5059297202447384 0.5115278908536148 0.004629629629629629 0.011111111111111112
0 0.8647727272727272 0.155 0.004629629629629629 0.011111111111111112
0 0.3563164233250228 0.660175940696429 0.004629629629629629 0.011111111111111112
0 0.3079904056263041 0.7081901776358012 0.004629629629629629 0.011111111111111112
0 0.5222187649827549 0.4953439367268113 0.004629629629629629 0.011111111111111112
0 0.6545945145890478 0.3638222242147525 0.004629629629629629 0.011111111111111112
0 0.4066452717728301 0.610171794496672 0.004629629629629629 0.011111111111111112
0 0.169225645085699 0.8460596816567895 0.004629629629629629 0.011111111111111112
0 0.7572658747282777 0.2618132599473887 0.004629629629629629 0.011111111111111112
0 0.2223800693007946 0.7932481892108235 0.004629629629629629 0.011111111111111112
0 0.751591746999508 0.26745078040048886 0.004629629629629629 0.011111111111111112
0 0.4668672176818006 0.5503383772709851 0.004629629629629629 0.011111111111111112
0 0.40076110662205283 0.616017997291638 0.004629629629629629 0.011111111111111112
0 0.48193068575165493 0.5353720928660978 0.004629629629629629 0.011111111111111112
0 0.2669316860043453 0.748984002292457 0.004629629629629629 0.011111111111111112
0 0.4524508197528352 0.5646617661810542 0.004629629629629629 0.011111111111111112
0 0.4955485441126928 0.5218420916557762 0.004629629629629629 0.011111111111111112
0 0.33564951425612566 0.6807095148681075 0.004629629629629629 0.011111111111111112
0 0.37428523505309114 0.6423230567859611 0.004629629629629629 0.011111111111111112
0 0.44781631042155773 0.5692663754521298 0.004629629629629629 0.011111111111111112
0 0.1602272727272728 0.855 0.004629629629629629 0.011111111111111112
0 0.3373316763745274 0.6790382054085342 0.004629629629629629 0.011111111111111112
0 0.41134212553217875 0.6055052430196418 0.004629629629629629 0.011111111111111112
0 0.35979634166327734 0.6567184734442278 0.004629629629629629 0.011111111111111112
0 0.5937804823771464 0.4242439078317384 0.004629629629629629 0.011111111111111112
