0 0.17544574341035438 0.8398797129987448 0.004629629629629629 0.011111111111111112
0 0.21329256996322488 0.802277059520409 0.004629629629629629 0.011111111111111112
0 0.19496240549818744 0.8204889648598654 0.004629629629629629 0.011111111111111112
0 0.25274201771405935 0.7630821243357089 0.004629629629629629 0.011111111111111112
0 0.30509876062338964 0.7110631668645033 0.004629629629629629 0.011111111111111112
0 0.3051011599541159 0.71106078301333 0.004629629629629629 0.011111111111111112
0 0.36508146439457684 0.6514674482789365 0.004629629629629629 0.011111111111111112
0 0.3370819834940021 0.6792862873672495 0.004629629629629629 0.011111111111111112
0 0.16022727272727275 0.855 0.004629629629629629 0.011111111111111112
0 0.1741300123344628 0.8411869554870499 0.004629629629629629 0.011111111111111112
0 0.23864338453980138 0.7770897985862618 0.004629629629629629 0.011111111111111112
0 0.22765769995462762 0.7880046077870152 0.004629629629629629 0.011111111111111112
0 0.16962848626461366 0.8456594394532226 0.004629629629629629 0.011111111111111112
0 0.39885951512221174 0.6179073204592218 0.004629629629629629 0.011111111111111112
0 0.624564531650478 0.39365846532791227 0.004629629629629629 0.011111111111111112
0 0.49266905188514387 0.5247030065141152 0.004629629629629629 0.011111111111111112
0 0.1778479096330578 0.8374930446226394 0.004629629629629629 0.011111111111111112
0 0.2863477230449145 0.7296932300069882 0.004629629629629629 0.011111111111111112
0 0.1792777185035332 0.8360724603255218 0.004629629629629629 0.011111111111111112
0 0.2133028054993247 0.8022668900200258 0.004629629629629629 0.011111111111111112
0 0.41494427574942133 0.6019263324812202 0.004629629629629629 0.011111111111111112
0 0.23673985399845623 0.7789810482854048 0.004629629629629629 0.011111111111111112
0 0.8647727272727275 0.1549999999999999 0.004629629629629629 0.011111111111111112
0 0.20152693147958178 0.8139667906589961 0.004629629629629629 0.011111111111111112
0 0.3055398413047103 0.7106249318649975 0.004629629629629629 0.011111111111111112
0 0.32736241459375093 0.68894314937137 0.004629629629629629 0.011111111111111112
0 0.20404391519306786 0.8114660455501133 0.004629629629629629 0.011111111111111112
0 0.28078142287934593 0.7352236185585854 0.004629629629629629 0.011111111111111112
0 0.17346048038143017 0.8418521678790952 0.004629629629629629 0.011111111111111112
0 0.4476378645234242 0.5694436700864044 0.004629629629629629 0.011111111111111112
