0 0.5487680676408252 0.4689659198923414 0.004629629629629629 0.011111111111111112
0 0.8376231760570634 0.181974392820724 0.004629629629629629 0.011111111111111112
0 0.6764917503761183 0.3420662609166309 0.004629629629629629 0.011111111111111112
0 0.6750791884594824 0.3434697095305787 0.004629629629629629 0.011111111111111112
0 0.6598650686719671 0.3585856737065617 0.004629629629629629 0.011111111111111112
0 0.6138331754167291 0.4043205870053143 0.004629629629629629 0.011111111111111112
0 0.8120008472725977 0.20743141625819317 0.004629629629629629 0.011111111111111112
0 0.6827398852441743 0.33585843659611053 0.004629629629629629 0.011111111111111112
0 0.6398742252122708 0.3784475439826472 0.004629629629629629 0.011111111111111112
0 0.1602272727272728 0.8549999999999999 0.004629629629629629 0.011111111111111112
0 0.6336852197638425 0.38459662036366604 0.004629629629629629 0.011111111111111112
0 0.8647727272727275 0.15499999999999978 0.004629629629629629 0.011111111111111112
0 0.8463609696430096 0.17329297209662264 0.004629629629629629 0.011111111111111112
0 0.8158113515850909 0.20364549584449038 0.004629629629629629 0.011111111111111112
0 0.6670393481551399 0.351457679897474 0.004629629629629629 0.011111111111111112
0 0.8598600357193901 0.159880996769122 0.004629629629629629 0.011111111111111112
0 0.5420742564307023 0.4756165452236894 0.004629629629629629 0.011111111111111112
0 0.5311119133696752 0.48650816349077425 0.004629629629629629 0.011111111111111112
0 0.7800681168827388 0.2391581290326335 0.004629629629629629 0.011111111111111112
0 0.7458907336785198 0.2731150129903738 0.004629629629629629 0.011111111111111112
0 0.8093956626375877 0.21001979325039655 0.004629629629629629 0.011111111111111112
0 0.7872355779818677 0.2320369096180152 0.004629629629629629 0.011111111111111112
0 0.28459940119558347 0.7314302723605172 0.004629629629629629 0.011111111111111112
0 0.25357153420378903 0.7622579595652675 0.004629629629629629 0.011111111111111112
0 0.8353278959809448 0.18425486463828702 0.004629629629629629 0.011111111111111112
0 0.6272842111087844 0.39095633218869147 0.004629629629629629 0.011111111111111112
0 0.7361335103746395 0.2828092864664873 0.004629629629629629 0.011111111111111112
0 0.8279069440438667 0.1916279394660935 0.004629629629629629 0.011111111111111112
0 0.6093460104006259 0.4087788025697007 0.004629629629629629 0.011111111111111112
0 0.6635596154619022 0.35491496270236805 0.004629629629629629 0.011111111111111112
