0 0.48996123919850126 0.5273933494414892 0.004629629629629629 0.011111111111111112
0 0.17400304353532886 0.841313105132641 0.004629629629629629 0.011111111111111112
0 0.41268486985208863 0.6041711615663119 0.004629629629629629 0.011111111111111112
0 0.71175758019405 0.3070279525813954 0.004629629629629629 0.011111111111111112
0 0.7911336953656692 0.2281639413786254 0.004629629629629629 0.011111111111111112
0 0.8647727272727272 0.155 0.004629629629629629 0.011111111111111112
0 0.536864290338567 0.4807928986313592 0.004629629629629629 0.011111111111111112
0 0.5650122625645021 0.45282652622623665 0.004629629629629629 0.011111111111111112
0 0.3073283764604621 0.7088479356457345 0.004629629629629629 0.011111111111111112
0 0.4281484679609214 0.5888073286065685 0.004629629629629629 0.011111111111111112
0 0.8329524201758834 0.18661501479299317 0.004629629629629629 0.011111111111111112
0 0.23918307589313115 0.7765535891126311 0.004629629629629629 0.011111111111111112
0 0.5146268268674112 0.5028868945962495 0.004629629629629629 0.011111111111111112
0 0.3840880129786559 0.6325835225889485 0.004629629629629629 0.011111111111111112
0 0.670080037691608 0.34843660771285395 0.004629629629629629 0.011111111111111112
0 0.2326243055127524 0.7830700448453944 0.004629629629629629 0.011111111111111112
0 0.8086822649422349 0.21072858837997296 0.004629629629629629 0.011111111111111112
0 0.34197511383797957 0.6744247256061364 0.004629629629629629 0.011111111111111112
0 0.8238123255081072 0.195696141108074 0.004629629629629629 0.011111111111111112
0 0.21819746364036446 0.7974038103186055 0.004629629629629629 0.011111111111111112
0 0.2661974832354696 0.7497134682692754 0.004629629629629629 0.011111111111111112
0 0.2835842162720786 0.7324389077038703 0.004629629629629629 0.011111111111111112
0 0.3855456209862155 0.6311353185040182 0.004629629629629629 0.011111111111111112
0 0.16022727272727275 0.855 0.004629629629629629 0.011111111111111112
0 0.31708369229783706 0.6991555573298909 0.004629629629629629 0.011111111111111112
0 0.5117406121184466 0.5057544886048982 0.004629629629629629 0.011111111111111112
0 0.4548157457317282 0.5623120977891217 0.004629629629629629 0.011111111111111112
0 0.3597651799832792 0.6567494340811291 0.004629629629629629 0.011111111111111112
0 0.8359762386488043 0.1836107048263492 0.004629629629629629 0.011111111111111112
0 0.3219387886964932 0.6943317841338068 0.004629629629629629 0.011111111111111112
