0 0.5351239155177958 0.48252204522748027 0.004629629629629629 0.011111111111111112
0 0.2558890585749751 0.7599553869642183 0.004629629629629629 0.011111111111111112
0 0.19509751939266753 0.8203547226679303 0.004629629629629629 0.011111111111111112
0 0.17925467511560478 0.8360953550464314 0.004629629629629629 0.011111111111111112
0 0.387082121452258 0.6296087309442082 0.004629629629629629 0.011111111111111112
0 0.21420416873268194 0.8013713420333354 0.004629629629629629 0.011111111111111112
0 0.2233879993024219 0.7922467619834003 0.004629629629629629 0.011111111111111112
0 0.1642373034441655 0.8510158404490227 0.004629629629629629 0.011111111111111112
0 0.3348934339491566 0.6814607172376123 0.004629629629629629 0.011111111111111112
0 0.561729434145097 0.45608817510745214 0.004629629629629629 0.011111111111111112
0 0.2808878558427737 0.7351178722594377 0.004629629629629629 0.011111111111111112
0 0.1873480382054053 0.8280542072023716 0.004629629629629629 0.011111111111111112
0 0.16452400686693988 0.8507309867257501 0.004629629629629629 0.011111111111111112
0 0.40628665177739354 0.6105281008147188 0.004629629629629629 0.011111111111111112
0 0.8647727272727271 0.1550000000000001 0.004629629629629629 0.011111111111111112
0 0.4979763532617945 0.5194299457915075 0.004629629629629629 0.011111111111111112
0 0.16022727272727275 0.855 0.004629629629629629 0.011111111111111112
0 0.1847077086003776 0.8306775024228507 0.004629629629629629 0.011111111111111112
0 0.23030928871333378 0.7853701260525587 0.004629629629629629 0.011111111111111112
0 0.3915114724697517 0.6252079563848919 0.004629629629629629 0.011111111111111112
0 0.3134912821853967 0.7027247906028963 0.004629629629629629 0.011111111111111112
0 0.7959188399937486 0.2234096686513725 0.004629629629629629 0.011111111111111112
0 0.38951097113468214 0.6271955512597353 0.004629629629629629 0.011111111111111112
0 0.23048880942616445 0.7851917635378755 0.004629629629629629 0.011111111111111112
0 0.22764073423414233 0.7880214640512393 0.004629629629629629 0.011111111111111112
0 0.20596849938972575 0.8095538780256918 0.004629629629629629 0.011111111111111112
0 0.47442961391480554 0.5428247706910966 0.004629629629629629 0.011111111111111112
0 0.19055675195514424 0.8248661948316631 0.004629629629629629 0.011111111111111112
0 0.33596491617748186 0.6803961477978567 0.004629629629629629 0.011111111111111112
0 0.20572688130616767 0.8097939372829044 0.004629629629629629 0.011111111111111112
