0 0.5106546765223922 0.5068334181648491 0.004629629629629629 0.011111111111111112
0 0.7991590371309776 0.22019037601180297 0.004629629629629629 0.011111111111111112
0 0.3193051103224571 0.696948471034462 0.004629629629629629 0.011111111111111112
0 0.27097766525372796 0.7449641261350057 0.004629629629629629 0.011111111111111112
0 0.16022727272727275 0.855 0.004629629629629629 0.011111111111111112
0 0.8647727272727272 0.1550000000000001 0.004629629629629629 0.011111111111111112
0 0.4112862504446625 0.6055607576227224 0.004629629629629629 0.011111111111111112
0 0.31161339204823163 0.7045905653198216 0.004629629629629629 0.011111111111111112
0 0.32742573795965785 0.6888802345433077 0.004629629629629629 0.011111111111111112
0 0.5864741419198718 0.4315031106086435 0.004629629629629629 0.011111111111111112
0 0.703925680143063 0.3148093242449569 0.004629629629629629 0.011111111111111112
0 0.3515861861837453 0.6648756601787305 0.004629629629629629 0.011111111111111112
0 0.6279223825900601 0.39032227794277913 0.004629629629629629 0.011111111111111112
0 0.6297370675358749 0.38851930064177587 0.004629629629629629 0.011111111111111112
0 0.5005484943574725 0.5168743991545112 0.004629629629629629 0.011111111111111112
0 0.27726896305319554 0.7387134173535992 0.004629629629629629 0.011111111111111112
0 0.32990104143281684 0.6864209007699755 0.004629629629629629 0.011111111111111112
0 0.4589642538486314 0.5581903542407146 0.004629629629629629 0.011111111111111112
0 0.2171986193631699 0.7983962104391732 0.004629629629629629 0.011111111111111112
0 0.28361985537510576 0.7324034985305401 0.004629629629629629 0.011111111111111112
0 0.5197328208726 0.49781384248786836 0.004629629629629629 0.011111111111111112
0 0.4294329830337726 0.5875311007277356 0.004629629629629629 0.011111111111111112
0 0.3705210447091169 0.6460629620309419 0.004629629629629629 0.011111111111111112
0 0.6671567054466578 0.35134107974977224 0.004629629629629629 0.011111111111111112
0 0.3087004533777264 0.7074847108376139 0.004629629629629629 0.011111111111111112
0 0.39989221619583704 0.6168812819731684 0.004629629629629629 0.011111111111111112
0 0.395629687386224 0.621116310596913 0.004629629629629629 0.011111111111111112
0 0.32377414975793983 0.6925082641114663 0.004629629629629629 0.011111111111111112
0 0.3603075086457002 0.6562106043133044 0.004629629629629629 0.011111111111111112
0 0.274211742513393 0.7417509138899193 0.004629629629629629 0.011111111111111112
