0 0.5313597487123634 0.4862619270857808 0.004629629629629629 0.011111111111111112
0 0.5404108578883843 0.47726921216250856 0.004629629629629629 0.011111111111111112
0 0.5880693103364792 0.42991823360117554 0.004629629629629629 0.011111111111111112
0 0.49836086051127665 0.5190479192339573 0.004629629629629629 0.011111111111111112
0 0.5456773187599689 0.4720367284578373 0.004629629629629629 0.011111111111111112
0 0.5736260332678199 0.4442683282371337 0.004629629629629629 0.011111111111111112
0 0.6784562489848941 0.3401144364924279 0.004629629629629629 0.011111111111111112
0 0.41694549666628794 0.599938022667043 0.004629629629629629 0.011111111111111112
0 0.4960188621611974 0.521374807917262 0.004629629629629629 0.011111111111111112
0 0.40556789380120034 0.6112422216426785 0.004629629629629629 0.011111111111111112
0 0.817375743830378 0.20209119645239867 0.004629629629629629 0.011111111111111112
0 0.5528536427186795 0.4649067033633764 0.004629629629629629 0.011111111111111112
0 0.5673040631018026 0.45054951149885425 0.004629629629629629 0.011111111111111112
0 0.588398185472973 0.4295914802397559 0.004629629629629629 0.011111111111111112
0 0.6108158563151516 0.40731843953204294 0.004629629629629629 0.011111111111111112
0 0.6285145960693208 0.3897338851956425 0.004629629629629629 0.011111111111111112
0 0.8647727272727272 0.155 0.004629629629629629 0.011111111111111112
0 0.16493185977098038 0.8503257651307679 0.004629629629629629 0.011111111111111112
0 0.5992360785463107 0.4188235090572139 0.004629629629629629 0.011111111111111112
0 0.5964396485275827 0.4216018975919501 0.004629629629629629 0.011111111111111112
0 0.4119147211511769 0.6049363415659275 0.004629629629629629 0.011111111111111112
0 0.261105945311944 0.7547721575610362 0.004629629629629629 0.011111111111111112
0 0.49765453903834556 0.5197496837941599 0.004629629629629629 0.011111111111111112
0 0.23075562761440846 0.7849266667572974 0.004629629629629629 0.011111111111111112
0 0.7828798201592702 0.2363645657772413 0.004629629629629629 0.011111111111111112
0 0.6765486303456479 0.3420097479146466 0.004629629629629629 0.011111111111111112
0 0.7125678923975822 0.3062228681985312 0.004629629629629629 0.011111111111111112
0 0.4639678308092912 0.5532190584217365 0.004629629629629629 0.011111111111111112
0 0.1602272727272728 0.855 0.004629629629629629 0.011111111111111112
0 0.6073063073558416 0.4108053462400026 0.004629629629629629 0.011111111111111112
