0 0.5408755230129209 0.47680754487748506 0.004629629629629629 0.011111111111111112
0 0.4518049893711979 0.5653034299150679 0.004629629629629629 0.011111111111111112
0 0.2759436827479435 0.7400301474633336 0.004629629629629629 0.011111111111111112
0 0.4270297329701641 0.5899188459522242 0.004629629629629629 0.011111111111111112
0 0.2778323408489054 0.7381536742533457 0.004629629629629629 0.011111111111111112
0 0.6163087451929968 0.4018609886469581 0.004629629629629629 0.011111111111111112
0 0.46613645245876684 0.5510644278796769 0.004629629629629629 0.011111111111111112
0 0.649233257601747 0.3691488924472965 0.004629629629629629 0.011111111111111112
0 0.44636040168753577 0.5707128912265774 0.004629629629629629 0.011111111111111112
0 0.3791163603921102 0.6375230999975163 0.004629629629629629 0.011111111111111112
0 0.42797565581227226 0.5889790258381294 0.004629629629629629 0.011111111111111112
0 0.43771987011054336 0.579297677438557 0.004629629629629629 0.011111111111111112
0 0.35554144815406863 0.6609459160275706 0.004629629629629629 0.011111111111111112
0 0.4895037524167959 0.5278478846955706 0.004629629629629629 0.011111111111111112
0 0.2850956438254663 0.7309372312959883 0.004629629629629629 0.011111111111111112
0 0.45748785327619734 0.5596572296481652 0.004629629629629629 0.011111111111111112
0 0.57078844486032 0.4470876096226499 0.004629629629629629 0.011111111111111112
0 0.35825647394018934 0.6582484065368441 0.004629629629629629 0.011111111111111112
0 0.3882685470884703 0.6284299596669393 0.004629629629629629 0.011111111111111112
0 0.6509311034763644 0.36746200041703153 0.004629629629629629 0.011111111111111112
0 0.8647727272727275 0.155 0.004629629629629629 0.011111111111111112
0 0.16022727272727275 0.855 0.004629629629629629 0.011111111111111112
0 0.38739700942536615 0.6292958745064104 0.004629629629629629 0.011111111111111112
0 0.31182710706146527 0.7043782291131249 0.004629629629629629 0.011111111111111112
0 0.40800344702716035 0.6088223816633376 0.004629629629629629 0.011111111111111112
0 0.326550854239285 0.6897494738525815 0.004629629629629629 0.011111111111111112
0 0.3565921947993459 0.659901948392908 0.004629629629629629 0.011111111111111112
0 0.45433928466488777 0.5627854849135954 0.004629629629629629 0.011111111111111112
0 0.38391403208391167 0.6327563810263072 0.004629629629629629 0.011111111111111112
0 0.1807536527102469 0.8346060482749806 0.004629629629629629 0.011111111111111112
