0 0.31394199142601764 0.7022769891638277 0.004629629629629629 0.011111111111111112
0 0.2820199433360639 0.7339930885564269 0.004629629629629629 0.011111111111111112
0 0.46031188562459024 0.5568514168633104 0.004629629629629629 0.011111111111111112
0 0.2391868968766074 0.776549792780661 0.004629629629629629 0.011111111111111112
0 0.5189162876566626 0.49862510774757385 0.004629629629629629 0.011111111111111112
0 0.37116565235925 0.645422513139842 0.004629629629629629 0.011111111111111112
0 0.2695410027093476 0.7463915198887774 0.004629629629629629 0.011111111111111112
0 0.3581708533742766 0.6583334747120091 0.004629629629629629 0.011111111111111112
0 0.8054074298168717 0.2139822955367856 0.004629629629629629 0.011111111111111112
0 0.3304997196157152 0.6858260850269668 0.004629629629629629 0.011111111111111112
0 0.2577171580882873 0.7581390816413145 0.004629629629629629 0.011111111111111112
0 0.5734884818679963 0.44440499220857144 0.004629629629629629 0.011111111111111112
0 0.21381164961629706 0.8017613287683243 0.004629629629629629 0.011111111111111112
0 0.43171994946421893 0.5852588889194212 0.004629629629629629 0.011111111111111112
0 0.6870159190436793 0.3316099901114412 0.004629629629629629 0.011111111111111112
0 0.5754772836825635 0.44242902137345325 0.004629629629629629 0.011111111111111112
0 0.20813172145217002 0.8074046122346182 0.004629629629629629 0.011111111111111112
0 0.16022727272727275 0.855 0.004629629629629629 0.011111111111111112
0 0.28439460236776704 0.7316337499055734 0.004629629629629629 0.011111111111111112
0 0.8647727272727272 0.155 0.004629629629629629 0.011111111111111112
0 0.7099337017397788 0.30884006407789727 0.004629629629629629 0.011111111111111112
0 0.244190140986188 0.7715788276653359 0.004629629629629629 0.011111111111111112
0 0.407192528878909 0.6096280680816001 0.004629629629629629 0.011111111111111112
0 0.6823394782486638 0.3362562603206825 0.004629629629629629 0.011111111111111112
0 0.3252872307842188 0.69100494489826 0.004629629629629629 0.011111111111111112
0 0.5095174485066394 0.5079633092256616 0.004629629629629629 0.011111111111111112
0 0.5816702042471503 0.4362760551350893 0.004629629629629629 0.011111111111111112
0 0.30563408531137565 0.7105312958841816 0.004629629629629629 0.011111111111111112
0 0.7859509548781899 0.2333132448307017 0.004629629629629629 0.011111111111111112
0 0.5576331738918997 0.4601580078751449 0.004629629629629629 0.011111111111111112
