0 0.49794099678386555 0.5194650741631269 0.004629629629629629 0.011111111111111112
0 0.44601471930121356 0.5710563434039555 0.004629629629629629 0.011111111111111112
0 0.5589541094902389 0.4588455944419559 0.004629629629629629 0.011111111111111112
0 0.8262025440829025 0.19332134329827727 0.004629629629629629 0.011111111111111112
0 0.6434740586933819 0.3748709352336721 0.004629629629629629 0.011111111111111112
0 0.3294399540364224 0.6868790134089738 0.004629629629629629 0.011111111111111112
0 0.5611306301793649 0.45668311582179216 0.004629629629629629 0.011111111111111112
0 0.49940339712021065 0.5180121086676616 0.004629629629629629 0.011111111111111112
0 0.5229117884979169 0.4946553843311017 0.004629629629629629 0.011111111111111112
0 0.7011050200314654 0.3176117865493827 0.004629629629629629 0.011111111111111112
0 0.7415803897836233 0.2773975482149806 0.004629629629629629 0.011111111111111112
0 0.6420393045154815 0.37629643293300524 0.004629629629629629 0.011111111111111112
0 0.8170967902283027 0.20236835035381523 0.004629629629629629 0.011111111111111112
0 0.6650988489601278 0.35338565974284053 0.004629629629629629 0.011111111111111112
0 0.1988779657620886 0.8165986662750859 0.004629629629629629 0.011111111111111112
0 0.753369910073728 0.2656840893461024 0.004629629629629629 0.011111111111111112
0 0.789713136620607 0.22957533522855805 0.004629629629629629 0.011111111111111112
0 0.5169708095709518 0.5005580343617639 0.004629629629629629 0.011111111111111112
0 0.8647727272727271 0.155 0.004629629629629629 0.011111111111111112
0 0.426324220264293 0.5906198069632183 0.004629629629629629 0.011111111111111112
0 0.1602272727272726 0.855 0.004629629629629629 0.011111111111111112
0 0.7089315461024609 0.309835754194974 0.004629629629629629 0.011111111111111112
0 0.4977105977016425 0.5196939867996582 0.004629629629629629 0.011111111111111112
0 0.5760881697443196 0.44182207651209526 0.004629629629629629 0.011111111111111112
0 0.8409090135980509 0.17870975423161373 0.004629629629629629 0.011111111111111112
0 0.6316422920605399 0.3866263678882376 0.004629629629629629 0.011111111111111112
0 0.7631306064607176 0.2559863651938674 0.004629629629629629 0.011111111111111112
0 0.4801596247082393 0.537131727709233 0.004629629629629629 0.011111111111111112
0 0.6576434275960746 0.3607929816142223 0.004629629629629629 0.011111111111111112
0 0.8080501765832293 0.21135659874956536 0.004629629629629629 0.011111111111111112
