0 0.4716942055057636 0.545542531303951 0.004629629629629629 0.011111111111111112
0 0.3291247792601759 0.6871921547995671 0.004629629629629629 0.011111111111111112
0 0.7442736108237913 0.27472170279442687 0.004629629629629629 0.011111111111111112
0 0.20534574169648995 0.8101726179273584 0.004629629629629629 0.011111111111111112
0 0.5905537802084944 0.42744979256704424 0.004629629629629629 0.011111111111111112
0 0.16022727272727275 0.855 0.004629629629629629 0.011111111111111112
0 0.5530480895307935 0.46471351104682446 0.004629629629629629 0.011111111111111112
0 0.7241583059918298 0.29470723146618205 0.004629629629629629 0.011111111111111112
0 0.7234998645430092 0.2953614249056553 0.004629629629629629 0.011111111111111112
0 0.21810889635673192 0.7974918062004083 0.004629629629629629 0.011111111111111112
0 0.7992538798229496 0.22009614520816626 0.004629629629629629 0.011111111111111112
0 0.435714934748329 0.5812896777339184 0.004629629629629629 0.011111111111111112
0 0.6408131216428427 0.37751470494840167 0.004629629629629629 0.011111111111111112
0 0.593805140138904 0.4242194091523148 0.004629629629629629 0.011111111111111112
0 0.7242138732638125 0.29465202269272833 0.004629629629629629 0.011111111111111112
0 0.6041231142180173 0.41396800264790534 0.004629629629629629 0.011111111111111112
0 0.6063799042138338 0.4117257725875457 0.004629629629629629 0.011111111111111112
0 0.3120692792490638 0.7041376193267366 0.004629629629629629 0.011111111111111112
0 0.3837882843883505 0.6328813174464131 0.004629629629629629 0.011111111111111112
0 0.4665398265843812 0.5506636561677761 0.004629629629629629 0.011111111111111112
0 0.31844971539767963 0.6977983472823054 0.004629629629629629 0.011111111111111112
0 0.5620591790630974 0.4557605575760193 0.004629629629629629 0.011111111111111112
0 0.8230111373965842 0.19649216026403907 0.004629629629629629 0.011111111111111112
0 0.8272247004047693 0.19230578153332611 0.004629629629629629 0.011111111111111112
0 0.7331878017549609 0.285735990514426 0.004629629629629629 0.011111111111111112
0 0.8647727272727272 0.155 0.004629629629629629 0.011111111111111112
0 0.7886976637614912 0.23058425664987328 0.004629629629629629 0.011111111111111112
0 0.5514633773075024 0.466287999320288 0.004629629629629629 0.011111111111111112
0 0.39443841208251357 0.6222999002535027 0.004629629629629629 0.011111111111111112
0 0.4705896662138912 0.5466399445358758 0.004629629629629629 0.011111111111111112
