0 0.24404196318221863 0.7717260494834731 0.004629629629629629 0.011111111111111112
0 0.16022727272727272 0.855 0.004629629629629629 0.011111111111111112
0 0.2883313044436378 0.7277224459076115 0.004629629629629629 0.011111111111111112
0 0.2974880928043296 0.7186247336008595 0.004629629629629629 0.011111111111111112
0 0.22412655725707542 0.7915129689187766 0.004629629629629629 0.011111111111111112
0 0.49231516117849033 0.5250546140549193 0.004629629629629629 0.011111111111111112
0 0.4060139408239347 0.6107990523426713 0.004629629629629629 0.011111111111111112
0 0.374463766159599 0.6421456774930436 0.004629629629629629 0.011111111111111112
0 0.8647727272727272 0.1550000000000001 0.004629629629629629 0.011111111111111112
0 0.2900161591411207 0.7260484612404349 0.004629629629629629 0.011111111111111112
0 0.43823558997599604 0.5787852847980426 0.004629629629629629 0.011111111111111112
0 0.7799772841745369 0.23924837572336322 0.004629629629629629 0.011111111111111112
0 0.2924180025397492 0.7236621136056686 0.004629629629629629 0.011111111111111112
0 0.40872467636385873 0.608105805419134 0.004629629629629629 0.011111111111111112
0 0.4064173998707666 0.6103981962574319 0.004629629629629629 0.011111111111111112
0 0.38970481039381655 0.6270029625764661 0.004629629629629629 0.011111111111111112
0 0.255004846862336 0.7608338940851629 0.004629629629629629 0.011111111111111112
0 0.3000988604565026 0.7160308096109588 0.004629629629629629 0.011111111111111112
0 0.23920890246012833 0.7765279291686468 0.004629629629629629 0.011111111111111112
0 0.1839437819122832 0.831436500551667 0.004629629629629629 0.011111111111111112
0 0.3111373556546889 0.7050635305108253 0.004629629629629629 0.011111111111111112
0 0.30148673178175595 0.7146518922942554 0.004629629629629629 0.011111111111111112
0 0.394580778421439 0.6221584524070863 0.004629629629629629 0.011111111111111112
0 0.28820880810126914 0.7278441519509972 0.004629629629629629 0.011111111111111112
0 0.5167181303394277 0.5008090834046975 0.004629629629629629 0.011111111111111112
0 0.29157175523876816 0.7245029012466432 0.004629629629629629 0.011111111111111112
0 0.31872068485381017 0.6975291260162144 0.004629629629629629 0.011111111111111112
0 0.5305152619819625 0.4871009655146953 0.004629629629629629 0.011111111111111112
0 0.23593010652934462 0.7797855715772963 0.004629629629629629 0.011111111111111112
0 0.6054168927182445 0.41268257110574413 0.004629629629629629 0.011111111111111112
