0 0.20607167334129606 0.8094513697125187 0.004629629629629629 0.011111111111111112
0 0.2993693359088052 0.7167556275486708 0.004629629629629629 0.011111111111111112
0 0.3296699431888036 0.6866505080575758 0.004629629629629629 0.011111111111111112
0 0.17216370851350513 0.8431405734769046 0.004629629629629629 0.011111111111111112
0 0.3452614398164366 0.6711596017307662 0.004629629629629629 0.011111111111111112
0 0.1738232274984404 0.8414917610660657 0.004629629629629629 0.011111111111111112
0 0.22572927955790908 0.7899205867618193 0.004629629629629629 0.011111111111111112
0 0.19453380677421483 0.8209147984307802 0.004629629629629629 0.011111111111111112
0 0.6592422628937259 0.3592044613830078 0.004629629629629629 0.011111111111111112
0 0.1715872295128658 0.843713333258185 0.004629629629629629 0.011111111111111112
0 0.46796527757731177 0.5492474016328645 0.004629629629629629 0.011111111111111112
0 0.16456201405097212 0.8506932247493567 0.004629629629629629 0.011111111111111112
0 0.2735018519132125 0.7424562245507437 0.004629629629629629 0.011111111111111112
0 0.19071695847395045 0.8247070219033008 0.004629629629629629 0.011111111111111112
0 0.31316188172995424 0.70305206589411 0.004629629629629629 0.011111111111111112
0 0.8647727272727272 0.1549999999999999 0.004629629629629629 0.011111111111111112
0 0.2698900745758122 0.7460447000988704 0.004629629629629629 0.011111111111111112
0 0.3247157146819577 0.6915727737998614 0.004629629629629629 0.011111111111111112
0 0.3015337790832573 0.7146051485237315 0.004629629629629629 0.011111111111111112
0 0.21937882663693622 0.796230069018786 0.004629629629629629 0.011111111111111112
0 0.23135853595192793 0.7843276481509877 0.004629629629629629 0.011111111111111112
0 0.20290144911532554 0.812601140878967 0.004629629629629629 0.011111111111111112
0 0.178243754383263 0.8370997537095323 0.004629629629629629 0.011111111111111112
0 0.4669289032677146 0.5502770896565933 0.004629629629629629 0.011111111111111112
0 0.4955033310002133 0.5218870130707558 0.004629629629629629 0.011111111111111112
0 0.16729338075970687 0.8479794797613236 0.004629629629629629 0.011111111111111112
0 0.23775928024051543 0.7779681989868427 0.004629629629629629 0.011111111111111112
0 0.19891733956162128 0.8165595465000666 0.004629629629629629 0.011111111111111112
0 0.25274766110626645 0.7630765173524836 0.004629629629629629 0.011111111111111112
0 0.16022727272727275 0.855 0.004629629629629629 0.011111111111111112
