0 0.18450002431887289 0.830883846805765 0.004629629629629629 0.011111111111111112
0 0.29754226456000765 0.7185709113403795 0.004629629629629629 0.011111111111111112
0 0.5108992057934585 0.5065904665019832 0.004629629629629629 0.011111111111111112
0 0.3106897000293056 0.7055082980353995 0.004629629629629629 0.011111111111111112
0 0.5120065512780343 0.505490265181824 0.004629629629629629 0.011111111111111112
0 0.2457465493161008 0.7700324606794869 0.004629629629629629 0.011111111111111112
0 0.6781267641477707 0.3404417956209246 0.004629629629629629 0.011111111111111112
0 0.16721376203103047 0.8480585848207826 0.004629629629629629 0.011111111111111112
0 0.39055137602726675 0.6261618586567802 0.004629629629629629 0.011111111111111112
0 0.4321191229088299 0.5848622907873562 0.004629629629629629 0.011111111111111112
0 0.17292010998862192 0.8423890520113047 0.004629629629629629 0.011111111111111112
0 0.3290531622534292 0.687263309761109 0.004629629629629629 0.011111111111111112
0 0.717938657607066 0.300886753087173 0.004629629629629629 0.011111111111111112
0 0.24369956733393822 0.7720662363262808 0.004629629629629629 0.011111111111111112
0 0.21727241119334428 0.7983228946853225 0.004629629629629629 0.011111111111111112
0 0.485245020795224 0.5320791406292612 0.004629629629629629 0.011111111111111112
0 0.2292192147492128 0.7864531672814273 0.004629629629629629 0.011111111111111112
0 0.8647727272727275 0.1549999999999999 0.004629629629629629 0.011111111111111112
0 0.38199753253717217 0.6346605160598419 0.004629629629629629 0.011111111111111112
0 0.6762248382658865 0.3423314510132483 0.004629629629629629 0.011111111111111112
0 0.3280728596787336 0.6882372878030647 0.004629629629629629 0.011111111111111112
0 0.26101028450968405 0.75486720119683 0.004629629629629629 0.011111111111111112
0 0.16022727272727275 0.855 0.004629629629629629 0.011111111111111112
0 0.7697641576193587 0.24939561113947592 0.004629629629629629 0.011111111111111112
0 0.2674343246407577 0.7484846064859568 0.004629629629629629 0.011111111111111112
0 0.23702162483423242 0.7787010953259885 0.004629629629629629 0.011111111111111112
0 0.3238980216104133 0.6923851914322345 0.004629629629629629 0.011111111111111112
0 0.39057411963361605 0.626139261783375 0.004629629629629629 0.011111111111111112
0 0.39458750495324374 0.622151769272261 0.004629629629629629 0.011111111111111112
0 0.7072916039361902 0.3114651160892046 0.004629629629629629 0.011111111111111112
