0 0.26544961347954804 0.7504565130590297 0.004629629629629629 0.011111111111111112
0 0.386353536314182 0.6303326155330062 0.004629629629629629 0.011111111111111112
0 0.5898166359076601 0.4281821810981959 0.004629629629629629 0.011111111111111112
0 0.8647727272727272 0.155 0.004629629629629629 0.011111111111111112
0 0.22729758775493555 0.7883623966821931 0.004629629629629629 0.011111111111111112
0 0.22628503261511768 0.7893684192082058 0.004629629629629629 0.011111111111111112
0 0.16022727272727275 0.855 0.004629629629629629 0.011111111111111112
0 0.45379091679590905 0.563330314925355 0.004629629629629629 0.011111111111111112
0 0.18192995090350267 0.8334373391023264 0.004629629629629629 0.011111111111111112
0 0.18939914268149033 0.8260163356583903 0.004629629629629629 0.011111111111111112
0 0.226871544144673 0.7887856916240024 0.004629629629629629 0.011111111111111112
0 0.21685304821321266 0.7987395520978403 0.004629629629629629 0.011111111111111112
0 0.4518791582568697 0.5652297395383359 0.004629629629629629 0.011111111111111112
0 0.23935672950998424 0.776381055841693 0.004629629629629629 0.011111111111111112
0 0.23404768828672678 0.7816558451860908 0.004629629629629629 0.011111111111111112
0 0.2950164009297898 0.7210804790762088 0.004629629629629629 0.011111111111111112
0 0.6916316235584503 0.32702406433547526 0.004629629629629629 0.011111111111111112
0 0.3093805852064905 0.706808966956132 0.004629629629629629 0.011111111111111112
0 0.8413950069517335 0.17822689631892286 0.004629629629629629 0.011111111111111112
0 0.2900707429573061 0.7259942295779024 0.004629629629629629 0.011111111111111112
0 0.4596635168780741 0.5574956025856554 0.004629629629629629 0.011111111111111112
0 0.3564409488820108 0.6600522185301313 0.004629629629629629 0.011111111111111112
0 0.3123360802419387 0.7038725396305899 0.004629629629629629 0.011111111111111112
0 0.35699833257197927 0.659498430863969 0.004629629629629629 0.011111111111111112
0 0.30287090647864817 0.7132766477566979 0.004629629629629629 0.011111111111111112
0 0.21246854439678595 0.8030957687928708 0.004629629629629629 0.011111111111111112
0 0.16192992386244665 0.8533083337108595 0.004629629629629629 0.011111111111111112
0 0.16045592847976448 0.8547728194459114 0.004629629629629629 0.011111111111111112
0 0.2191639030164831 0.7964436060352361 0.004629629629629629 0.011111111111111112
0 0.33817647579580146 0.678198856306107 0.004629629629629629 0.011111111111111112
