0 0.3444560389697143 0.6719598064429936 0.004629629629629629 0.011111111111111112
0 0.47901980012852446 0.538264198581982 0.004629629629629629 0.011111111111111112
0 0.35509407584908154 0.6613904020596223 0.004629629629629629 0.011111111111111112
0 0.1653553867084661 0.8499049706251369 0.004629629629629629 0.011111111111111112
0 0.5727994073332224 0.44508962110118544 0.004629629629629629 0.011111111111111112
0 0.38072950030959823 0.6359203674343346 0.004629629629629629 0.011111111111111112
0 0.16022727272727275 0.855 0.004629629629629629 0.011111111111111112
0 0.5235766974874874 0.49399476507694806 0.004629629629629629 0.011111111111111112
0 0.2761359109945037 0.7398391593990093 0.004629629629629629 0.011111111111111112
0 0.8647727272727272 0.1549999999999999 0.004629629629629629 0.011111111111111112
0 0.25090137856584416 0.7649108883926451 0.004629629629629629 0.011111111111111112
0 0.33104640805315383 0.6852829236117052 0.004629629629629629 0.011111111111111112
0 0.1674032112065109 0.8478703578980472 0.004629629629629629 0.011111111111111112
0 0.20631867885573546 0.8092059577820435 0.004629629629629629 0.011111111111111112
0 0.2660144392456968 0.7498953313300819 0.004629629629629629 0.011111111111111112
0 0.19886845264937156 0.8166081180128825 0.004629629629629629 0.011111111111111112
0 0.3674830223192086 0.6490813842763992 0.004629629629629629 0.011111111111111112
0 0.8125437402052628 0.20689202586057764 0.004629629629629629 0.011111111111111112
0 0.46537495865280637 0.551821008822373 0.004629629629629629 0.011111111111111112
0 0.18993052438268654 0.8254883822262341 0.004629629629629629 0.011111111111111112
0 0.2209560570400173 0.7946630142957247 0.004629629629629629 0.011111111111111112
0 0.27441579478988826 0.741548178079724 0.004629629629629629 0.011111111111111112
0 0.1699640923090254 0.8453259986090973 0.004629629629629629 0.011111111111111112
0 0.24849037612429772 0.76730633597973 0.004629629629629629 0.011111111111111112
0 0.36633425016087834 0.6502227450014498 0.004629629629629629 0.011111111111111112
0 0.20307707522332108 0.8124266478426359 0.004629629629629629 0.011111111111111112
0 0.27951625177443956 0.7364806272692666 0.004629629629629629 0.011111111111111112
0 0.2975103193708506 0.7186026504315419 0.004629629629629629 0.011111111111111112
0 0.1747599541626347 0.8405610777997049 0.004629629629629629 0.011111111111111112
0 0.4184356800259928 0.5984574533935297 0.004629629629629629 0.011111111111111112
