0 0.8647727272727272 0.155 0.004629629629629629 0.011111111111111112
0 0.3810586609857588 0.6355933303754395 0.004629629629629629 0.011111111111111112
0 0.2089239654183297 0.8066174795198531 0.004629629629629629 0.011111111111111112
0 0.21808037257661814 0.7975201459561342 0.004629629629629629 0.011111111111111112
0 0.32498840997470513 0.6913018378315833 0.004629629629629629 0.011111111111111112
0 0.24925323437646435 0.7665483993937064 0.004629629629629629 0.011111111111111112
0 0.16022727272727272 0.855 0.004629629629629629 0.011111111111111112
0 0.33371259797789593 0.6826339349122841 0.004629629629629629 0.011111111111111112
0 0.24179963639322252 0.7739539096480241 0.004629629629629629 0.011111111111111112
0 0.21615723655905322 0.7994308746445535 0.004629629629629629 0.011111111111111112
0 0.4149270263871858 0.6019434705572476 0.004629629629629629 0.011111111111111112
0 0.17376520645910967 0.8415494077761104 0.004629629629629629 0.011111111111111112
0 0.6666346616365717 0.35185975553527726 0.004629629629629629 0.011111111111111112
0 0.42081895360963933 0.5960895557684873 0.004629629629629629 0.011111111111111112
0 0.3549372947337422 0.6615461716838948 0.004629629629629629 0.011111111111111112
0 0.5873790844926884 0.4306040063750064 0.004629629629629629 0.011111111111111112
0 0.18798578712259814 0.8274205727943219 0.004629629629629629 0.011111111111111112
0 0.18734148011596555 0.8280607229815569 0.004629629629629629 0.011111111111111112
0 0.18055015005998937 0.8348082380049139 0.004629629629629629 0.011111111111111112
0 0.1786847461030309 0.8366616070976338 0.004629629629629629 0.011111111111111112
0 0.19218664331404348 0.8232468189008858 0.004629629629629629 0.011111111111111112
0 0.19034729409083237 0.825074301354915 0.004629629629629629 0.011111111111111112
0 0.22342337808219076 0.7922116114538234 0.004629629629629629 0.011111111111111112
0 0.21387352470781773 0.8016998528709425 0.004629629629629629 0.011111111111111112
0 0.372964025409664 0.6436357424962048 0.004629629629629629 0.011111111111111112
0 0.36275061738917846 0.6537832575617194 0.004629629629629629 0.011111111111111112
0 0.2161092484738856 0.7994785531291717 0.004629629629629629 0.011111111111111112
0 0.5234581721447513 0.49411252574005354 0.004629629629629629 0.011111111111111112
0 0.7058335306540527 0.3129137824469411 0.004629629629629629 0.011111111111111112
0 0.18730395422463492 0.8280980067703627 0.004629629629629629 0.011111111111111112
