0 0.47616995665367634 0.5410956559698958 0.004629629629629629 0.011111111111111112
0 0.644177647866833 0.37417188534521106 0.004629629629629629 0.011111111111111112
0 0.7264807282379521 0.2923997925893896 0.004629629629629629 0.011111111111111112
0 0.8647727272727271 0.155 0.004629629629629629 0.011111111111111112
0 0.7893262030663764 0.22995977243727758 0.004629629629629629 0.011111111111111112
0 0.36502670241762264 0.6515218569528135 0.004629629629629629 0.011111111111111112
0 0.6542919570635988 0.36412282975616633 0.004629629629629629 0.011111111111111112
0 0.7607799898946146 0.25832181649180225 0.004629629629629629 0.011111111111111112
0 0.29797295370442745 0.7181430008356011 0.004629629629629629 0.011111111111111112
0 0.8242804144506141 0.19523107209422869 0.004629629629629629 0.011111111111111112
0 0.2279438995139218 0.7877202546764906 0.004629629629629629 0.011111111111111112
0 0.46704690602223964 0.550159848210162 0.004629629629629629 0.011111111111111112
0 0.16022727272727272 0.855 0.004629629629629629 0.011111111111111112
0 0.5171672323737563 0.5003628788028486 0.004629629629629629 0.011111111111111112
0 0.8466748185670605 0.17298114800433995 0.004629629629629629 0.011111111111111112
0 0.8374347073887995 0.18216164556209583 0.004629629629629629 0.011111111111111112
0 0.6411738275210411 0.377156326204901 0.004629629629629629 0.011111111111111112
0 0.6432587120583764 0.37508489253554866 0.004629629629629629 0.011111111111111112
0 0.7028732815131541 0.31585493320628555 0.004629629629629629 0.011111111111111112
0 0.5570790178794279 0.4607085886875361 0.004629629629629629 0.011111111111111112
0 0.2230031265879778 0.7926291516480737 0.004629629629629629 0.011111111111111112
0 0.6320584292994639 0.3862129154056939 0.004629629629629629 0.011111111111111112
0 0.3362005983949651 0.6801619861108088 0.004629629629629629 0.011111111111111112
0 0.6412844515731069 0.3770464158563971 0.004629629629629629 0.011111111111111112
0 0.7828036604977672 0.23644023408608927 0.004629629629629629 0.011111111111111112
0 0.3704784254368798 0.6461053063401323 0.004629629629629629 0.011111111111111112
0 0.5377790450446482 0.479884045568543 0.004629629629629629 0.011111111111111112
0 0.4472978108770729 0.5697815298382631 0.004629629629629629 0.011111111111111112
0 0.7281037023009352 0.2907872893268127 0.004629629629629629 0.011111111111111112
0 0.6825443898039019 0.3360526707754782 0.004629629629629629 0.011111111111111112
