0 0.28129965027853854 0.7347087345619682 0.004629629629629629 0.011111111111111112
0 0.44847550700081273 0.5686114317540313 0.004629629629629629 0.011111111111111112
0 0.17219762266646502 0.8431068781249316 0.004629629629629629 0.011111111111111112
0 0.18390789668252563 0.8314721542638133 0.004629629629629629 0.011111111111111112
0 0.36811775973663524 0.648450741939085 0.004629629629629629 0.011111111111111112
0 0.16022727272727275 0.855 0.004629629629629629 0.011111111111111112
0 0.24326796457563526 0.7724950545506593 0.004629629629629629 0.011111111111111112
0 0.3999303014963646 0.6168434423842571 0.004629629629629629 0.011111111111111112
0 0.1902169510894226 0.8252038034337349 0.004629629629629629 0.011111111111111112
0 0.3767472725258958 0.6398769034258842 0.004629629629629629 0.011111111111111112
0 0.20967035186936542 0.8058759084652757 0.004629629629629629 0.011111111111111112
0 0.26106320850978465 0.7548146186418915 0.004629629629629629 0.011111111111111112
0 0.3130750088559788 0.7031383782979308 0.004629629629629629 0.011111111111111112
0 0.1783924835874792 0.8369519840485691 0.004629629629629629 0.011111111111111112
0 0.4043192208888379 0.6124828386007676 0.004629629629629629 0.011111111111111112
0 0.3869501402774773 0.6297398606275387 0.004629629629629629 0.011111111111111112
0 0.626871511538359 0.3913663691812435 0.004629629629629629 0.011111111111111112
0 0.8647727272727271 0.1550000000000001 0.004629629629629629 0.011111111111111112
0 0.32052948804617465 0.6957319925218652 0.004629629629629629 0.011111111111111112
0 0.18287754583997257 0.8324958576815756 0.004629629629629629 0.011111111111111112
0 0.20496885763331035 0.8105470704804529 0.004629629629629629 0.011111111111111112
0 0.2107933579877445 0.8047601475476603 0.004629629629629629 0.011111111111111112
0 0.2555381190536787 0.7603040623595709 0.004629629629629629 0.011111111111111112
0 0.31716443074325656 0.6990753397776678 0.004629629629629629 0.011111111111111112
0 0.16736456499590124 0.8479087547782659 0.004629629629629629 0.011111111111111112
0 0.41250963244436056 0.6043452684101193 0.004629629629629629 0.011111111111111112
0 0.2958006116152184 0.7203013278145572 0.004629629629629629 0.011111111111111112
0 0.2879025971053225 0.7281483873921313 0.004629629629629629 0.011111111111111112
0 0.2774436738104662 0.7385398337625046 0.004629629629629629 0.011111111111111112
0 0.42289156513242837 0.5940303159329421 0.004629629629629629 0.011111111111111112
