0 0.2247600261998574 0.7908835868723998 0.004629629629629629 0.011111111111111112
0 0.18377558358121812 0.8316036137322091 0.004629629629629629 0.011111111111111112
0 0.1694013956837479 0.8458850649335666 0.004629629629629629 0.011111111111111112
0 0.43346991813809854 0.5835202103660183 0.004629629629629629 0.011111111111111112
0 0.2502259411663334 0.765581968131514 0.004629629629629629 0.011111111111111112
0 0.8647727272727272 0.155 0.004629629629629629 0.011111111111111112
0 0.25566195816430365 0.76018102221095 0.004629629629629629 0.011111111111111112
0 0.35001312832747505 0.6664385692746377 0.004629629629629629 0.011111111111111112
0 0.38090954577963154 0.635741483547979 0.004629629629629629 0.011111111111111112
0 0.5639439147446013 0.45388798147955756 0.004629629629629629 0.011111111111111112
0 0.20814816520665871 0.8073882745688682 0.004629629629629629 0.011111111111111112
0 0.3707454931149568 0.6458399616793332 0.004629629629629629 0.011111111111111112
0 0.5045990396021093 0.5128499864598399 0.004629629629629629 0.011111111111111112
0 0.19289485210713153 0.8225431791967854 0.004629629629629629 0.011111111111111112
0 0.27105575449450375 0.7448865406957834 0.004629629629629629 0.011111111111111112
0 0.23177649157218994 0.7839123890185984 0.004629629629629629 0.011111111111111112
0 0.2842343113182931 0.7317930068192443 0.004629629629629629 0.011111111111111112
0 0.21014987284743736 0.8053994811709332 0.004629629629629629 0.011111111111111112
0 0.24937523395525324 0.7664271869089743 0.004629629629629629 0.011111111111111112
0 0.2243004648661442 0.7913401832942825 0.004629629629629629 0.011111111111111112
0 0.24029705498060627 0.7754467969870107 0.004629629629629629 0.011111111111111112
0 0.4450458912104436 0.5720189209909142 0.004629629629629629 0.011111111111111112
0 0.20965593250559397 0.8058902348008937 0.004629629629629629 0.011111111111111112
0 0.30664488458260464 0.7095270178985735 0.004629629629629629 0.011111111111111112
0 0.2802824573854855 0.7357193649202273 0.004629629629629629 0.011111111111111112
0 0.3121521908868121 0.7040552426027803 0.004629629629629629 0.011111111111111112
0 0.16022727272727275 0.855 0.004629629629629629 0.011111111111111112
0 0.24692482432726498 0.7688617874425884 0.004629629629629629 0.011111111111111112
0 0.3069334578446862 0.7092403063994731 0.004629629629629629 0.011111111111111112
0 0.25113014501018244 0.764683597860851 0.004629629629629629 0.011111111111111112
