0 0.4095055771815682 0.6073299426712161 0.004629629629629629 0.011111111111111112
0 0.1871049159471967 0.828295760929882 0.004629629629629629 0.011111111111111112
0 0.23688142488683814 0.778840390757593 0.004629629629629629 0.011111111111111112
0 0.38899734532912666 0.6277058633504161 0.004629629629629629 0.011111111111111112
0 0.3226448909303547 0.6936302373982283 0.004629629629629629 0.011111111111111112
0 0.18600084205638978 0.8293927117633288 0.004629629629629629 0.011111111111111112
0 0.21686271081530203 0.7987299518351192 0.004629629629629629 0.011111111111111112
0 0.7156183263273648 0.30319211448765054 0.004629629629629629 0.011111111111111112
0 0.20012040398736672 0.8153642437802937 0.004629629629629629 0.011111111111111112
0 0.3804110971744545 0.6362367163557033 0.004629629629629629 0.011111111111111112
0 0.4758234816974967 0.5414398956037775 0.004629629629629629 0.011111111111111112
0 0.8455004084745583 0.17414798125753567 0.004629629629629629 0.011111111111111112
0 0.7200686205662268 0.2987705318245231 0.004629629629629629 0.011111111111111112
0 0.8647727272727272 0.1549999999999999 0.004629629629629629 0.011111111111111112
0 0.30617627727683655 0.7099926019314011 0.004629629629629629 0.011111111111111112
0 0.36783529225531625 0.6487313870495568 0.004629629629629629 0.011111111111111112
0 0.20093520560526906 0.814554698947023 0.004629629629629629 0.011111111111111112
0 0.5808590177437774 0.4370820081771504 0.004629629629629629 0.011111111111111112
0 0.2864587115983889 0.7295829575086975 0.004629629629629629 0.011111111111111112
0 0.7324192433847678 0.286499590443521 0.004629629629629629 0.011111111111111112
0 0.2860947814506319 0.7299445397200175 0.004629629629629629 0.011111111111111112
0 0.22768723415356 0.7879752641313017 0.004629629629629629 0.011111111111111112
0 0.21538538259982276 0.8001977489008214 0.004629629629629629 0.011111111111111112
0 0.31253532446155047 0.7036745808575563 0.004629629629629629 0.011111111111111112
0 0.5192175169929407 0.4983258218263687 0.004629629629629629 0.011111111111111112
0 0.34636509503074353 0.6700630668726806 0.004629629629629629 0.011111111111111112
0 0.2438650060116297 0.771901864994897 0.004629629629629629 0.011111111111111112
0 0.16022727272727275 0.855 0.004629629629629629 0.011111111111111112
0 0.32079594807941825 0.6954672515856103 0.004629629629629629 0.011111111111111112
0 0.21189196593970086 0.8036686273889425 0.004629629629629629 0.011111111111111112
