0 0.3187422986789526 0.6975076516351052 0.004629629629629629 0.011111111111111112
0 0.37374816988859216 0.6428566570139148 0.004629629629629629 0.011111111111111112
0 0.8647727272727272 0.155 0.004629629629629629 0.011111111111111112
0 0.5349029740437953 0.4827415612726164 0.004629629629629629 0.011111111111111112
0 0.23419496135596893 0.7815095222656826 0.004629629629629629 0.011111111111111112
0 0.5654027610522503 0.45243854708357084 0.004629629629629629 0.011111111111111112
0 0.3983615546157991 0.6184020683172061 0.004629629629629629 0.011111111111111112
0 0.5201658398311645 0.49738361720000446 0.004629629629629629 0.011111111111111112
0 0.33564801973615116 0.6807109997460176 0.004629629629629629 0.011111111111111112
0 0.6246528491939655 0.393570717575028 0.004629629629629629 0.011111111111111112
0 0.4509063764224918 0.5661962453608792 0.004629629629629629 0.011111111111111112
0 0.4266974016236445 0.5902490332255403 0.004629629629629629 0.011111111111111112
0 0.6933396151362579 0.3253270920581697 0.004629629629629629 0.011111111111111112
0 0.6187995259404072 0.39938627745275673 0.004629629629629629 0.011111111111111112
0 0.1602272727272728 0.855 0.004629629629629629 0.011111111111111112
0 0.21222644271506658 0.8033363085282565 0.004629629629629629 0.011111111111111112
0 0.498866716123042 0.5185453272067841 0.004629629629629629 0.011111111111111112
0 0.36727707512369756 0.6492860027803263 0.004629629629629629 0.011111111111111112
0 0.5140454821094007 0.5034644887429182 0.004629629629629629 0.011111111111111112
0 0.41124852747424384 0.6055982372191384 0.004629629629629629 0.011111111111111112
0 0.6045158517065417 0.4135777989496298 0.004629629629629629 0.011111111111111112
0 0.4341589209093551 0.5828356527739311 0.004629629629629629 0.011111111111111112
0 0.45837366378885824 0.5587771340420377 0.004629629629629629 0.011111111111111112
0 0.4331942746130219 0.5837940755457719 0.004629629629629629 0.011111111111111112
0 0.39314024229019995 0.6235896947568337 0.004629629629629629 0.011111111111111112
0 0.6124323459531689 0.4057123788594322 0.004629629629629629 0.011111111111111112
0 0.5947072665256375 0.42332310293581826 0.004629629629629629 0.011111111111111112
0 0.4404891271529092 0.5765462865706579 0.004629629629629629 0.011111111111111112
0 0.38455988788437057 0.6321146920374642 0.004629629629629629 0.011111111111111112
0 0.4515371275056005 0.565569563639597 0.004629629629629629 0.011111111111111112
