0 0.6557399381149415 0.3626841905180581 0.004629629629629629 0.011111111111111112
0 0.8647727272727272 0.155 0.004629629629629629 0.011111111111111112
0 0.591403964150014 0.42660509368321187 0.004629629629629629 0.011111111111111112
0 0.6243674159731654 0.39385430929117776 0.004629629629629629 0.011111111111111112
0 0.16022727272727266 0.855 0.004629629629629629 0.011111111111111112
0 0.6364153476638184 0.3818841061920773 0.004629629629629629 0.011111111111111112
0 0.5795384313988776 0.4383940746101474 0.004629629629629629 0.011111111111111112
0 0.8569171444961501 0.16280490159737349 0.004629629629629629 0.011111111111111112
0 0.7403617799076945 0.2786082960917099 0.004629629629629629 0.011111111111111112
0 0.45703115434279745 0.5601109821368335 0.004629629629629629 0.011111111111111112
0 0.595232542156122 0.42280121618036914 0.004629629629629629 0.011111111111111112
0 0.5244509108958937 0.49312619175504757 0.004629629629629629 0.011111111111111112
0 0.3725076955837113 0.6440891282587643 0.004629629629629629 0.011111111111111112
0 0.7093152763447349 0.30945449963168276 0.004629629629629629 0.011111111111111112
0 0.3873171577374703 0.6293752110221263 0.004629629629629629 0.011111111111111112
0 0.7921776054122025 0.22712676623561823 0.004629629629629629 0.011111111111111112
0 0.751380501576723 0.2676606629495784 0.004629629629629629 0.011111111111111112
0 0.5559915874123863 0.46178900347414525 0.004629629629629629 0.011111111111111112
0 0.2542656265705243 0.7615683452138017 0.004629629629629629 0.011111111111111112
0 0.47888609023721607 0.5383970458288306 0.004629629629629629 0.011111111111111112
0 0.376018037898094 0.6406014333141518 0.004629629629629629 0.011111111111111112
0 0.6665286671005461 0.3519650662355865 0.004629629629629629 0.011111111111111112
0 0.42811325851015275 0.5888423108995902 0.004629629629629629 0.011111111111111112
0 0.5100992567225653 0.5073852546111288 0.004629629629629629 0.011111111111111112
0 0.826081696009449 0.19344141170674095 0.004629629629629629 0.011111111111111112
0 0.48353144824790045 0.533781657869828 0.004629629629629629 0.011111111111111112
0 0.48784086524797526 0.5295000435600762 0.004629629629629629 0.011111111111111112
0 0.419209492891778 0.5976886328688142 0.004629629629629629 0.011111111111111112
0 0.34394768090439215 0.672464884778862 0.004629629629629629 0.011111111111111112
0 0.6445879933064607 0.3737641872955165 0.004629629629629629 0.011111111111111112
