0 0.8647727272727272 0.155 0.004629629629629629 0.011111111111111112
0 0.6062767859063531 0.4118282256156233 0.004629629629629629 0.011111111111111112
0 0.8016770727700885 0.21768858576391198 0.004629629629629629 0.011111111111111112
0 0.31529572757002977 0.7009319868013897 0.004629629629629629 0.011111111111111112
0 0.8250814784608582 0.1944351762388892 0.004629629629629629 0.011111111111111112
0 0.7637622856070128 0.2553587613969032 0.004629629629629629 0.011111111111111112
0 0.7141179300588154 0.30468283078027364 0.004629629629629629 0.011111111111111112
0 0.804185460288492 0.21519638139078848 0.004629629629629629 0.011111111111111112
0 0.8340709939831644 0.18550365759092027 0.004629629629629629 0.011111111111111112
0 0.826654233820841 0.19287256768768044 0.004629629629629629 0.011111111111111112
0 0.8495105737039349 0.17016368806189688 0.004629629629629629 0.011111111111111112
0 0.5892630523511211 0.4287321931479182 0.004629629629629629 0.011111111111111112
0 0.3899126701017847 0.6267964438988718 0.004629629629629629 0.011111111111111112
0 0.6397776131176155 0.37854353277346603 0.004629629629629629 0.011111111111111112
0 0.43209816769817055 0.5848831108031081 0.004629629629629629 0.011111111111111112
0 0.7873598155253512 0.23191347360707026 0.004629629629629629 0.011111111111111112
0 0.8337667622016525 0.18580592658674527 0.004629629629629629 0.011111111111111112
0 0.8280900169504078 0.1914460476750785 0.004629629629629629 0.011111111111111112
0 0.7072159902661381 0.3115402419291272 0.004629629629629629 0.011111111111111112
0 0.7219306128810549 0.2969205523633391 0.004629629629629629 0.011111111111111112
0 0.8284290513078765 0.19110920063604545 0.004629629629629629 0.011111111111111112
0 0.7132313557241667 0.3055636852805051 0.004629629629629629 0.011111111111111112
0 0.1602272727272726 0.855 0.004629629629629629 0.011111111111111112
0 0.7520429836778536 0.2670024549265197 0.004629629629629629 0.011111111111111112
0 0.7286761049998969 0.2902185795484895 0.004629629629629629 0.011111111111111112
0 0.4830576645448241 0.5342523849038522 0.004629629629629629 0.011111111111111112
0 0.847082716377671 0.1725758817925073 0.004629629629629629 0.011111111111111112
0 0.8045610258585699 0.21482323882438867 0.004629629629629629 0.011111111111111112
0 0.7595266588048315 0.2595670615745544 0.004629629629629629 0.011111111111111112
0 0.5572219811821607 0.4605665477286918 0.004629629629629629 0.011111111111111112
