0 0.41107285168573243 0.6057727796154658 0.004629629629629629 0.011111111111111112
0 0.3219377411113196 0.6943328249603663 0.004629629629629629 0.011111111111111112
0 0.3225347853063679 0.6937396326633506 0.004629629629629629 0.011111111111111112
0 0.2366760296291532 0.7790444608845832 0.004629629629629629 0.011111111111111112
0 0.23085846615024025 0.7848244916958904 0.004629629629629629 0.011111111111111112
0 0.3260961093055998 0.6902012849479847 0.004629629629629629 0.011111111111111112
0 0.47068418560226233 0.5465460349500103 0.004629629629629629 0.011111111111111112
0 0.16022727272727272 0.855 0.004629629629629629 0.011111111111111112
0 0.2508627666588884 0.7649492511905238 0.004629629629629629 0.011111111111111112
0 0.3735619894477683 0.6430416362906044 0.004629629629629629 0.011111111111111112
0 0.4319445088319403 0.5850357783218142 0.004629629629629629 0.011111111111111112
0 0.5488461309280293 0.4688883602392484 0.004629629629629629 0.011111111111111112
0 0.8647727272727272 0.155 0.004629629629629629 0.011111111111111112
0 0.2232525715225816 0.7923813160356287 0.004629629629629629 0.011111111111111112
0 0.18559593055187748 0.8297950109355541 0.004629629629629629 0.011111111111111112
0 0.2412892909919291 0.7744609624983414 0.004629629629629629 0.011111111111111112
0 0.3759218055248433 0.6406970448333816 0.004629629629629629 0.011111111111111112
0 0.18205776706435603 0.8333103475618657 0.004629629629629629 0.011111111111111112
0 0.7413344238390882 0.2776419272824543 0.004629629629629629 0.011111111111111112
0 0.2882702955046114 0.7277830612405797 0.004629629629629629 0.011111111111111112
0 0.19977084538234366 0.8157115471685101 0.004629629629629629 0.011111111111111112
0 0.5862629954763737 0.4317128948170222 0.004629629629629629 0.011111111111111112
0 0.3803519197268015 0.6362955120133714 0.004629629629629629 0.011111111111111112
0 0.1800060703220361 0.8353488075510093 0.004629629629629629 0.011111111111111112
0 0.4771201144346582 0.5401516282391139 0.004629629629629629 0.011111111111111112
0 0.3989406175249785 0.6178267412977633 0.004629629629629629 0.011111111111111112
0 0.34918816859350255 0.6672582066877459 0.004629629629629629 0.011111111111111112
0 0.5982877549035919 0.4197657144828829 0.004629629629629629 0.011111111111111112
0 0.3210276023139832 0.6952370918944941 0.004629629629629629 0.011111111111111112
0 0.5683032719292186 0.44955674918000216 0.004629629629629629 0.011111111111111112
