0 0.16168520336940168 0.8535514753620139 0.004629629629629629 0.011111111111111112
0 0.8647727272727272 0.155 0.004629629629629629 0.011111111111111112
0 0.17592733891476867 0.8394012245621009 0.004629629629629629 0.011111111111111112
0 0.5591942105941052 0.45860704237746963 0.004629629629629629 0.011111111111111112
0 0.17959929734423866 0.8357529561870144 0.004629629629629629 0.011111111111111112
0 0.3271134425988231 0.6891905150953629 0.004629629629629629 0.011111111111111112
0 0.3434888894580336 0.6729207162804054 0.004629629629629629 0.011111111111111112
0 0.3141470464371833 0.7020732570882179 0.004629629629629629 0.011111111111111112
0 0.1823746211781126 0.8329955376681978 0.004629629629629629 0.011111111111111112
0 0.1846375840811942 0.8307471745257813 0.004629629629629629 0.011111111111111112
0 0.274763981989235 0.7412022372494053 0.004629629629629629 0.011111111111111112
0 0.40116351870883754 0.6156181814118646 0.004629629629629629 0.011111111111111112
0 0.2692532477605286 0.7466774183540553 0.004629629629629629 0.011111111111111112
0 0.3666577379317056 0.649901344248499 0.004629629629629629 0.011111111111111112
0 0.16571971425519375 0.8495429935787107 0.004629629629629629 0.011111111111111112
0 0.21200280656991063 0.8035585018595727 0.004629629629629629 0.011111111111111112
0 0.21701510374129585 0.7985785420892931 0.004629629629629629 0.011111111111111112
0 0.17134746944606213 0.843951546485848 0.004629629629629629 0.011111111111111112
0 0.26093444950725625 0.7549425469411776 0.004629629629629629 0.011111111111111112
0 0.2783886611383457 0.7376009431270629 0.004629629629629629 0.011111111111111112
0 0.16287349149905522 0.8523708536073903 0.004629629629629629 0.011111111111111112
0 0.3485958795363204 0.6678466745252042 0.004629629629629629 0.011111111111111112
0 0.24847740505268898 0.7673192233670059 0.004629629629629629 0.011111111111111112
0 0.16022727272727275 0.855 0.004629629629629629 0.011111111111111112
0 0.2953420789699241 0.7207569021847207 0.004629629629629629 0.011111111111111112
0 0.37262478340284266 0.6439727958449175 0.004629629629629629 0.011111111111111112
0 0.24713050028357494 0.768657438427932 0.004629629629629629 0.011111111111111112
0 0.24346933137801913 0.7722949868889358 0.004629629629629629 0.011111111111111112
0 0.3682005084965424 0.648368527042145 0.004629629629629629 0.011111111111111112
0 0.2613867119518091 0.7544932023188476 0.004629629629629629 0.011111111111111112
