0 0.20543190244483472 0.8100870130548095 0.004629629629629629 0.011111111111111112
0 0.23825056999221952 0.77748007884644 0.004629629629629629 0.011111111111111112
0 0.42469087099461317 0.5922426184956746 0.004629629629629629 0.011111111111111112
0 0.34310160418684943 0.6733055029369367 0.004629629629629629 0.011111111111111112
0 0.6570851958680413 0.3613476118472365 0.004629629629629629 0.011111111111111112
0 0.6927917265504291 0.32587144587892863 0.004629629629629629 0.011111111111111112
0 0.23920889523008043 0.7765279363520492 0.004629629629629629 0.011111111111111112
0 0.7134116828801355 0.3053845215255428 0.004629629629629629 0.011111111111111112
0 0.2719160851708077 0.7440317605399718 0.004629629629629629 0.011111111111111112
0 0.8647727272727275 0.1549999999999999 0.004629629629629629 0.011111111111111112
0 0.1851793177146504 0.8302089359480248 0.004629629629629629 0.011111111111111112
0 0.34466662610930937 0.6717505779301055 0.004629629629629629 0.011111111111111112
0 0.3307711116756766 0.6855564438835214 0.004629629629629629 0.011111111111111112
0 0.20006743491686135 0.8154168711148603 0.004629629629629629 0.011111111111111112
0 0.16367565672712447 0.851573863638857 0.004629629629629629 0.011111111111111112
0 0.38700309854308906 0.6296872440281567 0.004629629629629629 0.011111111111111112
0 0.8194856301449327 0.19999492230761517 0.004629629629629629 0.011111111111111112
0 0.22752811943902382 0.7881333522992925 0.004629629629629629 0.011111111111111112
0 0.22731653786282421 0.788343568833065 0.004629629629629629 0.011111111111111112
0 0.2489699905853124 0.7668298158055606 0.004629629629629629 0.011111111111111112
0 0.24042225641628542 0.7753224033025293 0.004629629629629629 0.011111111111111112
0 0.41824618684740367 0.5986457240354828 0.004629629629629629 0.011111111111111112
0 0.4119357229724318 0.6049154752402937 0.004629629629629629 0.011111111111111112
0 0.16022727272727275 0.855 0.004629629629629629 0.011111111111111112
0 0.3260329791465199 0.6902640078157158 0.004629629629629629 0.011111111111111112
0 0.16877573501390983 0.8465066890829541 0.004629629629629629 0.011111111111111112
0 0.7690837273570176 0.2500716515291567 0.004629629629629629 0.011111111111111112
0 0.5674914044250682 0.45036337882928706 0.004629629629629629 0.011111111111111112
0 0.42715245514669564 0.5897969155316701 0.004629629629629629 0.011111111111111112
0 0.1865766066932712 0.828820661737008 0.004629629629629629 0.011111111111111112
