0 0.34418602944879534 0.6722280739670033 0.004629629629629629 0.011111111111111112
0 0.19042056298602977 0.8250015051622672 0.004629629629629629 0.011111111111111112
0 0.38494297584170056 0.6317340756153427 0.004629629629629629 0.011111111111111112
0 0.5037423339999353 0.5137011649290967 0.004629629629629629 0.011111111111111112
0 0.52877504514047 0.48882995515075883 0.004629629629629629 0.011111111111111112
0 0.27146545017656737 0.7444794882116685 0.004629629629629629 0.011111111111111112
0 0.4419248733007517 0.5751198033011886 0.004629629629629629 0.011111111111111112
0 0.4932470524563071 0.524128734978895 0.004629629629629629 0.011111111111111112
0 0.4369852458558785 0.5800275621819014 0.004629629629629629 0.011111111111111112
0 0.19801470154741976 0.8174563610432087 0.004629629629629629 0.011111111111111112
0 0.20532591855197854 0.8101923131806149 0.004629629629629629 0.011111111111111112
0 0.5184177638246409 0.4991204152968084 0.004629629629629629 0.011111111111111112
0 0.43292908444565126 0.5840575548088368 0.004629629629629629 0.011111111111111112
0 0.8647727272727272 0.155 0.004629629629629629 0.011111111111111112
0 0.763272730482255 0.2558451581015015 0.004629629629629629 0.011111111111111112
0 0.6346438314128613 0.38364419330593136 0.004629629629629629 0.011111111111111112
0 0.27433287835703474 0.7416305595678493 0.004629629629629629 0.011111111111111112
0 0.16022727272727272 0.855 0.004629629629629629 0.011111111111111112
0 0.49548776156675634 0.521902482056255 0.004629629629629629 0.011111111111111112
0 0.2697633608176097 0.7461705963489556 0.004629629629629629 0.011111111111111112
0 0.33012253112794687 0.6862008400406205 0.004629629629629629 0.011111111111111112
0 0.38391545298671675 0.6327549692906168 0.004629629629629629 0.011111111111111112
0 0.5042755529270223 0.5131713861241198 0.004629629629629629 0.011111111111111112
0 0.8344312397890916 0.18514573595148318 0.004629629629629629 0.011111111111111112
0 0.20551374185349555 0.8100057016423334 0.004629629629629629 0.011111111111111112
0 0.4578197476914977 0.5593274764871571 0.004629629629629629 0.011111111111111112
0 0.8294730608513899 0.1900719266379738 0.004629629629629629 0.011111111111111112
0 0.24952014703173334 0.7662832087555682 0.004629629629629629 0.011111111111111112
0 0.2966930486416343 0.7194146484463761 0.004629629629629629 0.011111111111111112
0 0.3920681348684853 0.6246548853564727 0.004629629629629629 0.011111111111111112
