0 0.708818624149217 0.30994794761948774 0.004629629629629629 0.011111111111111112
0 0.7655745006797064 0.25355823803435623 0.004629629629629629 0.011111111111111112
0 0.5515903060509647 0.46616188947194476 0.004629629629629629 0.011111111111111112
0 0.4048969603196385 0.6119088265211334 0.004629629629629629 0.011111111111111112
0 0.16022727272727275 0.855 0.004629629629629629 0.011111111111111112
0 0.6924730076831878 0.3261881084954135 0.004629629629629629 0.011111111111111112
0 0.8647727272727272 0.155 0.004629629629629629 0.011111111111111112
0 0.7231551255351618 0.29570393979087145 0.004629629629629629 0.011111111111111112
0 0.7383196217627374 0.2806372790228287 0.004629629629629629 0.011111111111111112
0 0.7548677640271595 0.2641958989665642 0.004629629629629629 0.011111111111111112
0 0.4800550460439367 0.5372356316724759 0.004629629629629629 0.011111111111111112
0 0.7654305942403509 0.25370121604507073 0.004629629629629629 0.011111111111111112
0 0.17375600308029124 0.8415585517782913 0.004629629629629629 0.011111111111111112
0 0.8592519240084144 0.16048518517873664 0.004629629629629629 0.011111111111111112
0 0.7789491634875227 0.24026986337368714 0.004629629629629629 0.011111111111111112
0 0.6146564550445884 0.40350261885892497 0.004629629629629629 0.011111111111111112
0 0.7796675497474614 0.2395561118638126 0.004629629629629629 0.011111111111111112
0 0.6385704211865947 0.3797429363694479 0.004629629629629629 0.011111111111111112
0 0.822987574405925 0.1965155712354036 0.004629629629629629 0.011111111111111112
0 0.5059553739752722 0.51150240263102 0.004629629629629629 0.011111111111111112
0 0.4017624890122937 0.615023075432947 0.004629629629629629 0.011111111111111112
0 0.3507835670238811 0.6656731011504665 0.004629629629629629 0.011111111111111112
0 0.3943864081613101 0.6223515686655371 0.004629629629629629 0.011111111111111112
0 0.38199517219252993 0.6346628611764542 0.004629629629629629 0.011111111111111112
0 0.5441910550277891 0.4735134033917451 0.004629629629629629 0.011111111111111112
0 0.37122357825889035 0.6453649609556832 0.004629629629629629 0.011111111111111112
0 0.16985841096821658 0.8454309981348043 0.004629629629629629 0.011111111111111112
0 0.2692245979435426 0.7467058833335126 0.004629629629629629 0.011111111111111112
0 0.250548575112248 0.7652614156949278 0.004629629629629629 0.011111111111111112
0 0.49689015720133134 0.5205091341354514 0.004629629629629629 0.011111111111111112
