0 0.6376212834024425 0.3806859506840248 0.004629629629629629 0.011111111111111112
0 0.8372637721346483 0.1823314780081556 0.004629629629629629 0.011111111111111112
0 0.5189529933243412 0.4985886388906546 0.004629629629629629 0.011111111111111112
0 0.8426817641407379 0.17694844078920222 0.004629629629629629 0.011111111111111112
0 0.6737369817399713 0.3448032568518994 0.004629629629629629 0.011111111111111112
0 0.17611400269350763 0.8392157650658053 0.004629629629629629 0.011111111111111112
0 0.6929034140361339 0.3257604789576475 0.004629629629629629 0.011111111111111112
0 0.8332883815307276 0.1862812209307609 0.004629629629629629 0.011111111111111112
0 0.8199410817227308 0.19954240912709303 0.004629629629629629 0.011111111111111112
0 0.6709716819894814 0.3475507159588377 0.004629629629629629 0.011111111111111112
0 0.4244338153223619 0.5924980157442339 0.004629629629629629 0.011111111111111112
0 0.24883731789579674 0.7669616325422406 0.004629629629629629 0.011111111111111112
0 0.8512758858815485 0.16840976499510668 0.004629629629629629 0.011111111111111112
0 0.6880810791234835 0.33055170203215184 0.004629629629629629 0.011111111111111112
0 0.5707701599461824 0.44710577656959927 0.004629629629629629 0.011111111111111112
0 0.8000498598451738 0.2193053005409239 0.004629629629629629 0.011111111111111112
0 0.7965921645322834 0.2227406881421183 0.004629629629629629 0.011111111111111112
0 0.8647727272727271 0.1549999999999999 0.004629629629629629 0.011111111111111112
0 0.8183106234378751 0.20116234832624025 0.004629629629629629 0.011111111111111112
0 0.7726450446758054 0.24653331045113522 0.004629629629629629 0.011111111111111112
0 0.8316043219536652 0.18795441560732604 0.004629629629629629 0.011111111111111112
0 0.1602272727272728 0.8549999999999999 0.004629629629629629 0.011111111111111112
0 0.4316427025072577 0.585335637508918 0.004629629629629629 0.011111111111111112
0 0.5880292921436115 0.4299579936121536 0.004629629629629629 0.011111111111111112
0 0.6630034592203179 0.35546753083916804 0.004629629629629629 0.011111111111111112
0 0.855070114657345 0.16464001511463777 0.004629629629629629 0.011111111111111112
0 0.24555822438806038 0.7702195706079916 0.004629629629629629 0.011111111111111112
0 0.8582382565811835 0.16149231281611434 0.004629629629629629 0.011111111111111112
0 0.6747012566769953 0.3438452030435013 0.004629629629629629 0.011111111111111112
0 0.8646835259794201 0.15508862580109245 0.004629629629629629 0.011111111111111112
