0 0.4165622751246871 0.6003187718116012 0.004629629629629629 0.011111111111111112
0 0.35952929085547825 0.6569838013435894 0.004629629629629629 0.011111111111111112
0 0.24283302652131766 0.7729271865530134 0.004629629629629629 0.011111111111111112
0 0.3956689138800001 0.6210773371772903 0.004629629629629629 0.011111111111111112
0 0.366627982719444 0.6499309074916492 0.004629629629629629 0.011111111111111112
0 0.31116600424362334 0.7050350667514967 0.004629629629629629 0.011111111111111112
0 0.5026381981539682 0.514798177317993 0.004629629629629629 0.011111111111111112
0 0.27908119524241165 0.7369128769849588 0.004629629629629629 0.011111111111111112
0 0.571305154020808 0.4465742340696488 0.004629629629629629 0.011111111111111112
0 0.1782365217513686 0.8371069396792855 0.004629629629629629 0.011111111111111112
0 0.30830496981850747 0.707877642889999 0.004629629629629629 0.011111111111111112
0 0.8647727272727272 0.155 0.004629629629629629 0.011111111111111112
0 0.22034798237664083 0.7952671658967568 0.004629629629629629 0.011111111111111112
0 0.24096954485631586 0.7747786457556604 0.004629629629629629 0.011111111111111112
0 0.18026123285476833 0.8350952912281657 0.004629629629629629 0.011111111111111112
0 0.269405575405748 0.7465260734678375 0.004629629629629629 0.011111111111111112
0 0.7438234205614945 0.2751689886034185 0.004629629629629629 0.011111111111111112
0 0.19379009443732487 0.8216537126235611 0.004629629629629629 0.011111111111111112
0 0.3811353330389568 0.6355171529806494 0.004629629629629629 0.011111111111111112
0 0.612920831331164 0.40522704500000484 0.004629629629629629 0.011111111111111112
0 0.26131911812518477 0.7545603600562681 0.004629629629629629 0.011111111111111112
0 0.47434844573335966 0.5429054152068555 0.004629629629629629 0.011111111111111112
0 0.19833573091862366 0.8171374028292384 0.004629629629629629 0.011111111111111112
0 0.3441152204739593 0.6722984261097436 0.004629629629629629 0.011111111111111112
0 0.199224981025127 0.8162538898201964 0.004629629629629629 0.011111111111111112
0 0.16022727272727272 0.855 0.004629629629629629 0.011111111111111112
0 0.25464662218013795 0.761189807640379 0.004629629629629629 0.011111111111111112
0 0.7534253801710157 0.2656289771204101 0.004629629629629629 0.011111111111111112
0 0.382764995889746 0.6338980040837363 0.004629629629629629 0.011111111111111112
0 0.1826210933147993 0.8327506556743284 0.004629629629629629 0.011111111111111112
