0 0.487349521368121 0.5299882174794153 0.004629629629629629 0.011111111111111112
0 0.22572038815872333 0.7899294207971395 0.004629629629629629 0.011111111111111112
0 0.24288023770952133 0.7728802799531207 0.004629629629629629 0.011111111111111112
0 0.6463726365217685 0.37199105790740417 0.004629629629629629 0.011111111111111112
0 0.37426295997792264 0.6423451881509672 0.004629629629629629 0.011111111111111112
0 0.8647727272727272 0.155 0.004629629629629629 0.011111111111111112
0 0.2912417527267641 0.7248307747101829 0.004629629629629629 0.011111111111111112
0 0.3869156247501187 0.6297741534740755 0.004629629629629629 0.011111111111111112
0 0.7304123153799069 0.2884935705257699 0.004629629629629629 0.011111111111111112
0 0.39628220128403596 0.6204680064661836 0.004629629629629629 0.011111111111111112
0 0.36849403029473216 0.6480768989329758 0.004629629629629629 0.011111111111111112
0 0.21253874603742232 0.803026020066045 0.004629629629629629 0.011111111111111112
0 0.5593128230031941 0.4584891952097298 0.004629629629629629 0.011111111111111112
0 0.5240208208337228 0.4935535070426238 0.004629629629629629 0.011111111111111112
0 0.7101146322382114 0.30866030087300284 0.004629629629629629 0.011111111111111112
0 0.3711411473880907 0.645446860014413 0.004629629629629629 0.011111111111111112
0 0.2806144149089292 0.7353895490582252 0.004629629629629629 0.011111111111111112
0 0.328272597229176 0.6880388388819799 0.004629629629629629 0.011111111111111112
0 0.357393574331578 0.6591057390512065 0.004629629629629629 0.011111111111111112
0 0.43803020641473656 0.5789893433040681 0.004629629629629629 0.011111111111111112
0 0.3578579283001526 0.658644380914687 0.004629629629629629 0.011111111111111112
0 0.23042552218278853 0.7852546424764553 0.004629629629629629 0.011111111111111112
0 0.721868200047106 0.2969825625338431 0.004629629629629629 0.011111111111111112
0 0.49124482044879336 0.5261180493605536 0.004629629629629629 0.011111111111111112
0 0.16022727272727275 0.855 0.004629629629629629 0.011111111111111112
0 0.2544743667030541 0.7613609517918043 0.004629629629629629 0.011111111111111112
0 0.4864460111361509 0.5308858986131145 0.004629629629629629 0.011111111111111112
0 0.46432241267045377 0.5528667641854846 0.004629629629629629 0.011111111111111112
0 0.4938312529641297 0.5235483035066065 0.004629629629629629 0.011111111111111112
0 0.43537514653989057 0.5816272737603667 0.004629629629629629 0.011111111111111112
