0 0.391873496372727 0.6248482681200003 0.004629629629629629 0.011111111111111112
0 0.6913220233295182 0.3273316671435755 0.004629629629629629 0.011111111111111112
0 0.8647727272727272 0.155 0.004629629629629629 0.011111111111111112
0 0.35071163869216065 0.665744565428434 0.004629629629629629 0.011111111111111112
0 0.609791210208756 0.4083364750183973 0.004629629629629629 0.011111111111111112
0 0.2665060788446392 0.7494068635995197 0.004629629629629629 0.011111111111111112
0 0.3215863616642887 0.6946819374432228 0.004629629629629629 0.011111111111111112
0 0.2571249733679741 0.7587274458150451 0.004629629629629629 0.011111111111111112
0 0.2864102774159116 0.7296310792125782 0.004629629629629629 0.011111111111111112
0 0.6079272851678531 0.4101883747364557 0.004629629629629629 0.011111111111111112
0 0.3415327706402188 0.6748642149768149 0.004629629629629629 0.011111111111111112
0 0.7869026537483299 0.23236768595327226 0.004629629629629629 0.011111111111111112
0 0.4444483782892834 0.5726125789900023 0.004629629629629629 0.011111111111111112
0 0.4812758211258231 0.5360227325588596 0.004629629629629629 0.011111111111111112
0 0.23342486090742853 0.7822746543242323 0.004629629629629629 0.011111111111111112
0 0.18061739730034124 0.8347414246177255 0.004629629629629629 0.011111111111111112
0 0.2882028323829641 0.7278500891162808 0.004629629629629629 0.011111111111111112
0 0.35997043585110183 0.6565455024447117 0.004629629629629629 0.011111111111111112
0 0.2421973777196861 0.7735587343946345 0.004629629629629629 0.011111111111111112
0 0.5382308294900123 0.4794351758615361 0.004629629629629629 0.011111111111111112
0 0.2059350760274649 0.8095870857533575 0.004629629629629629 0.011111111111111112
0 0.3044719173703974 0.7116859659674761 0.004629629629629629 0.011111111111111112
0 0.18515580317890773 0.8302322987770853 0.004629629629629629 0.011111111111111112
0 0.5317728827843229 0.48585145839493077 0.004629629629629629 0.011111111111111112
0 0.2067794260437727 0.8087481831565096 0.004629629629629629 0.011111111111111112
0 0.23600985111970688 0.7797063414681622 0.004629629629629629 0.011111111111111112
0 0.23857157635122017 0.777161143496207 0.004629629629629629 0.011111111111111112
0 0.29433249733357003 0.7217599703911627 0.004629629629629629 0.011111111111111112
0 0.5267209816935521 0.49087076657543854 0.004629629629629629 0.011111111111111112
0 0.16022727272727272 0.855 0.004629629629629629 0.011111111111111112
