0 0.28372720411170804 0.732296842366432 0.004629629629629629 0.011111111111111112
0 0.426607344188149 0.5903385096453228 0.004629629629629629 0.011111111111111112
0 0.2606877206770592 0.7551876839724702 0.004629629629629629 0.011111111111111112
0 0.20127219570150576 0.8142198829804395 0.004629629629629629 0.011111111111111112
0 0.7373769976225283 0.28157382171697193 0.004629629629629629 0.011111111111111112
0 0.29117118272363607 0.724900889422968 0.004629629629629629 0.011111111111111112
0 0.43252971316217287 0.5844543495033895 0.004629629629629629 0.011111111111111112
0 0.19782876315796044 0.8176410998301554 0.004629629629629629 0.011111111111111112
0 0.4443202740419715 0.5727398567582993 0.004629629629629629 0.011111111111111112
0 0.5960872320707403 0.4219520403942322 0.004629629629629629 0.011111111111111112
0 0.8647727272727272 0.155 0.004629629629629629 0.011111111111111112
0 0.5143764758474293 0.5031356304483605 0.004629629629629629 0.011111111111111112
0 0.2753666600903738 0.7406034473940802 0.004629629629629629 0.011111111111111112
0 0.2732203948024238 0.7427358658092047 0.004629629629629629 0.011111111111111112
0 0.49186517093719145 0.5255017011333709 0.004629629629629629 0.011111111111111112
0 0.16816727731769873 0.8471112212456412 0.004629629629629629 0.011111111111111112
0 0.21225968165096007 0.8033032840371106 0.004629629629629629 0.011111111111111112
0 0.26697702532307127 0.7489389554854647 0.004629629629629629 0.011111111111111112
0 0.24855165421989767 0.7672454532266823 0.004629629629629629 0.011111111111111112
0 0.16022727272727272 0.855 0.004629629629629629 0.011111111111111112
0 0.2636439959644029 0.7522504814289158 0.004629629629629629 0.011111111111111112
0 0.39132211319246896 0.6253960939894179 0.004629629629629629 0.011111111111111112
0 0.17714375098707705 0.8381926603096137 0.004629629629629629 0.011111111111111112
0 0.28898564279869887 0.7270723290903249 0.004629629629629629 0.011111111111111112
0 0.37231998687796614 0.6442756259406014 0.004629629629629629 0.011111111111111112
0 0.2724037515214649 0.7435472404238349 0.004629629629629629 0.011111111111111112
0 0.3829798330415913 0.6336845529780318 0.004629629629629629 0.011111111111111112
0 0.2928624769724958 0.7232205067499073 0.004629629629629629 0.011111111111111112
0 0.22702034770376897 0.7886378480878682 0.004629629629629629 0.011111111111111112
0 0.18745680590844252 0.8279461412264507 0.004629629629629629 0.011111111111111112
