0 0.6079050253432959 0.4102104909492415 0.004629629629629629 0.011111111111111112
0 0.8647727272727271 0.1550000000000001 0.004629629629629629 0.011111111111111112
0 0.27560496217718167 0.7403666827400904 0.004629629629629629 0.011111111111111112
0 0.1896709463433415 0.825746285568551 0.004629629629629629 0.011111111111111112
0 0.522509518403286 0.49505505913479975 0.004629629629629629 0.011111111111111112
0 0.5272944008522461 0.4903010468951877 0.004629629629629629 0.011111111111111112
0 0.7481137098005665 0.27090637864975975 0.004629629629629629 0.011111111111111112
0 0.5101140450589922 0.507370561683324 0.004629629629629629 0.011111111111111112
0 0.475198549069605 0.5420607964082634 0.004629629629629629 0.011111111111111112
0 0.46680029053151534 0.5504048726332041 0.004629629629629629 0.011111111111111112
0 0.6760937730047836 0.3424616706920216 0.004629629629629629 0.011111111111111112
0 0.6610135303882009 0.35744462142075534 0.004629629629629629 0.011111111111111112
0 0.18840028718780621 0.8270087469230829 0.004629629629629629 0.011111111111111112
0 0.7256214527377997 0.29325352437663776 0.004629629629629629 0.011111111111111112
0 0.4053869582752078 0.6114219898426968 0.004629629629629629 0.011111111111111112
0 0.6219300018726676 0.3962759981394142 0.004629629629629629 0.011111111111111112
0 0.16022727272727275 0.855 0.004629629629629629 0.011111111111111112
0 0.4852179496750788 0.5321060370970185 0.004629629629629629 0.011111111111111112
0 0.533385619815075 0.48424912611921583 0.004629629629629629 0.011111111111111112
0 0.6462903804230656 0.3720727833215992 0.004629629629629629 0.011111111111111112
0 0.6122394437118186 0.4059040365701931 0.004629629629629629 0.011111111111111112
0 0.33085572599919716 0.6854723754588622 0.004629629629629629 0.011111111111111112
0 0.17889841105278687 0.8364493206314247 0.004629629629629629 0.011111111111111112
0 0.43988169824916584 0.5771497965782483 0.004629629629629629 0.011111111111111112
0 0.6331551402852026 0.38512327997470197 0.004629629629629629 0.011111111111111112
0 0.4494408516067347 0.5676523151778249 0.004629629629629629 0.011111111111111112
0 0.750694680534123 0.2683420593402906 0.004629629629629629 0.011111111111111112
0 0.17591784966707633 0.8394106525888403 0.004629629629629629 0.011111111111111112
0 0.45691548063577464 0.5602259095618756 0.004629629629629629 0.011111111111111112
0 0.2853116416411455 0.7307226270146039 0.004629629629629629 0.011111111111111112
