0 0.570714043812082 0.44716153066412495 0.004629629629629629 0.011111111111111112
0 0.5138793854900007 0.5036295137712251 0.004629629629629629 0.011111111111111112
0 0.8081015795014194 0.21130552746310605 0.004629629629629629 0.011111111111111112
0 0.6399899798291292 0.3783325361697684 0.004629629629629629 0.011111111111111112
0 0.8647727272727271 0.15500000000000022 0.004629629629629629 0.011111111111111112
0 0.16022727272727275 0.855 0.004629629629629629 0.011111111111111112
0 0.24867154785531365 0.7671263330985917 0.004629629629629629 0.011111111111111112
0 0.27398380636673075 0.7419773794807966 0.004629629629629629 0.011111111111111112
0 0.243213683856463 0.7725489850716433 0.004629629629629629 0.011111111111111112
0 0.5407433216081934 0.476938893369924 0.004629629629629629 0.011111111111111112
0 0.3861109107098462 0.6305736758108625 0.004629629629629629 0.011111111111111112
0 0.26637598362188847 0.7495361194982528 0.004629629629629629 0.011111111111111112
0 0.22437046220680604 0.7912706375493669 0.004629629629629629 0.011111111111111112
0 0.45846808048799387 0.5586833264828965 0.004629629629629629 0.011111111111111112
0 0.7790567729252232 0.24016294819042355 0.004629629629629629 0.011111111111111112
0 0.6862674285644831 0.33235365161980396 0.004629629629629629 0.011111111111111112
0 0.7571444637080541 0.26193388767070747 0.004629629629629629 0.011111111111111112
0 0.4005866769737954 0.6161913015873258 0.004629629629629629 0.011111111111111112
0 0.309909113993666 0.7062838480320996 0.004629629629629629 0.011111111111111112
0 0.8105493208634142 0.20887357798086578 0.004629629629629629 0.011111111111111112
0 0.29634815924298663 0.7197573127521294 0.004629629629629629 0.011111111111111112
0 0.3944534328333043 0.6222849764107816 0.004629629629629629 0.011111111111111112
0 0.8489635794758387 0.1707071532949733 0.004629629629629629 0.011111111111111112
0 0.43820308334899816 0.5788175817048664 0.004629629629629629 0.011111111111111112
0 0.4721323506447017 0.5451072129078448 0.004629629629629629 0.011111111111111112
0 0.412215537748083 0.6046374657212595 0.004629629629629629 0.011111111111111112
0 0.24896044064821485 0.7668393041301607 0.004629629629629629 0.011111111111111112
0 0.5547184480512785 0.4630539290329234 0.004629629629629629 0.011111111111111112
0 0.8381226438914492 0.1814781473594635 0.004629629629629629 0.011111111111111112
0 0.7391700569273587 0.2797923305366887 0.004629629629629629 0.011111111111111112
