0 0.8259966185777738 0.1935259402517603 0.004629629629629629 0.011111111111111112
0 0.16022727272727275 0.855 0.004629629629629629 0.011111111111111112
0 0.3771154842262154 0.6395110672849215 0.004629629629629629 0.011111111111111112
0 0.7257338207106657 0.2931418813584354 0.004629629629629629 0.011111111111111112
0 0.5188677120548054 0.49867336995845146 0.004629629629629629 0.011111111111111112
0 0.29384070546517865 0.7222485894087903 0.004629629629629629 0.011111111111111112
0 0.4124071272463465 0.6044471122842752 0.004629629629629629 0.011111111111111112
0 0.3028485437742299 0.7132988661856039 0.004629629629629629 0.011111111111111112
0 0.627344615191352 0.3908963178098826 0.004629629629629629 0.011111111111111112
0 0.8647727272727272 0.1549999999999999 0.004629629629629629 0.011111111111111112
0 0.47234207186943594 0.5448988447232701 0.004629629629629629 0.011111111111111112
0 0.40856222894691485 0.6082672047882265 0.004629629629629629 0.011111111111111112
0 0.36423186528493146 0.6523115661040036 0.004629629629629629 0.011111111111111112
0 0.7864655375045561 0.23280198209224762 0.004629629629629629 0.011111111111111112
0 0.7715960446906768 0.24757554269442447 0.004629629629629629 0.011111111111111112
0 0.3280880092712107 0.688222235949894 0.004629629629629629 0.011111111111111112
0 0.7704618140912115 0.2487024556771189 0.004629629629629629 0.011111111111111112
0 0.8199577808324272 0.19952581775358852 0.004629629629629629 0.011111111111111112
0 0.8193846851500668 0.2000952160444498 0.004629629629629629 0.011111111111111112
0 0.17298436001601633 0.842325216500216 0.004629629629629629 0.011111111111111112
0 0.23208448452550026 0.7836063831165998 0.004629629629629629 0.011111111111111112
0 0.39208439600941913 0.6246387291261255 0.004629629629629629 0.011111111111111112
0 0.659136814727743 0.35930922923824254 0.004629629629629629 0.011111111111111112
0 0.3161614924806731 0.7000718074708151 0.004629629629629629 0.011111111111111112
0 0.5648093646430654 0.45302811512882546 0.004629629629629629 0.011111111111111112
0 0.4402287675676007 0.5768049664167064 0.004629629629629629 0.011111111111111112
0 0.726224668422627 0.29265420040590606 0.004629629629629629 0.011111111111111112
0 0.16594432045534208 0.8493198364508214 0.004629629629629629 0.011111111111111112
0 0.24637680283869326 0.7694062733086532 0.004629629629629629 0.011111111111111112
0 0.8474959856639829 0.17216527875965584 0.004629629629629629 0.011111111111111112
