0 0.17238236831248688 0.8429233243863035 0.004629629629629629 0.011111111111111112
0 0.4188799703427346 0.5980160294659282 0.004629629629629629 0.011111111111111112
0 0.6589268865768084 0.3595178030140098 0.004629629629629629 0.011111111111111112
0 0.20227723770211692 0.8132213251217677 0.004629629629629629 0.011111111111111112
0 0.7848508915385025 0.2344062109875524 0.004629629629629629 0.011111111111111112
0 0.5479913190393368 0.4697376572125299 0.004629629629629629 0.011111111111111112
0 0.22649635857669562 0.7891584566399283 0.004629629629629629 0.011111111111111112
0 0.3888593630687158 0.6278429554026952 0.004629629629629629 0.011111111111111112
0 0.24399780168450272 0.7717699260683005 0.004629629629629629 0.011111111111111112
0 0.7005722538070751 0.3181411155723256 0.004629629629629629 0.011111111111111112
0 0.3039449365852525 0.7122095468765879 0.004629629629629629 0.011111111111111112
0 0.27390103839394486 0.7420596134666613 0.004629629629629629 0.011111111111111112
0 0.6744093994298633 0.344135177340652 0.004629629629629629 0.011111111111111112
0 0.16022727272727275 0.855 0.004629629629629629 0.011111111111111112
0 0.20365766712385788 0.8118498016962961 0.004629629629629629 0.011111111111111112
0 0.21450316016300358 0.8010742795799836 0.004629629629629629 0.011111111111111112
0 0.777541439984096 0.24166850478999505 0.004629629629629629 0.011111111111111112
0 0.405492886736878 0.6113167447904568 0.004629629629629629 0.011111111111111112
0 0.5064216125618821 0.5110391720352914 0.004629629629629629 0.011111111111111112
0 0.17299007970160102 0.8423195337158287 0.004629629629629629 0.011111111111111112
0 0.4409387754593149 0.5760995392210677 0.004629629629629629 0.011111111111111112
0 0.3078923842455768 0.7082875666205236 0.004629629629629629 0.011111111111111112
0 0.8647727272727272 0.155 0.004629629629629629 0.011111111111111112
0 0.29856616229726013 0.7175536193949804 0.004629629629629629 0.011111111111111112
0 0.38019909358098164 0.636447352184057 0.004629629629629629 0.011111111111111112
0 0.5185769140828552 0.4989622918144536 0.004629629629629629 0.011111111111111112
0 0.8180915735714316 0.2013799849677389 0.004629629629629629 0.011111111111111112
0 0.637057982677969 0.3812456172102759 0.004629629629629629 0.011111111111111112
0 0.6987948761831487 0.3199070262438395 0.004629629629629629 0.011111111111111112
0 0.46409728265892247 0.5530904417453287 0.004629629629629629 0.011111111111111112
