0 0.39094363514836467 0.6257721302396894 0.004629629629629629 0.011111111111111112
0 0.3728934112548931 0.6437059010757836 0.004629629629629629 0.011111111111111112
0 0.23565387098259818 0.7800600249592251 0.004629629629629629 0.011111111111111112
0 0.47631559163496284 0.5409509605691337 0.004629629629629629 0.011111111111111112
0 0.36986093402739706 0.64671881393407 0.004629629629629629 0.011111111111111112
0 0.33362798926288934 0.6827179977646131 0.004629629629629629 0.011111111111111112
0 0.20405574150951972 0.811454295532477 0.004629629629629629 0.011111111111111112
0 0.2518858539644236 0.7639327644482501 0.004629629629629629 0.011111111111111112
0 0.2252902210419515 0.7903568126421902 0.004629629629629629 0.011111111111111112
0 0.18759132894678543 0.8278124860786777 0.004629629629629629 0.011111111111111112
0 0.1869660825172771 0.8284336986602537 0.004629629629629629 0.011111111111111112
0 0.45231978679207163 0.5647919537678772 0.004629629629629629 0.011111111111111112
0 0.16022727272727275 0.855 0.004629629629629629 0.011111111111111112
0 0.25014039553621786 0.7656669618543384 0.004629629629629629 0.011111111111111112
0 0.32618349871910274 0.6901144593371495 0.004629629629629629 0.011111111111111112
0 0.19297741335883586 0.8224611505983179 0.004629629629629629 0.011111111111111112
0 0.8647727272727272 0.155 0.004629629629629629 0.011111111111111112
0 0.42636206857758946 0.5905822028325886 0.004629629629629629 0.011111111111111112
0 0.34264678997809844 0.6737573828604699 0.004629629629629629 0.011111111111111112
0 0.5785505868326936 0.4393755459855819 0.004629629629629629 0.011111111111111112
0 0.33943588640688155 0.6769475709247759 0.004629629629629629 0.011111111111111112
0 0.24573909556728485 0.7700398663396009 0.004629629629629629 0.011111111111111112
0 0.3213966765079572 0.6948703988243522 0.004629629629629629 0.011111111111111112
0 0.2249152012022181 0.7907294129990865 0.004629629629629629 0.011111111111111112
0 0.4284351408436629 0.5885225052262963 0.004629629629629629 0.011111111111111112
0 0.4507388488675057 0.5663626920929298 0.004629629629629629 0.011111111111111112
0 0.5132309389221243 0.504273776812857 0.004629629629629629 0.011111111111111112
0 0.19186921492494516 0.8235621993648932 0.004629629629629629 0.011111111111111112
0 0.28633199853791286 0.7297088530655576 0.004629629629629629 0.011111111111111112
0 0.3477839137914331 0.668653401781415 0.004629629629629629 0.011111111111111112
