0 0.8647727272727272 0.1550000000000001 0.004629629629629629 0.011111111111111112
0 0.2005573492278768 0.8149301175413354 0.004629629629629629 0.011111111111111112
0 0.20489414708974873 0.8106212990205077 0.004629629629629629 0.011111111111111112
0 0.2252028474449907 0.7904436225385255 0.004629629629629629 0.011111111111111112
0 0.3136228051164375 0.7025941162068945 0.004629629629629629 0.011111111111111112
0 0.43501934676623627 0.5819807780516104 0.004629629629629629 0.011111111111111112
0 0.2933636549922619 0.7227225621367204 0.004629629629629629 0.011111111111111112
0 0.7818048087426209 0.23743264163636366 0.004629629629629629 0.011111111111111112
0 0.636954614680072 0.3813483183178639 0.004629629629629629 0.011111111111111112
0 0.3554390377968688 0.6610476656727884 0.004629629629629629 0.011111111111111112
0 0.29776660388688336 0.7183480193639998 0.004629629629629629 0.011111111111111112
0 0.3723645583867436 0.6442313419899451 0.004629629629629629 0.011111111111111112
0 0.23672129298104488 0.7789994895543167 0.004629629629629629 0.011111111111111112
0 0.2933936872176683 0.7226927236676071 0.004629629629629629 0.011111111111111112
0 0.47024157542953643 0.5469857895732348 0.004629629629629629 0.011111111111111112
0 0.40681481040001216 0.6100033496670847 0.004629629629629629 0.011111111111111112
0 0.7932322981623747 0.226078877954802 0.004629629629629629 0.011111111111111112
0 0.5358503501554704 0.4818002972648876 0.004629629629629629 0.011111111111111112
0 0.20755428097353654 0.8079783272908089 0.004629629629629629 0.011111111111111112
0 0.17171162972169296 0.8435897356313503 0.004629629629629629 0.011111111111111112
0 0.3136385505263014 0.7025784723803199 0.004629629629629629 0.011111111111111112
0 0.2740007804339793 0.7419605149236592 0.004629629629629629 0.011111111111111112
0 0.6223093130566052 0.39589913412440536 0.004629629629629629 0.011111111111111112
0 0.31412894429138694 0.7020912424459769 0.004629629629629629 0.011111111111111112
0 0.23858765971938775 0.7771451638917051 0.004629629629629629 0.011111111111111112
0 0.16022727272727275 0.855 0.004629629629629629 0.011111111111111112
0 0.26102289911474086 0.7548546679763221 0.004629629629629629 0.011111111111111112
0 0.3230963991466372 0.6931816421381799 0.004629629629629629 0.011111111111111112
0 0.4940978860777959 0.523283390606577 0.004629629629629629 0.011111111111111112
0 0.2153451279145365 0.8002377438784605 0.004629629629629629 0.011111111111111112
