0 0.18310159901076994 0.832273250015106 0.004629629629629629 0.011111111111111112
0 0.23950389404358627 0.776234840756695 0.004629629629629629 0.011111111111111112
0 0.17353463857568102 0.8417784881248073 0.004629629629629629 0.011111111111111112
0 0.8233587353333411 0.19614680489461592 0.004629629629629629 0.011111111111111112
0 0.29621715219333583 0.7198874745950082 0.004629629629629629 0.011111111111111112
0 0.3806457204044988 0.6360036068239172 0.004629629629629629 0.011111111111111112
0 0.7147346289240812 0.30407011061736455 0.004629629629629629 0.011111111111111112
0 0.16022727272727275 0.855 0.004629629629629629 0.011111111111111112
0 0.21597112241554348 0.7996157880516536 0.004629629629629629 0.011111111111111112
0 0.8647727272727275 0.1549999999999999 0.004629629629629629 0.011111111111111112
0 0.166687768880433 0.8485811844671828 0.004629629629629629 0.011111111111111112
0 0.48397417474247867 0.5333417876752148 0.004629629629629629 0.011111111111111112
0 0.227741394849552 0.7879214528591548 0.004629629629629629 0.011111111111111112
0 0.3388233145354225 0.6775561907196448 0.004629629629629629 0.011111111111111112
0 0.5630756714784807 0.45475062317621917 0.004629629629629629 0.011111111111111112
0 0.4046494710120793 0.6121547191234825 0.004629629629629629 0.011111111111111112
0 0.31015275872515835 0.7060417752021008 0.004629629629629629 0.011111111111111112
0 0.24822050320395542 0.7675744677844573 0.004629629629629629 0.011111111111111112
0 0.6140095758241105 0.4041453246650773 0.004629629629629629 0.011111111111111112
0 0.17460321155025987 0.8407168091694192 0.004629629629629629 0.011111111111111112
0 0.3783316486982867 0.6383027490352506 0.004629629629629629 0.011111111111111112
0 0.17615610883871946 0.8391739305731433 0.004629629629629629 0.011111111111111112
0 0.20194913667745876 0.8135473093656217 0.004629629629629629 0.011111111111111112
0 0.5366698331032661 0.4809861013038518 0.004629629629629629 0.011111111111111112
0 0.5059476369990632 0.5115100896912533 0.004629629629629629 0.011111111111111112
0 0.18909599707966201 0.8263175254821423 0.004629629629629629 0.011111111111111112
0 0.4416078796622847 0.5754347518194074 0.004629629629629629 0.011111111111111112
0 0.7909151096448617 0.22838111686897627 0.004629629629629629 0.011111111111111112
0 0.5466897428762139 0.47103083611008434 0.004629629629629629 0.011111111111111112
0 0.8352316145077935 0.18435052494064394 0.004629629629629629 0.011111111111111112
