0 0.26226960417577594 0.7536160061737452 0.004629629629629629 0.011111111111111112
0 0.2088285798765327 0.8067122496710578 0.004629629629629629 0.011111111111111112
0 0.4050255659463169 0.6117810506081756 0.004629629629629629 0.011111111111111112
0 0.3799467191837369 0.636698098359384 0.004629629629629629 0.011111111111111112
0 0.22306857679444428 0.7925641237010037 0.004629629629629629 0.011111111111111112
0 0.25173615354687245 0.7640814990566557 0.004629629629629629 0.011111111111111112
0 0.22716035525860265 0.7884987438075819 0.004629629629629629 0.011111111111111112
0 0.6409049464966411 0.3774234725130148 0.004629629629629629 0.011111111111111112
0 0.16712078539123756 0.8481509616112866 0.004629629629629629 0.011111111111111112
0 0.43542186041313924 0.5815808612669456 0.004629629629629629 0.011111111111111112
0 0.33012159847618383 0.6862017666752754 0.004629629629629629 0.011111111111111112
0 0.22739413398079422 0.7882664733352109 0.004629629629629629 0.011111111111111112
0 0.8647727272727275 0.1549999999999999 0.004629629629629629 0.011111111111111112
0 0.25468561114442473 0.7611510702177974 0.004629629629629629 0.011111111111111112
0 0.5596831800132009 0.4581212275997875 0.004629629629629629 0.011111111111111112
0 0.26550916182462175 0.7503973488968274 0.004629629629629629 0.011111111111111112
0 0.20304077140015778 0.8124627174475851 0.004629629629629629 0.011111111111111112
0 0.16022727272727275 0.855 0.004629629629629629 0.011111111111111112
0 0.25643331758759447 0.7594146393000674 0.004629629629629629 0.011111111111111112
0 0.1632156557186013 0.8520308968989381 0.004629629629629629 0.011111111111111112
0 0.2479336261311066 0.7678594940374812 0.004629629629629629 0.011111111111111112
0 0.353849169593165 0.6626272766622747 0.004629629629629629 0.011111111111111112
0 0.4375442464236007 0.5794721680694547 0.004629629629629629 0.011111111111111112
0 0.2911625656153438 0.7249094509370133 0.004629629629629629 0.011111111111111112
0 0.3283116407723136 0.688000047232669 0.004629629629629629 0.011111111111111112
0 0.7265487716983585 0.2923321881190502 0.004629629629629629 0.011111111111111112
0 0.7833059628169804 0.2359411724270002 0.004629629629629629 0.011111111111111112
0 0.26922162056508814 0.7467088415030737 0.004629629629629629 0.011111111111111112
0 0.38545572040168335 0.6312246390847791 0.004629629629629629 0.011111111111111112
0 0.4550825775265065 0.5620469874897935 0.004629629629629629 0.011111111111111112
