0 0.813743272243722 0.20570023273849528 0.004629629629629629 0.011111111111111112
0 0.7039648051751894 0.3147704516323923 0.004629629629629629 0.011111111111111112
0 0.677941478744443 0.34062588563455337 0.004629629629629629 0.011111111111111112
0 0.16022727272727275 0.855 0.004629629629629629 0.011111111111111112
0 0.7475890183486261 0.27142768499555847 0.004629629629629629 0.011111111111111112
0 0.817230339019034 0.2022356631681855 0.004629629629629629 0.011111111111111112
0 0.7834820620379448 0.23576620933004164 0.004629629629629629 0.011111111111111112
0 0.8389197205825621 0.18068621309861554 0.004629629629629629 0.011111111111111112
0 0.48590943798130165 0.5314190100056744 0.004629629629629629 0.011111111111111112
0 0.832208905118156 0.18735373297938032 0.004629629629629629 0.011111111111111112
0 0.822327546139883 0.19717134125456778 0.004629629629629629 0.011111111111111112
0 0.4721283768406323 0.5451111610744686 0.004629629629629629 0.011111111111111112
0 0.2532579101845981 0.7625695602036897 0.004629629629629629 0.011111111111111112
0 0.6181422235039665 0.40003933922831697 0.004629629629629629 0.011111111111111112
0 0.7847029844331999 0.234553163853466 0.004629629629629629 0.011111111111111112
0 0.7871097231734446 0.23216195245993232 0.004629629629629629 0.011111111111111112
0 0.6382742063090505 0.3800372401832659 0.004629629629629629 0.011111111111111112
0 0.7619806619137093 0.25712889074379836 0.004629629629629629 0.011111111111111112
0 0.7656275070700616 0.253505573620713 0.004629629629629629 0.011111111111111112
0 0.812890368686055 0.20654763369256465 0.004629629629629629 0.011111111111111112
0 0.5608614891932577 0.4569505204144407 0.004629629629629629 0.011111111111111112
0 0.7600756865284736 0.25902157596525843 0.004629629629629629 0.011111111111111112
0 0.5749562022010736 0.4429467410389333 0.004629629629629629 0.011111111111111112
0 0.7545484525122991 0.2645131504071351 0.004629629629629629 0.011111111111111112
0 0.8489331445144508 0.1707373919017714 0.004629629629629629 0.011111111111111112
0 0.5377347146026232 0.47992809000771613 0.004629629629629629 0.011111111111111112
0 0.7049657029475013 0.31377601126506316 0.004629629629629629 0.011111111111111112
0 0.5472386420506538 0.47048547822064074 0.004629629629629629 0.011111111111111112
0 0.8647727272727272 0.15499999999999978 0.004629629629629629 0.011111111111111112
0 0.8469861166035347 0.1726718583422944 0.004629629629629629 0.011111111111111112
