0 0.5179760578530958 0.4995592715524081 0.004629629629629629 0.011111111111111112
0 0.848183652361652 0.1714820486213265 0.004629629629629629 0.011111111111111112
0 0.8044689391205039 0.21491473145446718 0.004629629629629629 0.011111111111111112
0 0.815191317776506 0.20426152943495537 0.004629629629629629 0.011111111111111112
0 0.7825232601501134 0.2367188253992423 0.004629629629629629 0.011111111111111112
0 0.5607113086872744 0.45709973201393383 0.004629629629629629 0.011111111111111112
0 0.16022727272727272 0.855 0.004629629629629629 0.011111111111111112
0 0.6005110058648184 0.41755680707624493 0.004629629629629629 0.011111111111111112
0 0.8478306456080037 0.17183277791204807 0.004629629629629629 0.011111111111111112
0 0.8017813409786019 0.21758499025351818 0.004629629629629629 0.011111111111111112
0 0.6933091100202025 0.32535740036702454 0.004629629629629629 0.011111111111111112
0 0.5724291572131862 0.44545748251077 0.004629629629629629 0.011111111111111112
0 0.8453111368297365 0.17433603179497176 0.004629629629629629 0.011111111111111112
0 0.4615338319186759 0.5556373540937027 0.004629629629629629 0.011111111111111112
0 0.8111188519371135 0.20830772130119055 0.004629629629629629 0.011111111111111112
0 0.6743074885733481 0.34423643070777044 0.004629629629629629 0.011111111111111112
0 0.7952120206275812 0.2241119278925968 0.004629629629629629 0.011111111111111112
0 0.7698036752710694 0.24935634844035678 0.004629629629629629 0.011111111111111112
0 0.5558881097169815 0.46189181357151515 0.004629629629629629 0.011111111111111112
0 0.5678706138912774 0.4499866158757633 0.004629629629629629 0.011111111111111112
0 0.7097017104227061 0.3090705586767953 0.004629629629629629 0.011111111111111112
0 0.6773271383187597 0.34123626257361944 0.004629629629629629 0.011111111111111112
0 0.8647727272727271 0.1550000000000001 0.004629629629629629 0.011111111111111112
0 0.752287600366331 0.266759416410226 0.004629629629629629 0.011111111111111112
0 0.8167466917138747 0.20271619016815032 0.004629629629629629 0.011111111111111112
0 0.8567233095550347 0.16299748599048156 0.004629629629629629 0.011111111111111112
0 0.6264440718174628 0.39179105122652086 0.004629629629629629 0.011111111111111112
0 0.7252023005950495 0.29366997231201536 0.004629629629629629 0.011111111111111112
0 0.8411515993923993 0.17846873350690667 0.004629629629629629 0.011111111111111112
0 0.39192497014003463 0.624797126441514 0.004629629629629629 0.011111111111111112
