0 0.47223239860736155 0.5450078104159117 0.004629629629629629 0.011111111111111112
0 0.7749774173538038 0.24421598533880137 0.004629629629629629 0.011111111111111112
0 0.5702488054037038 0.44762376753438454 0.004629629629629629 0.011111111111111112
0 0.36487019804853815 0.651677351616291 0.004629629629629629 0.011111111111111112
0 0.3840132454834433 0.6326578077132241 0.004629629629629629 0.011111111111111112
0 0.4242197747998256 0.5927106753601733 0.004629629629629629 0.011111111111111112
0 0.42361159715249974 0.5933149292807423 0.004629629629629629 0.011111111111111112
0 0.16022727272727272 0.855 0.004629629629629629 0.011111111111111112
0 0.18649377307806206 0.8289029609417964 0.004629629629629629 0.011111111111111112
0 0.8647727272727271 0.155 0.004629629629629629 0.011111111111111112
0 0.28238659511999376 0.7336288022678772 0.004629629629629629 0.011111111111111112
0 0.2124696448780205 0.8030946754115151 0.004629629629629629 0.011111111111111112
0 0.6230076824519607 0.3952052703380518 0.004629629629629629 0.011111111111111112
0 0.4614456160403867 0.5557250008372933 0.004629629629629629 0.011111111111111112
0 0.7050129234053643 0.31372909545531547 0.004629629629629629 0.011111111111111112
0 0.555756133858128 0.46202293797321475 0.004629629629629629 0.011111111111111112
0 0.4917551744161455 0.5256109879994424 0.004629629629629629 0.011111111111111112
0 0.44001612835942344 0.5770162337590246 0.004629629629629629 0.011111111111111112
0 0.8321290564507486 0.18743306649409489 0.004629629629629629 0.011111111111111112
0 0.5114298928803679 0.5060632032027312 0.004629629629629629 0.011111111111111112
0 0.5587170926982759 0.4590810820933259 0.004629629629629629 0.011111111111111112
0 0.5107195042537042 0.506769008676965 0.004629629629629629 0.011111111111111112
0 0.2580108105176665 0.7578473237437379 0.004629629629629629 0.011111111111111112
0 0.5972664353448458 0.4207804448831854 0.004629629629629629 0.011111111111111112
0 0.533275325903163 0.4843587084575026 0.004629629629629629 0.011111111111111112
0 0.4647860985495519 0.5524060698281871 0.004629629629629629 0.011111111111111112
0 0.4754960945377553 0.5417651705882948 0.004629629629629629 0.011111111111111112
0 0.2896523809406126 0.7264098924848107 0.004629629629629629 0.011111111111111112
0 0.25409592212370097 0.7617369547932261 0.004629629629629629 0.011111111111111112
0 0.6553249475695645 0.3630965037050778 0.004629629629629629 0.011111111111111112
