0 0.5871245095541467 0.4308569388945897 0.004629629629629629 0.011111111111111112
0 0.5581532211456635 0.45964131576495365 0.004629629629629629 0.011111111111111112
0 0.8400495652061529 0.17956365779517705 0.004629629629629629 0.011111111111111112
0 0.739883441041229 0.27908354890097237 0.004629629629629629 0.011111111111111112
0 0.8647727272727272 0.155 0.004629629629629629 0.011111111111111112
0 0.21375759450024248 0.8018150351416946 0.004629629629629629 0.011111111111111112
0 0.8217735962513751 0.19772171727282717 0.004629629629629629 0.011111111111111112
0 0.6771255997061059 0.34143650093715927 0.004629629629629629 0.011111111111111112
0 0.29154425516321103 0.7245302239023581 0.004629629629629629 0.011111111111111112
0 0.6121035110338481 0.40603909226314455 0.004629629629629629 0.011111111111111112
0 0.16022727272727275 0.855 0.004629629629629629 0.011111111111111112
0 0.7709847376398554 0.24818290582878877 0.004629629629629629 0.011111111111111112
0 0.3800639236601364 0.6365816500408966 0.004629629629629629 0.011111111111111112
0 0.46273700643929827 0.5544419419893424 0.004629629629629629 0.011111111111111112
0 0.6282274586694622 0.3900191700961473 0.004629629629629629 0.011111111111111112
0 0.4032150434791741 0.6135798922852077 0.004629629629629629 0.011111111111111112
0 0.414582282996262 0.6022859897972622 0.004629629629629629 0.011111111111111112
0 0.270300707370819 0.7456367165477025 0.004629629629629629 0.011111111111111112
0 0.7917996972074586 0.22750223632291228 0.004629629629629629 0.011111111111111112
0 0.49330785999821897 0.5240683197437049 0.004629629629629629 0.011111111111111112
0 0.6978137086027552 0.3208818637108111 0.004629629629629629 0.011111111111111112
0 0.5948271493032502 0.4232039935954804 0.004629629629629629 0.011111111111111112
0 0.814674772596187 0.2047747420657238 0.004629629629629629 0.011111111111111112
0 0.8294759035448622 0.19006910228445942 0.004629629629629629 0.011111111111111112
0 0.7434885691890591 0.2755016796444186 0.004629629629629629 0.011111111111111112
0 0.3135644482693156 0.7026520965582285 0.004629629629629629 0.011111111111111112
0 0.7278292637961926 0.291059957260557 0.004629629629629629 0.011111111111111112
0 0.5903303245113652 0.4276718066145145 0.004629629629629629 0.011111111111111112
0 0.23640546845336152 0.7793132765044021 0.004629629629629629 0.011111111111111112
0 0.5475998377530548 0.470126612813094 0.004629629629629629 0.011111111111111112
