0 0.27112060655594233 0.744822107034741 0.004629629629629629 0.011111111111111112
0 0.8647727272727272 0.155 0.004629629629629629 0.011111111111111112
0 0.4380980645935612 0.5789219229199457 0.004629629629629629 0.011111111111111112
0 0.6718926331094344 0.3466357064590137 0.004629629629629629 0.011111111111111112
0 0.18538914038880724 0.83000046696854 0.004629629629629629 0.011111111111111112
0 0.38177528766823277 0.6348813270909172 0.004629629629629629 0.011111111111111112
0 0.7314070667705814 0.2875052368860029 0.004629629629629629 0.011111111111111112
0 0.7764913069239048 0.24271186279818494 0.004629629629629629 0.011111111111111112
0 0.3559520018001402 0.6605380111146995 0.004629629629629629 0.011111111111111112
0 0.23807163496136005 0.7776578594577456 0.004629629629629629 0.011111111111111112
0 0.46717473330034515 0.5500328456241732 0.004629629629629629 0.011111111111111112
0 0.5494453679359499 0.46829298927654006 0.004629629629629629 0.011111111111111112
0 0.537012325622124 0.48064581841414783 0.004629629629629629 0.011111111111111112
0 0.32424557800412873 0.6920398773378333 0.004629629629629629 0.011111111111111112
0 0.5420471236989673 0.47564350290554214 0.004629629629629629 0.011111111111111112
0 0.375803579707517 0.6408145079034991 0.004629629629629629 0.011111111111111112
0 0.7825097282378064 0.23673227000888913 0.004629629629629629 0.011111111111111112
0 0.31474267486470014 0.7014814714247496 0.004629629629629629 0.011111111111111112
0 0.31053968228409295 0.7056573479241915 0.004629629629629629 0.011111111111111112
0 0.40890713045672916 0.6079245284494434 0.004629629629629629 0.011111111111111112
0 0.47535686387110065 0.5419035029925838 0.004629629629629629 0.011111111111111112
0 0.5463837201443357 0.47133488450175687 0.004629629629629629 0.011111111111111112
0 0.33177814775705206 0.6845559048091224 0.004629629629629629 0.011111111111111112
0 0.16022727272727275 0.855 0.004629629629629629 0.011111111111111112
0 0.33241063597958065 0.6839274971557716 0.004629629629629629 0.011111111111111112
0 0.4303298299501795 0.5866400399204669 0.004629629629629629 0.011111111111111112
0 0.25746630677056 0.7583883145634436 0.004629629629629629 0.011111111111111112
0 0.33942642262095507 0.6769569736540189 0.004629629629629629 0.011111111111111112
0 0.33205554344085103 0.6842802987748965 0.004629629629629629 0.011111111111111112
0 0.37686307547002895 0.6397618475975198 0.004629629629629629 0.011111111111111112
