0 0.372444784758773 0.6441516332074126 0.004629629629629629 0.011111111111111112
0 0.16022727272727275 0.855 0.004629629629629629 0.011111111111111112
0 0.5984063336430487 0.4196479007675516 0.004629629629629629 0.011111111111111112
0 0.22988581108933695 0.7857908715628523 0.004629629629629629 0.011111111111111112
0 0.46084184727342614 0.5563248743218864 0.004629629629629629 0.011111111111111112
0 0.5487029915420428 0.4690305761453252 0.004629629629629629 0.011111111111111112
0 0.320896420233078 0.6953674276393934 0.004629629629629629 0.011111111111111112
0 0.7990769368946394 0.22027194656919688 0.004629629629629629 0.011111111111111112
0 0.8166210019836331 0.20284106899690652 0.004629629629629629 0.011111111111111112
0 0.4927560669652488 0.5246165528216237 0.004629629629629629 0.011111111111111112
0 0.411713342747483 0.6051364207541137 0.004629629629629629 0.011111111111111112
0 0.17729924050329607 0.838038173951564 0.004629629629629629 0.011111111111111112
0 0.6999310502175994 0.31877818236444966 0.004629629629629629 0.011111111111111112
0 0.7514085183485988 0.26763282693106966 0.004629629629629629 0.011111111111111112
0 0.361114462605468 0.6554088565081158 0.004629629629629629 0.011111111111111112
0 0.4946871443589031 0.5226979339917994 0.004629629629629629 0.011111111111111112
0 0.1976869753770209 0.8177819728512179 0.004629629629629629 0.011111111111111112
0 0.5834018441373017 0.4345555871151971 0.004629629629629629 0.011111111111111112
0 0.4328904717881035 0.5840959183524648 0.004629629629629629 0.011111111111111112
0 0.777123635860922 0.242083613402697 0.004629629629629629 0.011111111111111112
0 0.620510528553222 0.3976863135664762 0.004629629629629629 0.011111111111111112
0 0.21646205100710528 0.7991280267413277 0.004629629629629629 0.011111111111111112
0 0.3579433371523191 0.6585595230873732 0.004629629629629629 0.011111111111111112
0 0.41089312300499964 0.6059513487563228 0.004629629629629629 0.011111111111111112
0 0.3655695201529801 0.6509825412673618 0.004629629629629629 0.011111111111111112
0 0.7086180171805688 0.3101472603496285 0.004629629629629629 0.011111111111111112
0 0.3042822590218788 0.7118744007137463 0.004629629629629629 0.011111111111111112
0 0.3778270931692209 0.6388040493673548 0.004629629629629629 0.011111111111111112
0 0.25652795476332413 0.7593206126867618 0.004629629629629629 0.011111111111111112
0 0.8647727272727271 0.1550000000000001 0.004629629629629629 0.011111111111111112
