0 0.798462446228227 0.22088247277969708 0.004629629629629629 0.011111111111111112
0 0.6699982489308735 0.3485178688041644 0.004629629629629629 0.011111111111111112
0 0.8467507584163656 0.17290569808954662 0.004629629629629629 0.011111111111111112
0 0.812409756208377 0.2070251454445804 0.004629629629629629 0.011111111111111112
0 0.6136050533108522 0.4045472373556695 0.004629629629629629 0.011111111111111112
0 0.7292769832127719 0.2896215779692461 0.004629629629629629 0.011111111111111112
0 0.7221706214015933 0.29668209228486875 0.004629629629629629 0.011111111111111112
0 0.6657456166170823 0.3527430647804474 0.004629629629629629 0.011111111111111112
0 0.7952713281571546 0.22405300299224631 0.004629629629629629 0.011111111111111112
0 0.8302529221065659 0.1892970967457345 0.004629629629629629 0.011111111111111112
0 0.6468605361970676 0.37150630597194595 0.004629629629629629 0.011111111111111112
0 0.7801668781591202 0.2390600049257773 0.004629629629629629 0.011111111111111112
0 0.8387772898490924 0.18082772492412755 0.004629629629629629 0.011111111111111112
0 0.5642627525951794 0.4535712006473702 0.004629629629629629 0.011111111111111112
0 0.8647727272727272 0.155 0.004629629629629629 0.011111111111111112
0 0.7408140563950169 0.2781589375172091 0.004629629629629629 0.011111111111111112
0 0.8453423032407651 0.17430506645756236 0.004629629629629629 0.011111111111111112
0 0.6681437985947364 0.3503603549445845 0.004629629629629629 0.011111111111111112
0 0.8541273685602891 0.16557667897880946 0.004629629629629629 0.011111111111111112
0 0.7191940984410821 0.2996394118714411 0.004629629629629629 0.011111111111111112
0 0.7499564861048366 0.2690754912248722 0.004629629629629629 0.011111111111111112
0 0.7274360183634415 0.291450665626 0.004629629629629629 0.011111111111111112
0 0.7800344619465307 0.2391915668402212 0.004629629629629629 0.011111111111111112
0 0.7974285544608758 0.2219096942775816 0.004629629629629629 0.011111111111111112
0 0.1602272727272726 0.8550000000000001 0.004629629629629629 0.011111111111111112
0 0.5559964014587208 0.4617842204861743 0.004629629629629629 0.011111111111111112
0 0.7705783940511143 0.2485866278459896 0.004629629629629629 0.011111111111111112
0 0.8211135465166874 0.1983775086221301 0.004629629629629629 0.011111111111111112
0 0.3813118290504634 0.635341795653088 0.004629629629629629 0.011111111111111112
0 0.8057858578346321 0.21360630899010744 0.004629629629629629 0.011111111111111112
