0 0.5822692536774313 0.43568087053984245 0.004629629629629629 0.011111111111111112
0 0.25187503693983854 0.7639435116855797 0.004629629629629629 0.011111111111111112
0 0.6987000616576583 0.3200012290627137 0.004629629629629629 0.011111111111111112
0 0.2421302602684359 0.7736254188300702 0.004629629629629629 0.011111111111111112
0 0.16873891154387916 0.8465432749822104 0.004629629629629629 0.011111111111111112
0 0.5729106014084444 0.44497914440709396 0.004629629629629629 0.011111111111111112
0 0.388777607096819 0.6279241839167088 0.004629629629629629 0.011111111111111112
0 0.3303185969794011 0.6860060391301435 0.004629629629629629 0.011111111111111112
0 0.2738671480579912 0.7420932851552862 0.004629629629629629 0.011111111111111112
0 0.32195967073274007 0.6943110368203744 0.004629629629629629 0.011111111111111112
0 0.3599324092504272 0.6565832837124789 0.004629629629629629 0.011111111111111112
0 0.28540409869139977 0.7306307664614481 0.004629629629629629 0.011111111111111112
0 0.2756941951247297 0.7402780254889781 0.004629629629629629 0.011111111111111112
0 0.2549767591165247 0.760861800619711 0.004629629629629629 0.011111111111111112
0 0.32745264070875224 0.6888535053603365 0.004629629629629629 0.011111111111111112
0 0.49912670495708483 0.5182870157200576 0.004629629629629629 0.011111111111111112
0 0.6183009366293479 0.39988165005858334 0.004629629629629629 0.011111111111111112
0 0.16022727272727275 0.855 0.004629629629629629 0.011111111111111112
0 0.4676796283185701 0.5495312079931627 0.004629629629629629 0.011111111111111112
0 0.6550885818578343 0.3633313444767324 0.004629629629629629 0.011111111111111112
0 0.5679024797542953 0.4499549555989581 0.004629629629629629 0.011111111111111112
0 0.8647727272727271 0.155 0.004629629629629629 0.011111111111111112
0 0.34895780803431914 0.6674870810497733 0.004629629629629629 0.011111111111111112
0 0.781840564518448 0.2373971165429614 0.004629629629629629 0.011111111111111112
0 0.38379205290941787 0.6328775732383848 0.004629629629629629 0.011111111111111112
0 0.26014110149151687 0.755730776582622 0.004629629629629629 0.011111111111111112
0 0.6990599998920365 0.3196436130104928 0.004629629629629629 0.011111111111111112
0 0.638347202823346 0.37996471461422393 0.004629629629629629 0.011111111111111112
0 0.27072989773581135 0.7452102951528068 0.004629629629629629 0.011111111111111112
0 0.2704334472186913 0.7455048330859454 0.004629629629629629 0.011111111111111112
