0 0.2283372678323129 0.7873294242182183 0.004629629629629629 0.011111111111111112
0 0.4192399127288206 0.5976584092887847 0.004629629629629629 0.011111111111111112
0 0.44403348142002264 0.5730247991052678 0.004629629629629629 0.011111111111111112
0 0.19390808410907373 0.821536484175501 0.004629629629629629 0.011111111111111112
0 0.3195451717067105 0.6967099584333327 0.004629629629629629 0.011111111111111112
0 0.4604280556492169 0.5567359963227135 0.004629629629629629 0.011111111111111112
0 0.703488965067036 0.3152432218043642 0.004629629629629629 0.011111111111111112
0 0.18594875967925736 0.829444458125125 0.004629629629629629 0.011111111111111112
0 0.5113519177021264 0.5061406753153068 0.004629629629629629 0.011111111111111112
0 0.6650601010541324 0.3534241576623459 0.004629629629629629 0.011111111111111112
0 0.1780087375788175 0.8373332542765297 0.004629629629629629 0.011111111111111112
0 0.496999932185787 0.520400067376702 0.004629629629629629 0.011111111111111112
0 0.3707124719657197 0.645872769788898 0.004629629629629629 0.011111111111111112
0 0.3386050989374071 0.6777729984750924 0.004629629629629629 0.011111111111111112
0 0.2799068353179899 0.7360925636195456 0.004629629629629629 0.011111111111111112
0 0.2752922272444359 0.7406774000281089 0.004629629629629629 0.011111111111111112
0 0.211231431478653 0.8043249003373383 0.004629629629629629 0.011111111111111112
0 0.22600453546894536 0.7896471066953704 0.004629629629629629 0.011111111111111112
0 0.16022727272727275 0.855 0.004629629629629629 0.011111111111111112
0 0.2404507293393748 0.775294114075718 0.004629629629629629 0.011111111111111112
0 0.3150062822860031 0.7012195646964873 0.004629629629629629 0.011111111111111112
0 0.5224792997935921 0.4950850827857214 0.004629629629629629 0.011111111111111112
0 0.3198980282440559 0.6963593783897768 0.004629629629629629 0.011111111111111112
0 0.5559407256542109 0.4618395370919453 0.004629629629629629 0.011111111111111112
0 0.8647727272727275 0.1549999999999999 0.004629629629629629 0.011111111111111112
0 0.30453758100052464 0.7116207259736723 0.004629629629629629 0.011111111111111112
0 0.4186518562710689 0.5982426718339058 0.004629629629629629 0.011111111111111112
0 0.43494416174970735 0.5820554780035166 0.004629629629629629 0.011111111111111112
0 0.5335778565555487 0.4840581296157775 0.004629629629629629 0.011111111111111112
0 0.2686700367911287 0.7472568666720399 0.004629629629629629 0.011111111111111112
