0 0.22971925546961727 0.7859563526301867 0.004629629629629629 0.011111111111111112
0 0.23433973059012786 0.7813656870265827 0.004629629629629629 0.011111111111111112
0 0.31038857752472343 0.7058074778141459 0.004629629629629629 0.011111111111111112
0 0.41565001758462294 0.6012251438191488 0.004629629629629629 0.011111111111111112
0 0.16022727272727275 0.855 0.004629629629629629 0.011111111111111112
0 0.8647727272727272 0.155 0.004629629629629629 0.011111111111111112
0 0.223955337165808 0.791683084364294 0.004629629629629629 0.011111111111111112
0 0.3911088212817306 0.6256080098233129 0.004629629629629629 0.011111111111111112
0 0.21358711175946402 0.8019844179938229 0.004629629629629629 0.011111111111111112
0 0.6097216102815594 0.4084056259138056 0.004629629629629629 0.011111111111111112
0 0.4430817755465167 0.5739703649408803 0.004629629629629629 0.011111111111111112
0 0.23084900780203885 0.7848338890224904 0.004629629629629629 0.011111111111111112
0 0.202793437535003 0.8127084556103842 0.004629629629629629 0.011111111111111112
0 0.23481830937720388 0.7808901958445845 0.004629629629629629 0.011111111111111112
0 0.2963925635027986 0.7197131949714131 0.004629629629629629 0.011111111111111112
0 0.17356798251344055 0.8417453593092269 0.004629629629629629 0.011111111111111112
0 0.24293549848286758 0.7728253757008929 0.004629629629629629 0.011111111111111112
0 0.5669270500017722 0.45092409225630375 0.004629629629629629 0.011111111111111112
0 0.17948244761043605 0.8358690520515668 0.004629629629629629 0.011111111111111112
0 0.2286220230767115 0.7870465061044285 0.004629629629629629 0.011111111111111112
0 0.29501151603223635 0.7210853324582943 0.004629629629629629 0.011111111111111112
0 0.19255080900570323 0.8228850026653013 0.004629629629629629 0.011111111111111112
0 0.16547036685815183 0.8497907322828685 0.004629629629629629 0.011111111111111112
0 0.3767420750331885 0.6398820673863804 0.004629629629629629 0.011111111111111112
0 0.27850098459843153 0.7374893443344617 0.004629629629629629 0.011111111111111112
0 0.16312318277785098 0.8521227732400706 0.004629629629629629 0.011111111111111112
0 0.33670042831737335 0.6796653808975776 0.004629629629629629 0.011111111111111112
0 0.33901010518237273 0.6773706051736427 0.004629629629629629 0.011111111111111112
0 0.16603378722077888 0.8492309468903229 0.004629629629629629 0.011111111111111112
0 0.18100574579009734 0.8343555816020969 0.004629629629629629 0.011111111111111112
