0 0.7707333976112984 0.2484326243087745 0.004629629629629629 0.011111111111111112
0 0.7061960357845416 0.3125536160592296 0.004629629629629629 0.011111111111111112
0 0.4361594945574496 0.5808479860525985 0.004629629629629629 0.011111111111111112
0 0.6320373166226895 0.38623389187165036 0.004629629629629629 0.011111111111111112
0 0.6461689616479542 0.3721934187497744 0.004629629629629629 0.011111111111111112
0 0.8647727272727272 0.155 0.004629629629629629 0.011111111111111112
0 0.7139256835371153 0.30487383700183374 0.004629629629629629 0.011111111111111112
0 0.3386712141170163 0.6777073098450289 0.004629629629629629 0.011111111111111112
0 0.16022727272727275 0.855 0.004629629629629629 0.011111111111111112
0 0.5387936459660586 0.4788759904595289 0.004629629629629629 0.011111111111111112
0 0.4443503913737415 0.5727099337318955 0.004629629629629629 0.011111111111111112
0 0.6965718966755183 0.32211566394819463 0.004629629629629629 0.011111111111111112
0 0.34752089265276725 0.6689147260095086 0.004629629629629629 0.011111111111111112
0 0.7175827224455341 0.30124039189282414 0.004629629629629629 0.011111111111111112
0 0.8200972311426369 0.19938726712279947 0.004629629629629629 0.011111111111111112
0 0.6143349456400202 0.40382205400927035 0.004629629629629629 0.011111111111111112
0 0.8043170560827884 0.21506563460161682 0.004629629629629629 0.011111111111111112
0 0.26814299537168274 0.7477805078242636 0.004629629629629629 0.011111111111111112
0 0.4922442171418647 0.5251251003880828 0.004629629629629629 0.011111111111111112
0 0.7784508967228175 0.24076491551410378 0.004629629629629629 0.011111111111111112
0 0.4586625443571603 0.5584901172193375 0.004629629629629629 0.011111111111111112
0 0.39389498790037597 0.6228398184731748 0.004629629629629629 0.011111111111111112
0 0.8111080997429972 0.20831840412631242 0.004629629629629629 0.011111111111111112
0 0.6505877739219152 0.36780311494209716 0.004629629629629629 0.011111111111111112
0 0.6281437909928982 0.3901022979812496 0.004629629629629629 0.011111111111111112
0 0.5969818089970378 0.42106323493197534 0.004629629629629629 0.011111111111111112
0 0.584773590315555 0.4331926909122873 0.004629629629629629 0.011111111111111112
0 0.2645629706464766 0.7513374356157587 0.004629629629629629 0.011111111111111112
0 0.7343020586181809 0.28462892240516213 0.004629629629629629 0.011111111111111112
0 0.22387949421871847 0.7917584380020475 0.004629629629629629 0.011111111111111112
