0 0.4031330612901947 0.6136613455568388 0.004629629629629629 0.011111111111111112
0 0.19761317995293476 0.8178552921757939 0.004629629629629629 0.011111111111111112
0 0.5382813565024838 0.47938497482979026 0.004629629629629629 0.011111111111111112
0 0.5622871068136571 0.4555341003270761 0.004629629629629629 0.011111111111111112
0 0.39063102481118145 0.6260827237359874 0.004629629629629629 0.011111111111111112
0 0.7441745639967517 0.274820110609679 0.004629629629629629 0.011111111111111112
0 0.5346998458663166 0.48294337894572426 0.004629629629629629 0.011111111111111112
0 0.8647727272727272 0.155 0.004629629629629629 0.011111111111111112
0 0.5538934388727186 0.4638736155716216 0.004629629629629629 0.011111111111111112
0 0.32661281643906515 0.6896879114089288 0.004629629629629629 0.011111111111111112
0 0.365275789854416 0.6512743765317416 0.004629629629629629 0.011111111111111112
0 0.6019706416324824 0.41610658831353364 0.004629629629629629 0.011111111111111112
0 0.5942454923852555 0.4237818978881977 0.004629629629629629 0.011111111111111112
0 0.3413087785079736 0.6750867619985295 0.004629629629629629 0.011111111111111112
0 0.3665296351972772 0.6500286205136729 0.004629629629629629 0.011111111111111112
0 0.3006113236011815 0.7155216526801165 0.004629629629629629 0.011111111111111112
0 0.5450784445714143 0.4726317389419497 0.004629629629629629 0.011111111111111112
0 0.5707902816360053 0.4470857846971302 0.004629629629629629 0.011111111111111112
0 0.16022727272727275 0.855 0.004629629629629629 0.011111111111111112
0 0.33472373703062935 0.6816293193373102 0.004629629629629629 0.011111111111111112
0 0.6180705640640157 0.40011053634930044 0.004629629629629629 0.011111111111111112
0 0.6713934923838708 0.34713162692183164 0.004629629629629629 0.011111111111111112
0 0.630214969637506 0.38804448177951006 0.004629629629629629 0.011111111111111112
0 0.7761735715614078 0.24302754825511738 0.004629629629629629 0.011111111111111112
0 0.368351333761203 0.648218674843708 0.004629629629629629 0.011111111111111112
0 0.3195632461787719 0.6966920005707686 0.004629629629629629 0.011111111111111112
0 0.2970670090445492 0.7190431006912221 0.004629629629629629 0.011111111111111112
0 0.5773925903189698 0.4405260715540559 0.004629629629629629 0.011111111111111112
0 0.38462680344930067 0.632048208185856 0.004629629629629629 0.011111111111111112
0 0.7189295579411156 0.29990224565850465 0.004629629629629629 0.011111111111111112
