0 0.25206173329601855 0.7637580198220203 0.004629629629629629 0.011111111111111112
0 0.5548529595335608 0.46292028536665564 0.004629629629629629 0.011111111111111112
0 0.35308229876076913 0.6633891999409133 0.004629629629629629 0.011111111111111112
0 0.5670737615172292 0.4507783272667529 0.004629629629629629 0.011111111111111112
0 0.7046118428790638 0.31412758836531723 0.004629629629629629 0.011111111111111112
0 0.5989182314083431 0.41913930556848483 0.004629629629629629 0.011111111111111112
0 0.42361302932780487 0.5933135063452778 0.004629629629629629 0.011111111111111112
0 0.24265399921940436 0.7731050588400756 0.004629629629629629 0.011111111111111112
0 0.4320533353766888 0.584927653883806 0.004629629629629629 0.011111111111111112
0 0.6247521294045073 0.3934720778819734 0.004629629629629629 0.011111111111111112
0 0.518647197404506 0.4988924619335876 0.004629629629629629 0.011111111111111112
0 0.8642789030758768 0.15549063823429016 0.004629629629629629 0.011111111111111112
0 0.32997878990775725 0.6863436538980993 0.004629629629629629 0.011111111111111112
0 0.6366824811704099 0.38161869612746374 0.004629629629629629 0.011111111111111112
0 0.3124165285019626 0.7037926103915985 0.004629629629629629 0.011111111111111112
0 0.8647727272727271 0.155 0.004629629629629629 0.011111111111111112
0 0.5143855413731031 0.5031266234099492 0.004629629629629629 0.011111111111111112
0 0.16022727272727272 0.855 0.004629629629629629 0.011111111111111112
0 0.449388679272179 0.5677041509166738 0.004629629629629629 0.011111111111111112
0 0.4299565800238772 0.5870108817827284 0.004629629629629629 0.011111111111111112
0 0.43894718136469635 0.5780782843215274 0.004629629629629629 0.011111111111111112
0 0.4478885798590006 0.5691945722691221 0.004629629629629629 0.011111111111111112
0 0.5303603983435465 0.4872548300328634 0.004629629629629629 0.011111111111111112
0 0.25509239560023494 0.7607469101778311 0.004629629629629629 0.011111111111111112
0 0.7395542130590345 0.27941065283166905 0.004629629629629629 0.011111111111111112
0 0.18267660744613573 0.8326954996986781 0.004629629629629629 0.011111111111111112
0 0.43684525113993894 0.5801666537061251 0.004629629629629629 0.011111111111111112
0 0.5225178228704952 0.49504680824479835 0.004629629629629629 0.011111111111111112
0 0.3272847094061894 0.6890203532351409 0.004629629629629629 0.011111111111111112
0 0.6687643967732724 0.34974376062526497 0.004629629629629629 0.011111111111111112
