0 0.3964108753742487 0.6203401625313916 0.004629629629629629 0.011111111111111112
0 0.17094022668249292 0.844356161876749 0.004629629629629629 0.011111111111111112
0 0.49445161632774376 0.522931942487274 0.004629629629629629 0.011111111111111112
0 0.2526297844996722 0.7631936334648418 0.004629629629629629 0.011111111111111112
0 0.19670606373027347 0.8187565560357283 0.004629629629629629 0.011111111111111112
0 0.28671690836251684 0.7293264265301446 0.004629629629629629 0.011111111111111112
0 0.6137059261172381 0.4044470153415829 0.004629629629629629 0.011111111111111112
0 0.8647727272727272 0.1549999999999999 0.004629629629629629 0.011111111111111112
0 0.21227151849680306 0.803291523558015 0.004629629629629629 0.011111111111111112
0 0.16444130652344607 0.8508131535186407 0.004629629629629629 0.011111111111111112
0 0.23368308391101295 0.7820180972755097 0.004629629629629629 0.011111111111111112
0 0.43643786475620233 0.5805714117906118 0.004629629629629629 0.011111111111111112
0 0.17651010269939663 0.8388222205438253 0.004629629629629629 0.011111111111111112
0 0.33473113091389145 0.6816219731565206 0.004629629629629629 0.011111111111111112
0 0.2585148509188778 0.7573465352160826 0.004629629629629629 0.011111111111111112
0 0.27136501067011887 0.7445792797213012 0.004629629629629629 0.011111111111111112
0 0.3350825373906195 0.6812728338183522 0.004629629629629629 0.011111111111111112
0 0.37020950366756644 0.6463724931302889 0.004629629629629629 0.011111111111111112
0 0.3007963317264926 0.7153378381556138 0.004629629629629629 0.011111111111111112
0 0.6816175466275345 0.3369735343184494 0.004629629629629629 0.011111111111111112
0 0.2836080867544971 0.7324151912245642 0.004629629629629629 0.011111111111111112
0 0.4831112218860927 0.5341991730938175 0.004629629629629629 0.011111111111111112
0 0.16764208912485024 0.8476330211275681 0.004629629629629629 0.011111111111111112
0 0.18385009313307782 0.8315295848871356 0.004629629629629629 0.011111111111111112
0 0.16022727272727275 0.855 0.004629629629629629 0.011111111111111112
0 0.17780863959766566 0.8375320613029644 0.004629629629629629 0.011111111111111112
0 0.24878314816512453 0.7670154527907795 0.004629629629629629 0.011111111111111112
0 0.33923772434374616 0.6771444545229877 0.004629629629629629 0.011111111111111112
0 0.2477829409595026 0.7680092070466877 0.004629629629629629 0.011111111111111112
0 0.3249847345672934 0.6913054895266891 0.004629629629629629 0.011111111111111112
