0 0.661576775991945 0.3568850096596159 0.004629629629629629 0.011111111111111112
0 0.16022727272727275 0.855 0.004629629629629629 0.011111111111111112
0 0.6195348468532231 0.39865570054583 0.004629629629629629 0.011111111111111112
0 0.5800335132820098 0.4379021868036807 0.004629629629629629 0.011111111111111112
0 0.4107798533909161 0.6060638875987028 0.004629629629629629 0.011111111111111112
0 0.504606073348892 0.5128429980920687 0.004629629629629629 0.011111111111111112
0 0.5102091656166694 0.5072760548066639 0.004629629629629629 0.011111111111111112
0 0.6084654027315577 0.40965372889896845 0.004629629629629629 0.011111111111111112
0 0.5199459526418166 0.4976020857623241 0.004629629629629629 0.011111111111111112
0 0.42521567779666025 0.5917211975439634 0.004629629629629629 0.011111111111111112
0 0.8647727272727271 0.1550000000000001 0.004629629629629629 0.011111111111111112
0 0.629274092094789 0.3889792891445322 0.004629629629629629 0.011111111111111112
0 0.7042644859575686 0.3144727042744157 0.004629629629629629 0.011111111111111112
0 0.5690301919749758 0.44883451894099174 0.004629629629629629 0.011111111111111112
0 0.4541593305204134 0.5629642780635893 0.004629629629629629 0.011111111111111112
0 0.21950103247041464 0.7961086516100397 0.004629629629629629 0.011111111111111112
0 0.6990305719421118 0.31967285110267607 0.004629629629629629 0.011111111111111112
0 0.5803918159644041 0.4375461957514952 0.004629629629629629 0.011111111111111112
0 0.43025865971697186 0.5867107509908795 0.004629629629629629 0.011111111111111112
0 0.3719386201695267 0.6446545322186638 0.004629629629629629 0.011111111111111112
0 0.46305481375922586 0.5541261850392207 0.004629629629629629 0.011111111111111112
0 0.5115888431202065 0.505905278448311 0.004629629629629629 0.011111111111111112
0 0.1926410099891746 0.8227953836236588 0.004629629629629629 0.011111111111111112
0 0.4631583220469691 0.5540233445468823 0.004629629629629629 0.011111111111111112
0 0.40072871616436 0.6160501787786359 0.004629629629629629 0.011111111111111112
0 0.4167741244058635 0.600108289299981 0.004629629629629629 0.011111111111111112
0 0.3664319224866585 0.650125702819707 0.004629629629629629 0.011111111111111112
0 0.36893545802537336 0.6476383191231776 0.004629629629629629 0.011111111111111112
0 0.5978391932413264 0.42021138219894033 0.004629629629629629 0.011111111111111112
0 0.29439303160649755 0.7216998266619316 0.004629629629629629 0.011111111111111112
