0 0.28360680346766476 0.7324164662321266 0.004629629629629629 0.011111111111111112
0 0.17161011863556402 0.843690591807246 0.004629629629629629 0.011111111111111112
0 0.2285572192653414 0.787110891826693 0.004629629629629629 0.011111111111111112
0 0.718131779487781 0.3006948771540757 0.004629629629629629 0.011111111111111112
0 0.24511159469964358 0.7706633188145476 0.004629629629629629 0.011111111111111112
0 0.3415552014713099 0.6748419288607631 0.004629629629629629 0.011111111111111112
0 0.3096116075769702 0.7065794350525587 0.004629629629629629 0.011111111111111112
0 0.2632395579706141 0.7526523101453254 0.004629629629629629 0.011111111111111112
0 0.39032575972977224 0.6263860193652586 0.004629629629629629 0.011111111111111112
0 0.17777387285732435 0.8375666037417552 0.004629629629629629 0.011111111111111112
0 0.1776445395271703 0.8376951026633276 0.004629629629629629 0.011111111111111112
0 0.7416068147170901 0.2773712937649557 0.004629629629629629 0.011111111111111112
0 0.36326545732446647 0.6532717391744011 0.004629629629629629 0.011111111111111112
0 0.34766257820970364 0.6687739545529395 0.004629629629629629 0.011111111111111112
0 0.4954933022952082 0.5218969770744383 0.004629629629629629 0.011111111111111112
0 0.5300826514857139 0.48753078497548424 0.004629629629629629 0.011111111111111112
0 0.18236332289639554 0.8330067630577749 0.004629629629629629 0.011111111111111112
0 0.5597917195469829 0.45801338832106214 0.004629629629629629 0.011111111111111112
0 0.4895636467938483 0.5277883767338539 0.004629629629629629 0.011111111111111112
0 0.24260201338271742 0.7731567092842679 0.004629629629629629 0.011111111111111112
0 0.16022727272727272 0.855 0.004629629629629629 0.011111111111111112
0 0.5163684579268044 0.5011564998662718 0.004629629629629629 0.011111111111111112
0 0.5195801429155854 0.4979655354258055 0.004629629629629629 0.011111111111111112
0 0.2964940628396109 0.7196123504690317 0.004629629629629629 0.011111111111111112
0 0.3458340551109393 0.670590680728486 0.004629629629629629 0.011111111111111112
0 0.8647727272727271 0.155 0.004629629629629629 0.011111111111111112
0 0.2597580149262185 0.7561113916216926 0.004629629629629629 0.011111111111111112
0 0.5222894936050714 0.49527366441818715 0.004629629629629629 0.011111111111111112
0 0.41734922589149165 0.599536898146518 0.004629629629629629 0.011111111111111112
0 0.3167473264545145 0.6994897530709985 0.004629629629629629 0.011111111111111112
