0 0.3969426538789733 0.6198118148557298 0.004629629629629629 0.011111111111111112
0 0.4510667279003791 0.5660369284086556 0.004629629629629629 0.011111111111111112
0 0.8550606183376137 0.16464945016779017 0.004629629629629629 0.011111111111111112
0 0.6600316204940241 0.3584201964123889 0.004629629629629629 0.011111111111111112
0 0.36045300957984094 0.6560660420948677 0.004629629629629629 0.011111111111111112
0 0.41696134609828195 0.5999222754894489 0.004629629629629629 0.011111111111111112
0 0.44853211399622134 0.5685551899650445 0.004629629629629629 0.011111111111111112
0 0.7399868813024211 0.27898077599630416 0.004629629629629629 0.011111111111111112
0 0.6339446122981707 0.38433890132955945 0.004629629629629629 0.011111111111111112
0 0.4854783204821947 0.5318473461015615 0.004629629629629629 0.011111111111111112
0 0.48889796394883595 0.528449764850834 0.004629629629629629 0.011111111111111112
0 0.8647727272727271 0.1550000000000001 0.004629629629629629 0.011111111111111112
0 0.4976479048510164 0.5197562751802804 0.004629629629629629 0.011111111111111112
0 0.6747501249648775 0.34379665003489596 0.004629629629629629 0.011111111111111112
0 0.4734195442472629 0.5438283237801388 0.004629629629629629 0.011111111111111112
0 0.4113018115845249 0.6055452968773107 0.004629629629629629 0.011111111111111112
0 0.25548831913094644 0.760353540992479 0.004629629629629629 0.011111111111111112
0 0.29577316193866743 0.7203286003964208 0.004629629629629629 0.011111111111111112
0 0.3510245514097308 0.66543367150259 0.004629629629629629 0.011111111111111112
0 0.7445788271875693 0.27441845556847955 0.004629629629629629 0.011111111111111112
0 0.6634604256799913 0.3550135125502021 0.004629629629629629 0.011111111111111112
0 0.2533260536440096 0.7625018563795002 0.004629629629629629 0.011111111111111112
0 0.6474162668153763 0.37095416071246473 0.004629629629629629 0.011111111111111112
0 0.5876102470165692 0.4303743352222473 0.004629629629629629 0.011111111111111112
0 0.5911436178296547 0.42686376034989143 0.004629629629629629 0.011111111111111112
0 0.5386782575752177 0.4789906344091386 0.004629629629629629 0.011111111111111112
0 0.16022727272727275 0.855 0.004629629629629629 0.011111111111111112
0 0.30569819844001794 0.7104675963886273 0.004629629629629629 0.011111111111111112
0 0.43014652316876967 0.5868221640774804 0.004629629629629629 0.011111111111111112
0 0.23861351267528694 0.7771194777290698 0.004629629629629629 0.011111111111111112
