0 0.2075981577253749 0.807934733614789 0.004629629629629629 0.011111111111111112
0 0.18674587536037082 0.8286524851258251 0.004629629629629629 0.011111111111111112
0 0.3359104183361085 0.6804502940402536 0.004629629629629629 0.011111111111111112
0 0.18112917973273698 0.8342329440074743 0.004629629629629629 0.011111111111111112
0 0.3727348752031756 0.6438634143142642 0.004629629629629629 0.011111111111111112
0 0.2503297368510799 0.7654788420963464 0.004629629629629629 0.011111111111111112
0 0.21474469469423732 0.8008343033360481 0.004629629629629629 0.011111111111111112
0 0.24054240958107395 0.7752030253194492 0.004629629629629629 0.011111111111111112
0 0.5250749754202552 0.4925061534534239 0.004629629629629629 0.011111111111111112
0 0.6141064885179186 0.40404903721445523 0.004629629629629629 0.011111111111111112
0 0.25536033575620165 0.7604806986680319 0.004629629629629629 0.011111111111111112
0 0.283413588774926 0.7326084343784607 0.004629629629629629 0.011111111111111112
0 0.6076357316327642 0.41047804728099563 0.004629629629629629 0.011111111111111112
0 0.245980307756397 0.7698002103581605 0.004629629629629629 0.011111111111111112
0 0.19704478351810326 0.8184200215368523 0.004629629629629629 0.011111111111111112
0 0.5271049754364384 0.49048925021153866 0.004629629629629629 0.011111111111111112
0 0.41264627593424147 0.6042095064911408 0.004629629629629629 0.011111111111111112
0 0.3492718041761077 0.6671751106895447 0.004629629629629629 0.011111111111111112
0 0.19076049881462892 0.8246637624680461 0.004629629629629629 0.011111111111111112
0 0.781446428538011 0.23778870971062133 0.004629629629629629 0.011111111111111112
0 0.7412866385438103 0.2776894042855047 0.004629629629629629 0.011111111111111112
0 0.4233071148690906 0.5936174471623228 0.004629629629629629 0.011111111111111112
0 0.3742538462329272 0.6423542430976079 0.004629629629629629 0.011111111111111112
0 0.8647727272727272 0.155 0.004629629629629629 0.011111111111111112
0 0.16433286583165982 0.8509208945930605 0.004629629629629629 0.011111111111111112
0 0.545865462254186 0.4718497987926153 0.004629629629629629 0.011111111111111112
0 0.5729614045255921 0.4449286690519924 0.004629629629629629 0.011111111111111112
0 0.16022727272727275 0.855 0.004629629629629629 0.011111111111111112
0 0.2613262330464429 0.7545532910377277 0.004629629629629629 0.011111111111111112
0 0.36753370067631713 0.6490310328764333 0.004629629629629629 0.011111111111111112
