0 0.362294676978328 0.6542362564215322 0.004629629629629629 0.011111111111111112
0 0.6227301504468538 0.3954810118140937 0.004629629629629629 0.011111111111111112
0 0.63626073643203 0.3820377199320477 0.004629629629629629 0.011111111111111112
0 0.5385414843860965 0.4791265251905879 0.004629629629629629 0.011111111111111112
0 0.4385403954451772 0.5784824458157596 0.004629629629629629 0.011111111111111112
0 0.3797648476580137 0.6368787965204251 0.004629629629629629 0.011111111111111112
0 0.31496898648919236 0.701256619875254 0.004629629629629629 0.011111111111111112
0 0.37585951388745803 0.6407589345892353 0.004629629629629629 0.011111111111111112
0 0.40662184655157857 0.610195068587464 0.004629629629629629 0.011111111111111112
0 0.527649262755033 0.4899484744240317 0.004629629629629629 0.011111111111111112
0 0.7192538984516782 0.2995799976673649 0.004629629629629629 0.011111111111111112
0 0.4039005330143965 0.6128988252631158 0.004629629629629629 0.011111111111111112
0 0.4123570948326372 0.6044968219082185 0.004629629629629629 0.011111111111111112
0 0.36623221431830016 0.6503241225482695 0.004629629629629629 0.011111111111111112
0 0.6085230641056316 0.4095964395337596 0.004629629629629629 0.011111111111111112
0 0.6210405374697742 0.3971597240622889 0.004629629629629629 0.011111111111111112
0 0.8647727272727272 0.155 0.004629629629629629 0.011111111111111112
0 0.2279806951731088 0.7876836964086533 0.004629629629629629 0.011111111111111112
0 0.7265059467468042 0.2923747367805945 0.004629629629629629 0.011111111111111112
0 0.7176795330820218 0.30114420584108803 0.004629629629629629 0.011111111111111112
0 0.16022727272727275 0.855 0.004629629629629629 0.011111111111111112
0 0.4368011398110076 0.5802104804458377 0.004629629629629629 0.011111111111111112
0 0.31814554781833115 0.6981005524901743 0.004629629629629629 0.011111111111111112
0 0.5010990015943547 0.5163274435772217 0.004629629629629629 0.011111111111111112
0 0.7494623802445113 0.26956640930545334 0.004629629629629629 0.011111111111111112
0 0.6614426366639896 0.3570182835725523 0.004629629629629629 0.011111111111111112
0 0.6842126076630634 0.3343952156121823 0.004629629629629629 0.011111111111111112
0 0.4693010619362578 0.5479202352375246 0.004629629629629629 0.011111111111111112
0 0.6070294814767595 0.41108038614567133 0.004629629629629629 0.011111111111111112
0 0.561542324040894 0.45627407804969244 0.004629629629629629 0.011111111111111112
