0 0.16022727272727272 0.8549999999999998 0.004629629629629629 0.011111111111111112
0 0.6692169555532747 0.3492941215793271 0.004629629629629629 0.011111111111111112
0 0.5200116494704372 0.49753681278421075 0.004629629629629629 0.011111111111111112
0 0.4386101482165149 0.5784131430623013 0.004629629629629629 0.011111111111111112
0 0.7500756672008824 0.2689570790391231 0.004629629629629629 0.011111111111111112
0 0.6173718015395523 0.40080479072844466 0.004629629629629629 0.011111111111111112
0 0.7829520462773104 0.23629280563415592 0.004629629629629629 0.011111111111111112
0 0.552996758706036 0.46476451070497043 0.004629629629629629 0.011111111111111112
0 0.7789941777942068 0.24022513948188476 0.004629629629629629 0.011111111111111112
0 0.5261626833076792 0.49142546303624113 0.004629629629629629 0.011111111111111112
0 0.6435755037347233 0.37477014467646835 0.004629629629629629 0.011111111111111112
0 0.7031752453141974 0.31555491755879733 0.004629629629629629 0.011111111111111112
0 0.7999546815336072 0.2193998647988674 0.004629629629629629 0.011111111111111112
0 0.7463141408931062 0.2726943374352363 0.004629629629629629 0.011111111111111112
0 0.4722078351241337 0.5450322154250541 0.004629629629629629 0.011111111111111112
0 0.8378546554690935 0.1817444068242553 0.004629629629629629 0.011111111111111112
0 0.7013544793451609 0.3173639366506141 0.004629629629629629 0.011111111111111112
0 0.7266824687470429 0.2921993536319701 0.004629629629629629 0.011111111111111112
0 0.8647727272727271 0.155 0.004629629629629629 0.011111111111111112
0 0.6652016568841348 0.3532835150957626 0.004629629629629629 0.011111111111111112
0 0.39060644894388474 0.6261071410493014 0.004629629629629629 0.011111111111111112
0 0.8115575847228337 0.20787181904957153 0.004629629629629629 0.011111111111111112
0 0.7883699001129683 0.23090990569421183 0.004629629629629629 0.011111111111111112
0 0.6281346562904144 0.3901113737501687 0.004629629629629629 0.011111111111111112
0 0.5531568524287229 0.46460544984501073 0.004629629629629629 0.011111111111111112
0 0.7508319952426109 0.26820563053314755 0.004629629629629629 0.011111111111111112
0 0.18016091789273428 0.835194958996896 0.004629629629629629 0.011111111111111112
0 0.5156545352220794 0.5018658166180628 0.004629629629629629 0.011111111111111112
0 0.7073935397263184 0.3113638379493352 0.004629629629629629 0.011111111111111112
0 0.8117368360862435 0.20769372414657072 0.004629629629629629 0.011111111111111112
