0 0.19736347343505112 0.8181033876838847 0.004629629629629629 0.011111111111111112
0 0.5835489453039782 0.43440943498830553 0.004629629629629629 0.011111111111111112
0 0.28841964251819585 0.727634677756115 0.004629629629629629 0.011111111111111112
0 0.622931118227041 0.3952813406002301 0.004629629629629629 0.011111111111111112
0 0.7829833291068149 0.23626172462935802 0.004629629629629629 0.011111111111111112
0 0.29404349040768485 0.7220471127562357 0.004629629629629629 0.011111111111111112
0 0.3969837145222561 0.619771019119823 0.004629629629629629 0.011111111111111112
0 0.6845511507552018 0.3340588566690253 0.004629629629629629 0.011111111111111112
0 0.39140379528209834 0.625314938881012 0.004629629629629629 0.011111111111111112
0 0.16662268052449236 0.8486458528982463 0.004629629629629629 0.011111111111111112
0 0.2724351790069713 0.7435160156962995 0.004629629629629629 0.011111111111111112
0 0.40644946632243517 0.6103663366860967 0.004629629629629629 0.011111111111111112
0 0.24928293825849684 0.7665188871496225 0.004629629629629629 0.011111111111111112
0 0.5797468509058603 0.43818699974514513 0.004629629629629629 0.011111111111111112
0 0.5773659805285605 0.4405525096683979 0.004629629629629629 0.011111111111111112
0 0.3792987859240659 0.6373418514044764 0.004629629629629629 0.011111111111111112
0 0.35212127747100774 0.6643440210933214 0.004629629629629629 0.011111111111111112
0 0.5748556499289534 0.4430466445867171 0.004629629629629629 0.011111111111111112
0 0.1782733805667481 0.8370703186627148 0.004629629629629629 0.011111111111111112
0 0.16022727272727272 0.855 0.004629629629629629 0.011111111111111112
0 0.23519193063308705 0.7805189850484167 0.004629629629629629 0.011111111111111112
0 0.16832940132484125 0.8469501431998351 0.004629629629629629 0.011111111111111112
0 0.3095070195669273 0.7066833483012464 0.004629629629629629 0.011111111111111112
0 0.2116321865012709 0.8039267308309953 0.004629629629629629 0.011111111111111112
0 0.8647727272727272 0.155 0.004629629629629629 0.011111111111111112
0 0.1636652062939521 0.8515842466498798 0.004629629629629629 0.011111111111111112
0 0.19537527049606548 0.8200787635071349 0.004629629629629629 0.011111111111111112
0 0.6199210091887499 0.39827202958020963 0.004629629629629629 0.011111111111111112
0 0.40512704523252524 0.6116802260270394 0.004629629629629629 0.011111111111111112
0 0.23829461901764848 0.7774363140082717 0.004629629629629629 0.011111111111111112
