0 0.35825666209640133 0.6582482195945433 0.004629629629629629 0.011111111111111112
0 0.6279899044446923 0.3902551917130155 0.004629629629629629 0.011111111111111112
0 0.5172732119110621 0.5002575830044931 0.004629629629629629 0.011111111111111112
0 0.7334975456347945 0.2854282449822043 0.004629629629629629 0.011111111111111112
0 0.6507725123647604 0.3676195683601735 0.004629629629629629 0.011111111111111112
0 0.836486032723296 0.1831041997458866 0.004629629629629629 0.011111111111111112
0 0.8595081514475816 0.16023061081982234 0.004629629629629629 0.011111111111111112
0 0.1602272727272729 0.855 0.004629629629629629 0.011111111111111112
0 0.6298389993281537 0.38841802647396356 0.004629629629629629 0.011111111111111112
0 0.7548248977827641 0.2642384886545441 0.004629629629629629 0.011111111111111112
0 0.8119688841522806 0.2074631731648309 0.004629629629629629 0.011111111111111112
0 0.8253133565689525 0.19420479411858912 0.004629629629629629 0.011111111111111112
0 0.6215060237559923 0.3966972409134013 0.004629629629629629 0.011111111111111112
0 0.5983936178339163 0.419660534539206 0.004629629629629629 0.011111111111111112
0 0.6487270856892473 0.3696517987345543 0.004629629629629629 0.011111111111111112
0 0.7772017561406892 0.24200599712473478 0.004629629629629629 0.011111111111111112
0 0.6745237283028149 0.3440215860733323 0.004629629629629629 0.011111111111111112
0 0.4259874726802487 0.5909543819822046 0.004629629629629629 0.011111111111111112
0 0.7711740904730356 0.24799477462679045 0.004629629629629629 0.011111111111111112
0 0.8647727272727272 0.1550000000000001 0.004629629629629629 0.011111111111111112
0 0.5773574820077996 0.44056095335999285 0.004629629629629629 0.011111111111111112
0 0.8631976616727548 0.15656490388642452 0.004629629629629629 0.011111111111111112
0 0.7473197411388641 0.27169522493299963 0.004629629629629629 0.011111111111111112
0 0.8348941454517423 0.18468581677697865 0.004629629629629629 0.011111111111111112
0 0.8540415379250207 0.16566195586804394 0.004629629629629629 0.011111111111111112
0 0.8488902300121578 0.170780029536308 0.004629629629629629 0.011111111111111112
0 0.7104582449445814 0.30831890502280307 0.004629629629629629 0.011111111111111112
0 0.46161576615116684 0.5555559484691633 0.004629629629629629 0.011111111111111112
0 0.7646054886539463 0.2545209983696276 0.004629629629629629 0.011111111111111112
0 0.5229191149276141 0.4946481051686932 0.004629629629629629 0.011111111111111112
