0 0.8323875155875483 0.18717627483559704 0.004629629629629629 0.011111111111111112
0 0.5082220542169931 0.509250346132794 0.004629629629629629 0.011111111111111112
0 0.6197894766203518 0.3984027135513925 0.004629629629629629 0.011111111111111112
0 0.47951585398445806 0.5377713450735062 0.004629629629629629 0.011111111111111112
0 0.43726524912153897 0.5797493653889226 0.004629629629629629 0.011111111111111112
0 0.6016101387922197 0.41646476532902044 0.004629629629629629 0.011111111111111112
0 0.6340747755663579 0.3842095778243927 0.004629629629629629 0.011111111111111112
0 0.1990282723234686 0.816449329433457 0.004629629629629629 0.011111111111111112
0 0.8567567958242341 0.16296421576172862 0.004629629629629629 0.011111111111111112
0 0.5810017400994458 0.4369402066108731 0.004629629629629629 0.011111111111111112
0 0.499661913054094 0.5177552605785131 0.004629629629629629 0.011111111111111112
0 0.2761735939580386 0.7398017195513681 0.004629629629629629 0.011111111111111112
0 0.17097336260330442 0.8443232397360717 0.004629629629629629 0.011111111111111112
0 0.3817351678894941 0.6349211880323737 0.004629629629629629 0.011111111111111112
0 0.5062867867017485 0.511173128051166 0.004629629629629629 0.011111111111111112
0 0.7929583598430198 0.22635104893016092 0.004629629629629629 0.011111111111111112
0 0.6100700541188049 0.40805943010131634 0.004629629629629629 0.011111111111111112
0 0.8647727272727271 0.1550000000000001 0.004629629629629629 0.011111111111111112
0 0.25720362688805026 0.758649299737034 0.004629629629629629 0.011111111111111112
0 0.3146027548894897 0.7016204886904425 0.004629629629629629 0.011111111111111112
0 0.6331397908392099 0.3851385303920108 0.004629629629629629 0.011111111111111112
0 0.22995034766834593 0.7857267513488693 0.004629629629629629 0.011111111111111112
0 0.16022727272727275 0.855 0.004629629629629629 0.011111111111111112
0 0.2227405532635692 0.7928900309510345 0.004629629629629629 0.011111111111111112
0 0.6950239076298999 0.3236536659677123 0.004629629629629629 0.011111111111111112
0 0.6800845193476974 0.338496671099707 0.004629629629629629 0.011111111111111112
0 0.7493574171411332 0.26967069522751913 0.004629629629629629 0.011111111111111112
0 0.6645833219278329 0.3538978607942823 0.004629629629629629 0.011111111111111112
0 0.5569413678771457 0.46084535062528753 0.004629629629629629 0.011111111111111112
0 0.4569695633363269 0.560172175781972 0.004629629629629629 0.011111111111111112
