0 0.5609579125747922 0.45685471911923864 0.004629629629629629 0.011111111111111112
0 0.6900245601461108 0.3286207595967671 0.004629629629629629 0.011111111111111112
0 0.542517783495495 0.47517587962383073 0.004629629629629629 0.011111111111111112
0 0.8053713610445198 0.2140181316073804 0.004629629629629629 0.011111111111111112
0 0.7918962065947482 0.2274063495768305 0.004629629629629629 0.011111111111111112
0 0.7990782135378807 0.22027067816236354 0.004629629629629629 0.011111111111111112
0 0.4575241470293067 0.5596211700483017 0.004629629629629629 0.011111111111111112
0 0.5968251820542854 0.4212188513783228 0.004629629629629629 0.011111111111111112
0 0.6557911998863517 0.36263325946775365 0.004629629629629629 0.011111111111111112
0 0.6754939253440881 0.34305764836780905 0.004629629629629629 0.011111111111111112
0 0.39270718041813213 0.6240199626813396 0.004629629629629629 0.011111111111111112
0 0.7855563041005824 0.23370534947425994 0.004629629629629629 0.011111111111111112
0 0.862003139401396 0.1577517195624839 0.004629629629629629 0.011111111111111112
0 0.593618901605701 0.42440444614659373 0.004629629629629629 0.011111111111111112
0 0.664140039876419 0.3543382829614934 0.004629629629629629 0.011111111111111112
0 0.8647727272727272 0.155 0.004629629629629629 0.011111111111111112
0 0.8113343749563385 0.20809358875305725 0.004629629629629629 0.011111111111111112
0 0.7887567652444695 0.23052553646678506 0.004629629629629629 0.011111111111111112
0 0.7956914249741551 0.2236356164772908 0.004629629629629629 0.011111111111111112
0 0.7837215814899922 0.2355282351647818 0.004629629629629629 0.011111111111111112
0 0.452978956950975 0.5641370363196764 0.004629629629629629 0.011111111111111112
0 0.6488907127380501 0.36948922734413076 0.004629629629629629 0.011111111111111112
0 0.16022727272727272 0.8549999999999999 0.004629629629629629 0.011111111111111112
0 0.7079230388377723 0.310837754961181 0.004629629629629629 0.011111111111111112
0 0.5817137283961062 0.43623281178709433 0.004629629629629629 0.011111111111111112
0 0.7516096080206317 0.2674330346117595 0.004629629629629629 0.011111111111111112
0 0.543848144520253 0.47385410157342595 0.004629629629629629 0.011111111111111112
0 0.6426006836196255 0.3757386756295333 0.004629629629629629 0.011111111111111112
0 0.7635401034024621 0.25557951016787617 0.004629629629629629 0.011111111111111112
0 0.43955739291538254 0.5774720096195554 0.004629629629629629 0.011111111111111112
