0 0.357447360686813 0.6590522997047149 0.004629629629629629 0.011111111111111112
0 0.7957639348564383 0.22356357440069996 0.004629629629629629 0.011111111111111112
0 0.48616628324830347 0.5311638218049114 0.004629629629629629 0.011111111111111112
0 0.32223700748732004 0.6940354893351788 0.004629629629629629 0.011111111111111112
0 0.16022727272727275 0.855 0.004629629629629629 0.011111111111111112
0 0.5104904158860513 0.5069966190551491 0.004629629629629629 0.011111111111111112
0 0.21004565144391515 0.8055030301783037 0.004629629629629629 0.011111111111111112
0 0.634478998612906 0.38380796266846756 0.004629629629629629 0.011111111111111112
0 0.5936444814944607 0.42437903128937465 0.004629629629629629 0.011111111111111112
0 0.8647727272727271 0.1550000000000001 0.004629629629629629 0.011111111111111112
0 0.3933719614643549 0.6233594705450926 0.004629629629629629 0.011111111111111112
0 0.8007699294974819 0.218589876499276 0.004629629629629629 0.011111111111111112
0 0.7453943724088452 0.2736081719292764 0.004629629629629629 0.011111111111111112
0 0.16318714359376837 0.8520592250745785 0.004629629629629629 0.011111111111111112
0 0.7290137505895234 0.28988311231750585 0.004629629629629629 0.011111111111111112
0 0.47637992944216884 0.5408870378445549 0.004629629629629629 0.011111111111111112
0 0.6963775176495307 0.3223087889159501 0.004629629629629629 0.011111111111111112
0 0.6952629027960207 0.32341621270588905 0.004629629629629629 0.011111111111111112
0 0.7342253127459308 0.2847051731427525 0.004629629629629629 0.011111111111111112
0 0.4831777842012811 0.5341330402129209 0.004629629629629629 0.011111111111111112
0 0.6381733786583488 0.3801374173329955 0.004629629629629629 0.011111111111111112
0 0.2079967703336046 0.8075386927008058 0.004629629629629629 0.011111111111111112
0 0.8247244906180339 0.1947898609343406 0.004629629629629629 0.011111111111111112
0 0.592467252045683 0.4255486657094506 0.004629629629629629 0.011111111111111112
0 0.8296907870024027 0.18985560517180647 0.004629629629629629 0.011111111111111112
0 0.38590753153246043 0.6307757428645232 0.004629629629629629 0.011111111111111112
0 0.20697132531038764 0.8085575219496794 0.004629629629629629 0.011111111111111112
0 0.5927658921750668 0.4252519522905787 0.004629629629629629 0.011111111111111112
0 0.2585193984246219 0.7573420170490853 0.004629629629629629 0.011111111111111112
0 0.3548433941462854 0.66163946646111 0.004629629629629629 0.011111111111111112
