0 0.23321763274033733 0.7824805455354068 0.004629629629629629 0.011111111111111112
0 0.41432209134632614 0.602544502791392 0.004629629629629629 0.011111111111111112
0 0.2628007220748961 0.7530883148417161 0.004629629629629629 0.011111111111111112
0 0.24492878839247928 0.7708449457261819 0.004629629629629629 0.011111111111111112
0 0.21345958758188477 0.8021111194347726 0.004629629629629629 0.011111111111111112
0 0.21223318849657233 0.8033296062679217 0.004629629629629629 0.011111111111111112
0 0.22360277974267234 0.7920333672234094 0.004629629629629629 0.011111111111111112
0 0.20134150579698998 0.8141510200468615 0.004629629629629629 0.011111111111111112
0 0.3825982216971173 0.6340637023138319 0.004629629629629629 0.011111111111111112
0 0.5981744307585466 0.41987830750441185 0.004629629629629629 0.011111111111111112
0 0.20328582179459023 0.8122192480234394 0.004629629629629629 0.011111111111111112
0 0.39583147745578373 0.6209158223987697 0.004629629629629629 0.011111111111111112
0 0.6835838445716278 0.3350199221675441 0.004629629629629629 0.011111111111111112
0 0.23774233235484815 0.7779850375313122 0.004629629629629629 0.011111111111111112
0 0.18855205034834996 0.8268579628797039 0.004629629629629629 0.011111111111111112
0 0.16424104596466071 0.851012122073821 0.004629629629629629 0.011111111111111112
0 0.16022727272727275 0.855 0.004629629629629629 0.011111111111111112
0 0.18334069943886738 0.8320356921704156 0.004629629629629629 0.011111111111111112
0 0.3047257122445314 0.7114338084796269 0.004629629629629629 0.011111111111111112
0 0.6419998105926182 0.3763356720563664 0.004629629629629629 0.011111111111111112
0 0.2370686989771994 0.7786543248871697 0.004629629629629629 0.011111111111111112
0 0.36846140085467616 0.6481093178605154 0.004629629629629629 0.011111111111111112
0 0.22612898455140615 0.7895234605102158 0.004629629629629629 0.011111111111111112
0 0.7112268836196379 0.3075552253069405 0.004629629629629629 0.011111111111111112
0 0.18239084896335497 0.8329794145783441 0.004629629629629629 0.011111111111111112
0 0.8647727272727272 0.155 0.004629629629629629 0.011111111111111112
0 0.5229796872116178 0.4945879236736184 0.004629629629629629 0.011111111111111112
0 0.165950433119171 0.8493137632235335 0.004629629629629629 0.011111111111111112
0 0.20281193297010458 0.8126900795006703 0.004629629629629629 0.011111111111111112
0 0.2986905613444231 0.7174300229223152 0.004629629629629629 0.011111111111111112
