0 0.31510430976376164 0.7011221696540691 0.004629629629629629 0.011111111111111112
0 0.5610209032739056 0.4567921348117325 0.004629629629629629 0.011111111111111112
0 0.20564165938139778 0.8098786093888047 0.004629629629629629 0.011111111111111112
0 0.4638455843409337 0.5533405162032015 0.004629629629629629 0.011111111111111112
0 0.25142996895175995 0.7643857082672837 0.004629629629629629 0.011111111111111112
0 0.3433879603773907 0.6730209942056893 0.004629629629629629 0.011111111111111112
0 0.5133332072819792 0.5041721682488725 0.004629629629629629 0.011111111111111112
0 0.262179942675814 0.7537050892124171 0.004629629629629629 0.011111111111111112
0 0.33458874403273936 0.6817634414126331 0.004629629629629629 0.011111111111111112
0 0.6795157138537612 0.33906180688077936 0.004629629629629629 0.011111111111111112
0 0.4563324437872588 0.5608051848823365 0.004629629629629629 0.011111111111111112
0 0.20492411600281296 0.8105915234552696 0.004629629629629629 0.011111111111111112
0 0.3358557336415575 0.6805046259303236 0.004629629629629629 0.011111111111111112
0 0.8647727272727272 0.155 0.004629629629629629 0.011111111111111112
0 0.41930466427608 0.5975940754934431 0.004629629629629629 0.011111111111111112
0 0.16022727272727275 0.855 0.004629629629629629 0.011111111111111112
0 0.41096654423156187 0.6058784012150934 0.004629629629629629 0.011111111111111112
0 0.16315163723574203 0.8520945023593273 0.004629629629629629 0.011111111111111112
0 0.23268044517981235 0.7830142673697349 0.004629629629629629 0.011111111111111112
0 0.36213058459702824 0.6543992901423076 0.004629629629629629 0.011111111111111112
0 0.3785180293351812 0.638117570854078 0.004629629629629629 0.011111111111111112
0 0.2539085602937984 0.7619231078371295 0.004629629629629629 0.011111111111111112
0 0.3123458255269732 0.7038628572183622 0.004629629629629629 0.011111111111111112
0 0.32466309431816776 0.6916250546774334 0.004629629629629629 0.011111111111111112
0 0.1651195833958107 0.8501392526260978 0.004629629629629629 0.011111111111111112
0 0.40614545104821337 0.6106683905714526 0.004629629629629629 0.011111111111111112
0 0.17701587841203265 0.8383197079003031 0.004629629629629629 0.011111111111111112
0 0.26217598504454537 0.7537090213105807 0.004629629629629629 0.011111111111111112
0 0.45885030682090566 0.558303566126326 0.004629629629629629 0.011111111111111112
0 0.40337962861122545 0.6134163689927179 0.004629629629629629 0.011111111111111112
