0 0.521309578567797 0.49624725742296305 0.004629629629629629 0.011111111111111112
0 0.23115041134969316 0.7845344300138533 0.004629629629629629 0.011111111111111112
0 0.3825449724336616 0.6341166080336524 0.004629629629629629 0.011111111111111112
0 0.548901207992917 0.4688336385102631 0.004629629629629629 0.011111111111111112
0 0.17392041820122947 0.8413951974000689 0.004629629629629629 0.011111111111111112
0 0.16022727272727275 0.855 0.004629629629629629 0.011111111111111112
0 0.8647727272727272 0.1549999999999999 0.004629629629629629 0.011111111111111112
0 0.27719493513284627 0.7387869676744624 0.004629629629629629 0.011111111111111112
0 0.2503791676207747 0.7654297302348432 0.004629629629629629 0.011111111111111112
0 0.6180861651769424 0.4000950358887153 0.004629629629629629 0.011111111111111112
0 0.6388138151795846 0.37950111266028363 0.004629629629629629 0.011111111111111112
0 0.8182979793399354 0.20117491084935443 0.004629629629629629 0.011111111111111112
0 0.317344285064678 0.6988966458067071 0.004629629629629629 0.011111111111111112
0 0.34930104925634897 0.6671460542872404 0.004629629629629629 0.011111111111111112
0 0.2247945014450371 0.7908493340481567 0.004629629629629629 0.011111111111111112
0 0.7901369950034078 0.22915421141596892 0.004629629629629629 0.011111111111111112
0 0.6780958978679197 0.3404724627634862 0.004629629629629629 0.011111111111111112
0 0.3582794914923003 0.6582255374850695 0.004629629629629629 0.011111111111111112
0 0.2887787857562848 0.7272778515711751 0.004629629629629629 0.011111111111111112
0 0.17500623494100795 0.8403163859295791 0.004629629629629629 0.011111111111111112
0 0.29061769290889783 0.7254508083356757 0.004629629629629629 0.011111111111111112
0 0.5669759019888091 0.4508755554433768 0.004629629629629629 0.011111111111111112
0 0.8470757958441812 0.17258275767739406 0.004629629629629629 0.011111111111111112
0 0.623778686963328 0.39443924004933856 0.004629629629629629 0.011111111111111112
0 0.45904187922892825 0.5581132296693229 0.004629629629629629 0.011111111111111112
0 0.2301428262966686 0.7855355145181486 0.004629629629629629 0.011111111111111112
0 0.5225218875824336 0.495042769756808 0.004629629629629629 0.011111111111111112
0 0.6842348846604899 0.3343730823373196 0.004629629629629629 0.011111111111111112
0 0.2237621221603655 0.7918750528213143 0.004629629629629629 0.011111111111111112
0 0.8518727083931471 0.1678167929513247 0.004629629629629629 0.011111111111111112
