0 0.7326323969558768 0.2862878120567418 0.004629629629629629 0.011111111111111112
0 0.49606011981389647 0.5213338164429674 0.004629629629629629 0.011111111111111112
0 0.7410046243841542 0.27796959899896934 0.004629629629629629 0.011111111111111112
0 0.7701122290014916 0.24904978537916328 0.004629629629629629 0.011111111111111112
0 0.7343860973528611 0.28454542585586706 0.004629629629629629 0.011111111111111112
0 0.8647727272727272 0.155 0.004629629629629629 0.011111111111111112
0 0.22801381209913765 0.7876507931402116 0.004629629629629629 0.011111111111111112
0 0.16854984330978914 0.8467311234212418 0.004629629629629629 0.011111111111111112
0 0.6960859997492658 0.3225984260555681 0.004629629629629629 0.011111111111111112
0 0.28925330594149307 0.7268063928065167 0.004629629629629629 0.011111111111111112
0 0.5637136204885955 0.45411678996616966 0.004629629629629629 0.011111111111111112
0 0.3585840809422539 0.6579229131283413 0.004629629629629629 0.011111111111111112
0 0.581213726037218 0.4367295883243123 0.004629629629629629 0.011111111111111112
0 0.2615690780480046 0.7543120127781114 0.004629629629629629 0.011111111111111112
0 0.7378901295239259 0.2810640003439703 0.004629629629629629 0.011111111111111112
0 0.20781622664038604 0.8077180715960036 0.004629629629629629 0.011111111111111112
0 0.43711895063003037 0.5798947200191956 0.004629629629629629 0.011111111111111112
0 0.5736959678914618 0.44419884480461225 0.004629629629629629 0.011111111111111112
0 0.47552231280160945 0.5417391214745301 0.004629629629629629 0.011111111111111112
0 0.4212008328549879 0.5957101402602055 0.004629629629629629 0.011111111111111112
0 0.23375982757297223 0.7819418487339502 0.004629629629629629 0.011111111111111112
0 0.42537765381346254 0.5915602665337211 0.004629629629629629 0.011111111111111112
0 0.16022727272727272 0.855 0.004629629629629629 0.011111111111111112
0 0.6174587758071984 0.40071837758510603 0.004629629629629629 0.011111111111111112
0 0.16354960622918535 0.8516991009077771 0.004629629629629629 0.011111111111111112
0 0.219246842339395 0.7963612018047301 0.004629629629629629 0.011111111111111112
0 0.19019309872511067 0.8252275019118256 0.004629629629629629 0.011111111111111112
0 0.36486424585347343 0.6516832654100975 0.004629629629629629 0.011111111111111112
0 0.20974328008550303 0.8058034507537583 0.004629629629629629 0.011111111111111112
0 0.5536171012217126 0.4641481703990727 0.004629629629629629 0.011111111111111112
