0 0.38731918203504334 0.6293731997845375 0.004629629629629629 0.011111111111111112
0 0.37738753616130993 0.6392407705236016 0.004629629629629629 0.011111111111111112
0 0.1940142440378152 0.8214310091495256 0.004629629629629629 0.011111111111111112
0 0.20749663753864928 0.8080355988325677 0.004629629629629629 0.011111111111111112
0 0.2520340564546408 0.7637855181031311 0.004629629629629629 0.011111111111111112
0 0.8647727272727271 0.15500000000000022 0.004629629629629629 0.011111111111111112
0 0.3119905995501591 0.7042157914146806 0.004629629629629629 0.011111111111111112
0 0.1983107481185574 0.8171622244499495 0.004629629629629629 0.011111111111111112
0 0.421633032948565 0.595280728554329 0.004629629629629629 0.011111111111111112
0 0.3199291707291394 0.6963284368239518 0.004629629629629629 0.011111111111111112
0 0.18108474988194279 0.8342770872140698 0.004629629629629629 0.011111111111111112
0 0.20218693424029288 0.8133110459806122 0.004629629629629629 0.011111111111111112
0 0.3585491971812036 0.6579575718328686 0.004629629629629629 0.011111111111111112
0 0.18045126841760692 0.8349064817012163 0.004629629629629629 0.011111111111111112
0 0.19569094185958213 0.8197651287330604 0.004629629629629629 0.011111111111111112
0 0.16942044017656802 0.8458661433084421 0.004629629629629629 0.011111111111111112
0 0.24840436089805995 0.7673917962690243 0.004629629629629629 0.011111111111111112
0 0.2886755822805206 0.7273803892180635 0.004629629629629629 0.011111111111111112
0 0.6002776712481498 0.41778863630828983 0.004629629629629629 0.011111111111111112
0 0.3502260438626017 0.6662270273881247 0.004629629629629629 0.011111111111111112
0 0.18058195323527135 0.8347766400114078 0.004629629629629629 0.011111111111111112
0 0.16300996975859372 0.8522352558527521 0.004629629629629629 0.011111111111111112
0 0.20605692833941366 0.8094660195853567 0.004629629629629629 0.011111111111111112
0 0.2825874780222372 0.7334292153843579 0.004629629629629629 0.011111111111111112
0 0.19210361727185418 0.8233293092911901 0.004629629629629629 0.011111111111111112
0 0.24605148838262086 0.7697294889617831 0.004629629629629629 0.011111111111111112
0 0.16022727272727272 0.855 0.004629629629629629 0.011111111111111112
0 0.28529360315594166 0.7307405491224838 0.004629629629629629 0.011111111111111112
0 0.2162707523360847 0.7993180912273739 0.004629629629629629 0.011111111111111112
0 0.43360595177788996 0.5833850543626125 0.004629629629629629 0.011111111111111112
