0 0.3040233609068264 0.7121316285183789 0.004629629629629629 0.011111111111111112
0 0.6326147358716233 0.3856601979081936 0.004629629629629629 0.011111111111111112
0 0.4300307058937912 0.5869372341442332 0.004629629629629629 0.011111111111111112
0 0.567329429758461 0.45052430849804526 0.004629629629629629 0.011111111111111112
0 0.6460471016686401 0.3723144925356737 0.004629629629629629 0.011111111111111112
0 0.5480824960565587 0.46964706843412884 0.004629629629629629 0.011111111111111112
0 0.5090123261853347 0.5084651726932803 0.004629629629629629 0.011111111111111112
0 0.8647727272727272 0.155 0.004629629629629629 0.011111111111111112
0 0.3217537857881887 0.694515593474961 0.004629629629629629 0.011111111111111112
0 0.48914523467814985 0.528204089416548 0.004629629629629629 0.011111111111111112
0 0.42787457939254275 0.5890794501519252 0.004629629629629629 0.011111111111111112
0 0.16022727272727272 0.855 0.004629629629629629 0.011111111111111112
0 0.46279751654197676 0.554381822274423 0.004629629629629629 0.011111111111111112
0 0.8118215650211442 0.2076095418499599 0.004629629629629629 0.011111111111111112
0 0.6645971381968093 0.35388413366252497 0.004629629629629629 0.011111111111111112
0 0.4703121889112259 0.5469156316623949 0.004629629629629629 0.011111111111111112
0 0.4004903580041406 0.6162869991442731 0.004629629629629629 0.011111111111111112
0 0.6932365684133185 0.32542947396354155 0.004629629629629629 0.011111111111111112
0 0.5280117699684692 0.48958830596681124 0.004629629629629629 0.011111111111111112
0 0.3658995410724809 0.6506546495150836 0.004629629629629629 0.011111111111111112
0 0.5326419118900363 0.48498803592860906 0.004629629629629629 0.011111111111111112
0 0.455750197444467 0.5613836747971102 0.004629629629629629 0.011111111111111112
0 0.6730291773257703 0.3455064947860089 0.004629629629629629 0.011111111111111112
0 0.5328651158876146 0.4847662719568216 0.004629629629629629 0.011111111111111112
0 0.4092396185718219 0.6075941854189642 0.004629629629629629 0.011111111111111112
0 0.5875088390112453 0.43047508898237563 0.004629629629629629 0.011111111111111112
0 0.6574505936811467 0.36098457143937684 0.004629629629629629 0.011111111111111112
0 0.43494204387755425 0.5820575822119783 0.004629629629629629 0.011111111111111112
0 0.3069980201648689 0.7091761606103882 0.004629629629629629 0.011111111111111112
0 0.5243864118738403 0.49319027465437804 0.004629629629629629 0.011111111111111112
