0 0.8647727272727275 0.1549999999999999 0.004629629629629629 0.011111111111111112
0 0.23333135386788403 0.782367558092554 0.004629629629629629 0.011111111111111112
0 0.43779683533814423 0.5792212087608116 0.004629629629629629 0.011111111111111112
0 0.2626565814733856 0.7532315255038621 0.004629629629629629 0.011111111111111112
0 0.3025823121429276 0.7135633801934784 0.004629629629629629 0.011111111111111112
0 0.5059322758810856 0.511525351705244 0.004629629629629629 0.011111111111111112
0 0.36321101971531733 0.6533258255731687 0.004629629629629629 0.011111111111111112
0 0.37609552940595253 0.6405244417515052 0.004629629629629629 0.011111111111111112
0 0.3349836450109651 0.681371088182654 0.004629629629629629 0.011111111111111112
0 0.22414812152970442 0.7914915437704871 0.004629629629629629 0.011111111111111112
0 0.17411640646611626 0.8412004735756007 0.004629629629629629 0.011111111111111112
0 0.21336442870014602 0.802205664388242 0.004629629629629629 0.011111111111111112
0 0.7675248521733828 0.2516204694535422 0.004629629629629629 0.011111111111111112
0 0.2982708558348718 0.7178470206543854 0.004629629629629629 0.011111111111111112
0 0.16022727272727275 0.855 0.004629629629629629 0.011111111111111112
0 0.3906738667625571 0.6260401581842983 0.004629629629629629 0.011111111111111112
0 0.1725622638370438 0.842744589478034 0.004629629629629629 0.011111111111111112
0 0.36151678857323144 0.6550091261917571 0.004629629629629629 0.011111111111111112
0 0.5788461397658736 0.43908189984551915 0.004629629629629629 0.011111111111111112
0 0.3765462049917451 0.6400766737501372 0.004629629629629629 0.011111111111111112
0 0.23594410586329378 0.7797716625616307 0.004629629629629629 0.011111111111111112
0 0.5473476111068547 0.4703772121906089 0.004629629629629629 0.011111111111111112
0 0.2671783499587958 0.7487389297183576 0.004629629629629629 0.011111111111111112
0 0.561180121716341 0.45663394358505477 0.004629629629629629 0.011111111111111112
0 0.3896340408699358 0.6270732755227735 0.004629629629629629 0.011111111111111112
0 0.2008485519451642 0.8146407935512563 0.004629629629629629 0.011111111111111112
0 0.4505261943188351 0.5665739746767704 0.004629629629629629 0.011111111111111112
0 0.4029562441027415 0.6138370219882441 0.004629629629629629 0.011111111111111112
0 0.5709838830219691 0.44689343235236617 0.004629629629629629 0.011111111111111112
0 0.37680670589244203 0.6398178535004124 0.004629629629629629 0.011111111111111112
