0 0.6981697565396231 0.3205281128574067 0.004629629629629629 0.011111111111111112
0 0.7117014445093534 0.3070837261003843 0.004629629629629629 0.011111111111111112
0 0.7912014441651875 0.22809662966813618 0.004629629629629629 0.011111111111111112
0 0.73310288414181 0.2858203602720081 0.004629629629629629 0.011111111111111112
0 0.5285019326782561 0.48910130559708737 0.004629629629629629 0.011111111111111112
0 0.40865186462440345 0.6081781474054314 0.004629629629629629 0.011111111111111112
0 0.7791969856829045 0.24002364003117863 0.004629629629629629 0.011111111111111112
0 0.7581327357438854 0.2609519915834945 0.004629629629629629 0.011111111111111112
0 0.2816809051746014 0.7343299393749121 0.004629629629629629 0.011111111111111112
0 0.8569067540388825 0.16281522501943288 0.004629629629629629 0.011111111111111112
0 0.839470063043081 0.18013942123461618 0.004629629629629629 0.011111111111111112
0 0.7808133870511053 0.23841766705890188 0.004629629629629629 0.011111111111111112
0 0.82612602782076 0.19339736590711606 0.004629629629629629 0.011111111111111112
0 0.6453677651173159 0.37298944627053776 0.004629629629629629 0.011111111111111112
0 0.32518319885177815 0.691108305656943 0.004629629629629629 0.011111111111111112
0 0.7713117874162134 0.24785796605098778 0.004629629629629629 0.011111111111111112
0 0.8254745129978992 0.19404467740853887 0.004629629629629629 0.011111111111111112
0 0.3698970217300407 0.6466829590553145 0.004629629629629629 0.011111111111111112
0 0.7041156334758326 0.31462059641756 0.004629629629629629 0.011111111111111112
0 0.8022281480663955 0.21714106579209727 0.004629629629629629 0.011111111111111112
0 0.5149986292437677 0.5025174909449017 0.004629629629629629 0.011111111111111112
0 0.6929225398160124 0.3257414765698974 0.004629629629629629 0.011111111111111112
0 0.7343980604490177 0.28453353994097585 0.004629629629629629 0.011111111111111112
0 0.7330156241562512 0.28590705728991805 0.004629629629629629 0.011111111111111112
0 0.8647727272727271 0.1550000000000001 0.004629629629629629 0.011111111111111112
0 0.4765834424275554 0.5406848378461707 0.004629629629629629 0.011111111111111112
0 0.6963754466489017 0.3223108465552847 0.004629629629629629 0.011111111111111112
0 0.8281503529050608 0.19138610098464925 0.004629629629629629 0.011111111111111112
0 0.7633793117567954 0.25573926444808703 0.004629629629629629 0.011111111111111112
0 0.16022727272727272 0.855 0.004629629629629629 0.011111111111111112
