0 0.48505046882669983 0.532272437423795 0.004629629629629629 0.011111111111111112
0 0.3782555652295312 0.6383783416429175 0.004629629629629629 0.011111111111111112
0 0.3055575683951154 0.7106073191429176 0.004629629629629629 0.011111111111111112
0 0.47624139561283585 0.541024677907247 0.004629629629629629 0.011111111111111112
0 0.22194237608223838 0.7936830586021631 0.004629629629629629 0.011111111111111112
0 0.165768518000842 0.8494945046959376 0.004629629629629629 0.011111111111111112
0 0.19776697078740774 0.8177024935402529 0.004629629629629629 0.011111111111111112
0 0.19785646126775827 0.8176135804178402 0.004629629629629629 0.011111111111111112
0 0.4144216262451035 0.602445610053252 0.004629629629629629 0.011111111111111112
0 0.20639233960423234 0.8091327722641821 0.004629629629629629 0.011111111111111112
0 0.7209026220307055 0.2979419110146538 0.004629629629629629 0.011111111111111112
0 0.6487385280918401 0.36964043015391373 0.004629629629629629 0.011111111111111112
0 0.31348290656833244 0.7027331121837214 0.004629629629629629 0.011111111111111112
0 0.16746616182730117 0.8478078134102943 0.004629629629629629 0.011111111111111112
0 0.2773705258070491 0.738612509843319 0.004629629629629629 0.011111111111111112
0 0.16022727272727275 0.855 0.004629629629629629 0.011111111111111112
0 0.1736018861042564 0.8417116744512549 0.004629629629629629 0.011111111111111112
0 0.4683156688917732 0.5488992709075287 0.004629629629629629 0.011111111111111112
0 0.21110402042938556 0.8044514893798362 0.004629629629629629 0.011111111111111112
0 0.8647727272727272 0.155 0.004629629629629629 0.011111111111111112
0 0.24001476096230026 0.7757272697535854 0.004629629629629629 0.011111111111111112
0 0.20938806634617205 0.8061563727915452 0.004629629629629629 0.011111111111111112
0 0.8442168068512823 0.17542330158001618 0.004629629629629629 0.011111111111111112
0 0.19119837272256512 0.8242287135530644 0.004629629629629629 0.011111111111111112
0 0.3729048006045938 0.6436945852057584 0.004629629629629629 0.011111111111111112
0 0.7532080939515416 0.265844861493307 0.004629629629629629 0.011111111111111112
0 0.18777921741337822 0.8276258097957403 0.004629629629629629 0.011111111111111112
0 0.21395269487010873 0.801621193483892 0.004629629629629629 0.011111111111111112
0 0.2733667150593584 0.7425904895539278 0.004629629629629629 0.011111111111111112
0 0.17427387026759955 0.8410440256696108 0.004629629629629629 0.011111111111111112
