0 0.3165954771527374 0.6996406226998609 0.004629629629629629 0.011111111111111112
0 0.4185324887573397 0.5983612692346431 0.004629629629629629 0.011111111111111112
0 0.8274329310609951 0.1920988943006887 0.004629629629629629 0.011111111111111112
0 0.3828574312441008 0.6338061650865061 0.004629629629629629 0.011111111111111112
0 0.16022727272727272 0.855 0.004629629629629629 0.011111111111111112
0 0.8244772501906001 0.1950355062622425 0.004629629629629629 0.011111111111111112
0 0.8547083070234006 0.16499948850578267 0.004629629629629629 0.011111111111111112
0 0.6807970551930094 0.33778873225984873 0.004629629629629629 0.011111111111111112
0 0.36816850928089945 0.6484003198112354 0.004629629629629629 0.011111111111111112
0 0.826140490948263 0.19338299609011278 0.004629629629629629 0.011111111111111112
0 0.5745785815500641 0.44332192542767823 0.004629629629629629 0.011111111111111112
0 0.4325674409941967 0.5844168650767336 0.004629629629629629 0.011111111111111112
0 0.5902796686007881 0.4277221357127653 0.004629629629629629 0.011111111111111112
0 0.36211272047591336 0.654417039011028 0.004629629629629629 0.011111111111111112
0 0.8023212114856179 0.21704860278203114 0.004629629629629629 0.011111111111111112
0 0.6590557110918223 0.359389809624899 0.004629629629629629 0.011111111111111112
0 0.8304299677915203 0.18912119329100552 0.004629629629629629 0.011111111111111112
0 0.8647727272727275 0.15499999999999978 0.004629629629629629 0.011111111111111112
0 0.8139392234754358 0.20550554570827648 0.004629629629629629 0.011111111111111112
0 0.8469431266391544 0.17271457095206574 0.004629629629629629 0.011111111111111112
0 0.35199592490681947 0.6644685649312889 0.004629629629629629 0.011111111111111112
0 0.5802374939430972 0.43769952214685826 0.004629629629629629 0.011111111111111112
0 0.8463860477616862 0.17326805577225993 0.004629629629629629 0.011111111111111112
0 0.5961071825661954 0.4219322186116508 0.004629629629629629 0.011111111111111112
0 0.5074405920221059 0.510026766636101 0.004629629629629629 0.011111111111111112
0 0.37039378335943574 0.6461894023396574 0.004629629629629629 0.011111111111111112
0 0.8426723916158495 0.17695775284618823 0.004629629629629629 0.011111111111111112
0 0.7620029433525969 0.2571067530561293 0.004629629629629629 0.011111111111111112
0 0.8350010773833122 0.18457957472883824 0.004629629629629629 0.011111111111111112
0 0.6389779342009586 0.3793380524713054 0.004629629629629629 0.011111111111111112
