0 0.7836697063920709 0.23557977558465212 0.004629629629629629 0.011111111111111112
0 0.8608738937900821 0.15887367971824107 0.004629629629629629 0.011111111111111112
0 0.7052091943183204 0.3135340908063139 0.004629629629629629 0.011111111111111112
0 0.7791710629715208 0.24004939549926313 0.004629629629629629 0.011111111111111112
0 0.6722097760509844 0.3463206096009575 0.004629629629629629 0.011111111111111112
0 0.529179285327866 0.4884283229645717 0.004629629629629629 0.011111111111111112
0 0.8181609811979178 0.20131102513239135 0.004629629629629629 0.011111111111111112
0 0.7838402287920767 0.2354103533291626 0.004629629629629629 0.011111111111111112
0 0.1602272727272726 0.8550000000000001 0.004629629629629629 0.011111111111111112
0 0.7877710401006346 0.23150490209356314 0.004629629629629629 0.011111111111111112
0 0.6359869804937326 0.382309709703001 0.004629629629629629 0.011111111111111112
0 0.33508340308063805 0.6812719737134306 0.004629629629629629 0.011111111111111112
0 0.7648071914234993 0.2543205969082652 0.004629629629629629 0.011111111111111112
0 0.7846311386089195 0.2346245461562993 0.004629629629629629 0.011111111111111112
0 0.5024123544232187 0.5150225639924151 0.004629629629629629 0.011111111111111112
0 0.5541105587844922 0.46365789643347216 0.004629629629629629 0.011111111111111112
0 0.8236421520147146 0.19586521670796095 0.004629629629629629 0.011111111111111112
0 0.5500871995802757 0.4676552984815323 0.004629629629629629 0.011111111111111112
0 0.467470828277168 0.5497386609375234 0.004629629629629629 0.011111111111111112
0 0.7329192909426244 0.28600276899894095 0.004629629629629629 0.011111111111111112
0 0.8376163223652149 0.1819812022952059 0.004629629629629629 0.011111111111111112
0 0.833460390142662 0.18611032205180675 0.004629629629629629 0.011111111111111112
0 0.5132128409680947 0.504291758005893 0.004629629629629629 0.011111111111111112
0 0.7245067145966485 0.2943610706588137 0.004629629629629629 0.011111111111111112
0 0.7575027848570282 0.26157787827108164 0.004629629629629629 0.011111111111111112
0 0.5160842477946873 0.5014388763846334 0.004629629629629629 0.011111111111111112
0 0.8647727272727271 0.1550000000000001 0.004629629629629629 0.011111111111111112
0 0.40852498618363997 0.6083042072756093 0.004629629629629629 0.011111111111111112
0 0.6680890771922983 0.3504147233057164 0.004629629629629629 0.011111111111111112
0 0.6813137611099395 0.3372753599294796 0.004629629629629629 0.011111111111111112
