0 0.8647727272727272 0.155 0.004629629629629629 0.011111111111111112
0 0.4831367792221995 0.5341737806437502 0.004629629629629629 0.011111111111111112
0 0.21964973827187179 0.7959609052008499 0.004629629629629629 0.011111111111111112
0 0.29316720837625365 0.7229177413552061 0.004629629629629629 0.011111111111111112
0 0.4668642084422677 0.5503413670960696 0.004629629629629629 0.011111111111111112
0 0.4151977201643775 0.6016745231915216 0.004629629629629629 0.011111111111111112
0 0.41122377009119976 0.6056228348771305 0.004629629629629629 0.011111111111111112
0 0.20122759390480943 0.8142641970236086 0.004629629629629629 0.011111111111111112
0 0.4862084910053172 0.5311218863560075 0.004629629629629629 0.011111111111111112
0 0.4095885641266028 0.6072474911258269 0.004629629629629629 0.011111111111111112
0 0.2579817358443315 0.7578762108385352 0.004629629629629629 0.011111111111111112
0 0.16022727272727275 0.855 0.004629629629629629 0.011111111111111112
0 0.19238403996867529 0.8230506957730581 0.004629629629629629 0.011111111111111112
0 0.5880625747653938 0.42992492571696356 0.004629629629629629 0.011111111111111112
0 0.7920230794567882 0.22728029524938462 0.004629629629629629 0.011111111111111112
0 0.4332542977635806 0.5837344396413457 0.004629629629629629 0.011111111111111112
0 0.2878909332354636 0.7281599760112167 0.004629629629629629 0.011111111111111112
0 0.6855276671219371 0.33308864040788183 0.004629629629629629 0.011111111111111112
0 0.39387395611503345 0.6228607145695797 0.004629629629629629 0.011111111111111112
0 0.38387243460305936 0.6327977101363151 0.004629629629629629 0.011111111111111112
0 0.20128220568371344 0.8142099375787621 0.004629629629629629 0.011111111111111112
0 0.17668003569255522 0.8386533838925581 0.004629629629629629 0.011111111111111112
0 0.375824465612323 0.6407937567464661 0.004629629629629629 0.011111111111111112
0 0.28934670619973946 0.7267135951305814 0.004629629629629629 0.011111111111111112
0 0.2508216253473713 0.7649901270742246 0.004629629629629629 0.011111111111111112
0 0.5721025595728786 0.4457819730695271 0.004629629629629629 0.011111111111111112
0 0.4430719229372977 0.5739801539848784 0.004629629629629629 0.011111111111111112
0 0.5045308843096101 0.5129177020407745 0.004629629629629629 0.011111111111111112
0 0.2001098657093689 0.8153747140694013 0.004629629629629629 0.011111111111111112
0 0.361960145580533 0.6545686295522446 0.004629629629629629 0.011111111111111112
