0 0.7994900077597079 0.21986154067745145 0.004629629629629629 0.011111111111111112
0 0.7008292720837658 0.31788575547806497 0.004629629629629629 0.011111111111111112
0 0.4910333447989014 0.5263281606514141 0.004629629629629629 0.011111111111111112
0 0.28806072236475605 0.7279912822956617 0.004629629629629629 0.011111111111111112
0 0.8647727272727272 0.155 0.004629629629629629 0.011111111111111112
0 0.21389487663124418 0.8016786387018605 0.004629629629629629 0.011111111111111112
0 0.8254880423826366 0.19403123531015468 0.004629629629629629 0.011111111111111112
0 0.295119146152945 0.7209783967254612 0.004629629629629629 0.011111111111111112
0 0.2796395015732521 0.7363581726304463 0.004629629629629629 0.011111111111111112
0 0.6778025802689202 0.3407638879908793 0.004629629629629629 0.011111111111111112
0 0.7461798577811349 0.2728277542045497 0.004629629629629629 0.011111111111111112
0 0.5475099375173139 0.4702159330473138 0.004629629629629629 0.011111111111111112
0 0.4868632034841855 0.5304713978286157 0.004629629629629629 0.011111111111111112
0 0.8277040943740849 0.19182948042832856 0.004629629629629629 0.011111111111111112
0 0.6651213518382904 0.35336330204453736 0.004629629629629629 0.011111111111111112
0 0.6640616909010416 0.3544161264596104 0.004629629629629629 0.011111111111111112
0 0.7862169550448534 0.23304896079414572 0.004629629629629629 0.011111111111111112
0 0.24729477746025902 0.7684942211040008 0.004629629629629629 0.011111111111111112
0 0.4749471064849374 0.5423106167827074 0.004629629629629629 0.011111111111111112
0 0.3793707333319428 0.6372703681734245 0.004629629629629629 0.011111111111111112
0 0.25309698211295556 0.7627294500297087 0.004629629629629629 0.011111111111111112
0 0.1931368898276407 0.822302703009957 0.004629629629629629 0.011111111111111112
0 0.16022727272727275 0.855 0.004629629629629629 0.011111111111111112
0 0.20470871446777855 0.8108055353029813 0.004629629629629629 0.011111111111111112
0 0.39160554647147044 0.6251144893122165 0.004629629629629629 0.011111111111111112
0 0.5028746256124973 0.5145632751979059 0.004629629629629629 0.011111111111111112
0 0.17384231696667454 0.8414727947556911 0.004629629629629629 0.011111111111111112
0 0.7079725275471415 0.3107885855338079 0.004629629629629629 0.011111111111111112
0 0.6071119386498738 0.4109984609543191 0.004629629629629629 0.011111111111111112
0 0.19181302789256222 0.8236180239002932 0.004629629629629629 0.011111111111111112
