0 0.8150307652492572 0.20442104613944775 0.004629629629629629 0.011111111111111112
0 0.5707878856365414 0.4470881652385332 0.004629629629629629 0.011111111111111112
0 0.8399644056617849 0.17964826792312988 0.004629629629629629 0.011111111111111112
0 0.47462657382690804 0.5426290814881043 0.004629629629629629 0.011111111111111112
0 0.4436232260853906 0.5734324076312893 0.004629629629629629 0.011111111111111112
0 0.3382113885022392 0.6781641688429365 0.004629629629629629 0.011111111111111112
0 0.4179679162101691 0.5989221993782836 0.004629629629629629 0.011111111111111112
0 0.5999232904676162 0.41814073076120734 0.004629629629629629 0.011111111111111112
0 0.7847310362215919 0.23452529304435393 0.004629629629629629 0.011111111111111112
0 0.7945288105881 0.22479073012537173 0.004629629629629629 0.011111111111111112
0 0.8647727272727272 0.155 0.004629629629629629 0.011111111111111112
0 0.752077023548792 0.2669686346676519 0.004629629629629629 0.011111111111111112
0 0.7434339702595412 0.27555592632277853 0.004629629629629629 0.011111111111111112
0 0.7989730435226368 0.22037516966138038 0.004629629629629629 0.011111111111111112
0 0.35919161898377633 0.6573192946870867 0.004629629629629629 0.011111111111111112
0 0.7834519426885794 0.23579613436102453 0.004629629629629629 0.011111111111111112
0 0.8251447667900726 0.19437229622147628 0.004629629629629629 0.011111111111111112
0 0.2756191426476802 0.7403525937564984 0.004629629629629629 0.011111111111111112
0 0.4581745934662328 0.558974920040001 0.004629629629629629 0.011111111111111112
0 0.2790498381709369 0.7369440317527465 0.004629629629629629 0.011111111111111112
0 0.24899237699573196 0.7668075738235953 0.004629629629629629 0.011111111111111112
0 0.34887100351786304 0.667573325537091 0.004629629629629629 0.011111111111111112
0 0.5031436367050975 0.5142959996607419 0.004629629629629629 0.011111111111111112
0 0.514236676409744 0.5032745279541898 0.004629629629629629 0.011111111111111112
0 0.31767504762585685 0.6985680171975357 0.004629629629629629 0.011111111111111112
0 0.8506911260907292 0.1689907521421144 0.004629629629629629 0.011111111111111112
0 0.780917113615586 0.2383146096980629 0.004629629629629629 0.011111111111111112
0 0.16948736023889113 0.8457996549884566 0.004629629629629629 0.011111111111111112
0 0.16022727272727275 0.855 0.004629629629629629 0.011111111111111112
0 0.6323552060198676 0.385918053373809 0.004629629629629629 0.011111111111111112
