0 0.7847191293557007 0.23453712309175556 0.004629629629629629 0.011111111111111112
0 0.6342475958277985 0.3840378725323808 0.004629629629629629 0.011111111111111112
0 0.5103672875318644 0.5071189530328574 0.004629629629629629 0.011111111111111112
0 0.8505142635529628 0.16916647363125004 0.004629629629629629 0.011111111111111112
0 0.7464182613888515 0.27259088868462505 0.004629629629629629 0.011111111111111112
0 0.7006511321274975 0.318062746144293 0.004629629629629629 0.011111111111111112
0 0.6988374373898923 0.3198647396255265 0.004629629629629629 0.011111111111111112
0 0.8530043895790539 0.1666924129343595 0.004629629629629629 0.011111111111111112
0 0.7806654277455042 0.23856467178833782 0.004629629629629629 0.011111111111111112
0 0.8068823117111683 0.2125169290095489 0.004629629629629629 0.011111111111111112
0 0.16022727272727272 0.855 0.004629629629629629 0.011111111111111112
0 0.5754454556348709 0.4424606440789025 0.004629629629629629 0.011111111111111112
0 0.7597455389028448 0.25934959360620585 0.004629629629629629 0.011111111111111112
0 0.49987811372065283 0.5175404547549642 0.004629629629629629 0.011111111111111112
0 0.8062081517030839 0.21318673959822648 0.004629629629629629 0.011111111111111112
0 0.8520100186303396 0.1676803685866305 0.004629629629629629 0.011111111111111112
0 0.8647727272727272 0.155 0.004629629629629629 0.011111111111111112
0 0.8206423847985419 0.1988456305872553 0.004629629629629629 0.011111111111111112
0 0.8620290979207665 0.15772592851743206 0.004629629629629629 0.011111111111111112
0 0.7754294044121296 0.2437669143260132 0.004629629629629629 0.011111111111111112
0 0.7708904120022281 0.2482766229139154 0.004629629629629629 0.011111111111111112
0 0.6218812430334744 0.39632444240545145 0.004629629629629629 0.011111111111111112
0 0.8483256768733586 0.17134094039679212 0.004629629629629629 0.011111111111111112
0 0.6403427483917948 0.37798204353331355 0.004629629629629629 0.011111111111111112
0 0.8292412716319492 0.19030222044309586 0.004629629629629629 0.011111111111111112
0 0.5862865438297026 0.4316894983885536 0.004629629629629629 0.011111111111111112
0 0.8619586193815689 0.15779595235637658 0.004629629629629629 0.011111111111111112
0 0.5301480199903693 0.48746583820311695 0.004629629629629629 0.011111111111111112
0 0.6561027829067401 0.3623236866604002 0.004629629629629629 0.011111111111111112
0 0.3411056973454393 0.6752885329600152 0.004629629629629629 0.011111111111111112
