0 0.4525428383975805 0.5645703412049844 0.004629629629629629 0.011111111111111112
0 0.7130421371395189 0.30575168310009077 0.004629629629629629 0.011111111111111112
0 0.42269546890801474 0.594225147020424 0.004629629629629629 0.011111111111111112
0 0.3636202109454812 0.6529192742864249 0.004629629629629629 0.011111111111111112
0 0.7864656748226317 0.23280184566009485 0.004629629629629629 0.011111111111111112
0 0.2209908051151189 0.7946284904017528 0.004629629629629629 0.011111111111111112
0 0.47223724410638956 0.5450029961781677 0.004629629629629629 0.011111111111111112
0 0.572069530171052 0.4458147893784386 0.004629629629629629 0.011111111111111112
0 0.6072651726263869 0.41084621558410583 0.004629629629629629 0.011111111111111112
0 0.38610404656754566 0.6305804956683739 0.004629629629629629 0.011111111111111112
0 0.6023877051704293 0.4156922155080896 0.004629629629629629 0.011111111111111112
0 0.16022727272727266 0.855 0.004629629629629629 0.011111111111111112
0 0.6362692195739489 0.38202929152007653 0.004629629629629629 0.011111111111111112
0 0.5546783922648779 0.4630937263948955 0.004629629629629629 0.011111111111111112
0 0.5236808058123392 0.493891328418708 0.004629629629629629 0.011111111111111112
0 0.306799667877284 0.7093732332057952 0.004629629629629629 0.011111111111111112
0 0.8647727272727272 0.155 0.004629629629629629 0.011111111111111112
0 0.4712404316235116 0.545993377612769 0.004629629629629629 0.011111111111111112
0 0.21493911445672031 0.8006411378946132 0.004629629629629629 0.011111111111111112
0 0.39397616987350487 0.6227591602547112 0.004629629629629629 0.011111111111111112
0 0.519617236177251 0.49792868147550545 0.004629629629629629 0.011111111111111112
0 0.609871557990331 0.4082566456096065 0.004629629629629629 0.011111111111111112
0 0.6372524330965506 0.38105242131052397 0.004629629629629629 0.011111111111111112
0 0.5733650099765951 0.44452766750712475 0.004629629629629629 0.011111111111111112
0 0.42163446325263076 0.5952793074780314 0.004629629629629629 0.011111111111111112
0 0.7663100407418747 0.2528274433919437 0.004629629629629629 0.011111111111111112
0 0.43930673203089904 0.5777210533370422 0.004629629629629629 0.011111111111111112
0 0.40711579404810216 0.6097043078489822 0.004629629629629629 0.011111111111111112
0 0.4192810338052466 0.5976175535096259 0.004629629629629629 0.011111111111111112
0 0.3087861723879333 0.707399544853279 0.004629629629629629 0.011111111111111112
