0 0.2478440657114939 0.7679484766479352 0.004629629629629629 0.011111111111111112
0 0.4160869996354044 0.6007909810074048 0.004629629629629629 0.011111111111111112
0 0.2313493135072326 0.7843368110960399 0.004629629629629629 0.011111111111111112
0 0.2006704868519408 0.8148177098374266 0.004629629629629629 0.011111111111111112
0 0.1781589376659056 0.8371840232222616 0.004629629629629629 0.011111111111111112
0 0.28724232255606835 0.7288044021055837 0.004629629629629629 0.011111111111111112
0 0.3845493911849935 0.6321251210162001 0.004629629629629629 0.011111111111111112
0 0.19208524214073816 0.8233475658730731 0.004629629629629629 0.011111111111111112
0 0.2656346149709455 0.7502727051256413 0.004629629629629629 0.011111111111111112
0 0.2303094039115079 0.7853700115975987 0.004629629629629629 0.011111111111111112
0 0.21506275380135847 0.8005182962231664 0.004629629629629629 0.011111111111111112
0 0.16474854525386662 0.8505078969735778 0.004629629629629629 0.011111111111111112
0 0.17579969536931006 0.8395280446008146 0.004629629629629629 0.011111111111111112
0 0.16704307106408114 0.8482281745556871 0.004629629629629629 0.011111111111111112
0 0.16346135607234039 0.8517867817087715 0.004629629629629629 0.011111111111111112
0 0.21910823769996862 0.7964989122206764 0.004629629629629629 0.011111111111111112
0 0.2255233738710282 0.790125164024914 0.004629629629629629 0.011111111111111112
0 0.17539196586387001 0.8399331435933163 0.004629629629629629 0.011111111111111112
0 0.16861800902738014 0.846663397482474 0.004629629629629629 0.011111111111111112
0 0.16319577244808978 0.8520506518902851 0.004629629629629629 0.011111111111111112
0 0.8647727272727272 0.155 0.004629629629629629 0.011111111111111112
0 0.18582422546919264 0.8295681888886731 0.004629629629629629 0.011111111111111112
0 0.23519458407817248 0.7805163487223319 0.004629629629629629 0.011111111111111112
0 0.19502650410920574 0.820425279788273 0.004629629629629629 0.011111111111111112
0 0.19167408542458084 0.8237560699652552 0.004629629629629629 0.011111111111111112
0 0.228156964337756 0.7875085644644231 0.004629629629629629 0.011111111111111112
0 0.2407567702567214 0.7749900476159026 0.004629629629629629 0.011111111111111112
0 0.16022727272727275 0.855 0.004629629629629629 0.011111111111111112
0 0.16846261117004327 0.8468177927729893 0.004629629629629629 0.011111111111111112
0 0.31556988377512907 0.7006595993460007 0.004629629629629629 0.011111111111111112
