0 0.3752890802144941 0.6413256880449542 0.004629629629629629 0.011111111111111112
0 0.5206428667578673 0.49690966786637697 0.004629629629629629 0.011111111111111112
0 0.23053324204920864 0.7851476175769153 0.004629629629629629 0.011111111111111112
0 0.8647727272727272 0.1549999999999999 0.004629629629629629 0.011111111111111112
0 0.31032445373512946 0.7058711879018714 0.004629629629629629 0.011111111111111112
0 0.21633170387462908 0.7992575329245621 0.004629629629629629 0.011111111111111112
0 0.2337490627679999 0.7819525440885678 0.004629629629629629 0.011111111111111112
0 0.2537975833323211 0.7620333688182099 0.004629629629629629 0.011111111111111112
0 0.1688508833936696 0.8464320255314508 0.004629629629629629 0.011111111111111112
0 0.19148248276181523 0.8239464364818093 0.004629629629629629 0.011111111111111112
0 0.18010982854618174 0.8352457187347614 0.004629629629629629 0.011111111111111112
0 0.16681158511733096 0.8484581670447163 0.004629629629629629 0.011111111111111112
0 0.5795837672859036 0.43834903121271507 0.004629629629629629 0.011111111111111112
0 0.17749053656161884 0.8378481120613593 0.004629629629629629 0.011111111111111112
0 0.3197046034990785 0.6965515552331737 0.004629629629629629 0.011111111111111112
0 0.514953271017291 0.5025625565376592 0.004629629629629629 0.011111111111111112
0 0.21189208735635706 0.8036685067556194 0.004629629629629629 0.011111111111111112
0 0.24189079666686478 0.7738633375051795 0.004629629629629629 0.011111111111111112
0 0.3168321393586592 0.6994054873468806 0.004629629629629629 0.011111111111111112
0 0.32392250700702774 0.6923608640059208 0.004629629629629629 0.011111111111111112
0 0.3567889759494309 0.65970643679863 0.004629629629629629 0.011111111111111112
0 0.24508354825959822 0.7706911843098185 0.004629629629629629 0.011111111111111112
0 0.29765168353573207 0.7184621982935308 0.004629629629629629 0.011111111111111112
0 0.17688119655145162 0.8384535208456546 0.004629629629629629 0.011111111111111112
0 0.5902997062798967 0.4277022273090058 0.004629629629629629 0.011111111111111112
0 0.26591874397188353 0.7499904092150318 0.004629629629629629 0.011111111111111112
0 0.37123595561820094 0.6453526634503037 0.004629629629629629 0.011111111111111112
0 0.3932412601149496 0.6234893286599855 0.004629629629629629 0.011111111111111112
0 0.20670891581238254 0.8088182384831811 0.004629629629629629 0.011111111111111112
0 0.16022727272727272 0.855 0.004629629629629629 0.011111111111111112
