0 0.7493134863254418 0.2697143426185933 0.004629629629629629 0.011111111111111112
0 0.6858208954304983 0.3327973038948596 0.004629629629629629 0.011111111111111112
0 0.16022727272727252 0.855 0.004629629629629629 0.011111111111111112
0 0.29889521434928346 0.7172266902594215 0.004629629629629629 0.011111111111111112
0 0.5320638640886123 0.48556235438937867 0.004629629629629629 0.011111111111111112
0 0.8584864009906948 0.1612457693382771 0.004629629629629629 0.011111111111111112
0 0.42179648180578566 0.5951183342058644 0.004629629629629629 0.011111111111111112
0 0.5311075440843744 0.4865125045871375 0.004629629629629629 0.011111111111111112
0 0.5711250310924398 0.44675319491460824 0.004629629629629629 0.011111111111111112
0 0.7841293539977585 0.2351230934473881 0.004629629629629629 0.011111111111111112
0 0.519811200856176 0.4977359681816056 0.004629629629629629 0.011111111111111112
0 0.5645236736826001 0.4533119629218036 0.004629629629629629 0.011111111111111112
0 0.5935660596212936 0.42445694721497285 0.004629629629629629 0.011111111111111112
0 0.28949542746708784 0.7265658333552804 0.004629629629629629 0.011111111111111112
0 0.4662332222083389 0.5509682824510697 0.004629629629629629 0.011111111111111112
0 0.7877450733619541 0.23153070130489709 0.004629629629629629 0.011111111111111112
0 0.6915100232613901 0.3271448801144898 0.004629629629629629 0.011111111111111112
0 0.851951461298094 0.16773854812963532 0.004629629629629629 0.011111111111111112
0 0.5511624838912218 0.46658695148872154 0.004629629629629629 0.011111111111111112
0 0.43866168249909815 0.5783619412589606 0.004629629629629629 0.011111111111111112
0 0.8149983459387519 0.2044532562931108 0.004629629629629629 0.011111111111111112
0 0.6385133390862007 0.37979965019822637 0.004629629629629629 0.011111111111111112
0 0.408325745157289 0.6085021628759837 0.004629629629629629 0.011111111111111112
0 0.7809544886280465 0.23827747581471498 0.004629629629629629 0.011111111111111112
0 0.6299602891587645 0.38829751915838867 0.004629629629629629 0.011111111111111112
0 0.6826446675870111 0.3359530399458081 0.004629629629629629 0.011111111111111112
0 0.7849488791981772 0.23430885550632682 0.004629629629629629 0.011111111111111112
0 0.4609399774491463 0.556227377244074 0.004629629629629629 0.011111111111111112
0 0.8647727272727271 0.15500000000000022 0.004629629629629629 0.011111111111111112
0 0.7974286734837195 0.22190957602262712 0.004629629629629629 0.011111111111111112
