0 0.7689596270605259 0.25019495117857443 0.004629629629629629 0.011111111111111112
0 0.6459868707810466 0.37237433483689575 0.004629629629629629 0.011111111111111112
0 0.8647727272727271 0.15500000000000022 0.004629629629629629 0.011111111111111112
0 0.8434521522638353 0.17618302291206056 0.004629629629629629 0.011111111111111112
0 0.5517645633202771 0.4659887564430794 0.004629629629629629 0.011111111111111112
0 0.2506296731468809 0.7651808408734216 0.004629629629629629 0.011111111111111112
0 0.7357583627039455 0.28318201382962843 0.004629629629629629 0.011111111111111112
0 0.5312435223759427 0.48637740357486975 0.004629629629629629 0.011111111111111112
0 0.7699607497744115 0.24920028732090738 0.004629629629629629 0.011111111111111112
0 0.4215552314678478 0.5953580280900094 0.004629629629629629 0.011111111111111112
0 0.6566749009889317 0.3617552596626099 0.004629629629629629 0.011111111111111112
0 0.5918371343885613 0.42617471809136487 0.004629629629629629 0.011111111111111112
0 0.6680364526730175 0.3504670083119697 0.004629629629629629 0.011111111111111112
0 0.43996626644784054 0.5770657739808552 0.004629629629629629 0.011111111111111112
0 0.2709795170022995 0.7449622863331993 0.004629629629629629 0.011111111111111112
0 0.774199395981285 0.24498898721859427 0.004629629629629629 0.011111111111111112
0 0.38551116779717093 0.6311695494144238 0.004629629629629629 0.011111111111111112
0 0.6508054842418736 0.3675868092048481 0.004629629629629629 0.011111111111111112
0 0.2591533237269339 0.7567121815874335 0.004629629629629629 0.011111111111111112
0 0.48795362466244085 0.5293880116257039 0.004629629629629629 0.011111111111111112
0 0.16022727272727272 0.8550000000000001 0.004629629629629629 0.011111111111111112
0 0.6995719660027344 0.3191349499069606 0.004629629629629629 0.011111111111111112
0 0.7291505109651967 0.289747234266837 0.004629629629629629 0.011111111111111112
0 0.8576019156595521 0.16212454831244485 0.004629629629629629 0.011111111111111112
0 0.3173938785851117 0.6988473722444697 0.004629629629629629 0.011111111111111112
0 0.6561323332304823 0.3622943269839079 0.004629629629629629 0.011111111111111112
0 0.833637884810736 0.1859339725106238 0.004629629629629629 0.011111111111111112
0 0.42823838631946776 0.5887179903664644 0.004629629629629629 0.011111111111111112
0 0.593845802291092 0.4241790093365926 0.004629629629629629 0.011111111111111112
0 0.7511781231647919 0.26786173569433575 0.004629629629629629 0.011111111111111112
