0 0.2936839456439495 0.722404337876334 0.004629629629629629 0.011111111111111112
0 0.2823128733234979 0.7337020484398795 0.004629629629629629 0.011111111111111112
0 0.16022727272727275 0.855 0.004629629629629629 0.011111111111111112
0 0.8647727272727272 0.155 0.004629629629629629 0.011111111111111112
0 0.3933511429551943 0.6233801547412908 0.004629629629629629 0.011111111111111112
0 0.503508466482224 0.5139335236241129 0.004629629629629629 0.011111111111111112
0 0.6623614328641746 0.35610541508978794 0.004629629629629629 0.011111111111111112
0 0.17468932120600542 0.8406312550598397 0.004629629629629629 0.011111111111111112
0 0.43190692871565406 0.5850731159857373 0.004629629629629629 0.011111111111111112
0 0.19710943571845738 0.8183557864474682 0.004629629629629629 0.011111111111111112
0 0.3741400328647755 0.642467322185965 0.004629629629629629 0.011111111111111112
0 0.21321692202348722 0.8023522194089223 0.004629629629629629 0.011111111111111112
0 0.19795646454562382 0.8175142223224124 0.004629629629629629 0.011111111111111112
0 0.176516490498957 0.8388158739558751 0.004629629629629629 0.011111111111111112
0 0.39355665735614404 0.6231759662397022 0.004629629629629629 0.011111111111111112
0 0.28287762850886866 0.73314093683635 0.004629629629629629 0.011111111111111112
0 0.32512898568669746 0.6911621690596683 0.004629629629629629 0.011111111111111112
0 0.33167474817573284 0.6846586372963687 0.004629629629629629 0.011111111111111112
0 0.36355072260505833 0.6529883143149743 0.004629629629629629 0.011111111111111112
0 0.36499214514683054 0.6515561912734715 0.004629629629629629 0.011111111111111112
0 0.29290490897798777 0.7231783484992895 0.004629629629629629 0.011111111111111112
0 0.22864063902374554 0.7870280102602786 0.004629629629629629 0.011111111111111112
0 0.23438301349324406 0.7813226833680027 0.004629629629629629 0.011111111111111112
0 0.1835281776719793 0.8318494234742916 0.004629629629629629 0.011111111111111112
0 0.272840747484623 0.7431130637894714 0.004629629629629629 0.011111111111111112
0 0.38718366178245894 0.6295078457129119 0.004629629629629629 0.011111111111111112
0 0.19939765080803531 0.8160823340358875 0.004629629629629629 0.011111111111111112
0 0.2014998703010096 0.8139936772493195 0.004629629629629629 0.011111111111111112
0 0.7514679177973655 0.2675738107045529 0.004629629629629629 0.011111111111111112
0 0.1900982923107213 0.8253216966719286 0.004629629629629629 0.011111111111111112
