0 0.23410843055614222 0.7815954948022845 0.004629629629629629 0.011111111111111112
0 0.16706280784211677 0.8482085651117034 0.004629629629629629 0.011111111111111112
0 0.6530157740182946 0.3653907793624687 0.004629629629629629 0.011111111111111112
0 0.2617536825065969 0.7541285993160264 0.004629629629629629 0.011111111111111112
0 0.25980127939997166 0.7560684062735765 0.004629629629629629 0.011111111111111112
0 0.1931357768041073 0.8223038088526935 0.004629629629629629 0.011111111111111112
0 0.35977957901370855 0.6567351279476702 0.004629629629629629 0.011111111111111112
0 0.43287330303029525 0.5841129763440938 0.004629629629629629 0.011111111111111112
0 0.18439631456255592 0.83098688746688 0.004629629629629629 0.011111111111111112
0 0.2132359620463116 0.802333302224955 0.004629629629629629 0.011111111111111112
0 0.7226654212459923 0.29619048469753034 0.004629629629629629 0.011111111111111112
0 0.4670150229237125 0.5501915256112792 0.004629629629629629 0.011111111111111112
0 0.22221610024594876 0.7934111004007993 0.004629629629629629 0.011111111111111112
0 0.43491096907229426 0.5820884565346239 0.004629629629629629 0.011111111111111112
0 0.560622908501383 0.45718756187604537 0.004629629629629629 0.011111111111111112
0 0.8310315060833017 0.18852353589142934 0.004629629629629629 0.011111111111111112
0 0.8647727272727272 0.1550000000000001 0.004629629629629629 0.011111111111111112
0 0.3382751075707826 0.678100860865158 0.004629629629629629 0.011111111111111112
0 0.5208381221521876 0.49671567218427815 0.004629629629629629 0.011111111111111112
0 0.34462812767539386 0.6717888279870281 0.004629629629629629 0.011111111111111112
0 0.1708886083153748 0.8444074472221438 0.004629629629629629 0.011111111111111112
0 0.36659943719015453 0.6499592688562337 0.004629629629629629 0.011111111111111112
0 0.16022727272727275 0.855 0.004629629629629629 0.011111111111111112
0 0.23579041017805566 0.7799243666618029 0.004629629629629629 0.011111111111111112
0 0.4571422841297963 0.5600005693162025 0.004629629629629629 0.011111111111111112
0 0.17136275737396187 0.8439363571897411 0.004629629629629629 0.011111111111111112
0 0.386684316331192 0.6300039695806222 0.004629629629629629 0.011111111111111112
0 0.3361306277553742 0.6802315053269187 0.004629629629629629 0.011111111111111112
0 0.3558816563695045 0.6606079027038473 0.004629629629629629 0.011111111111111112
0 0.6370454316814566 0.3812580872326175 0.004629629629629629 0.011111111111111112
