0 0.7252499276840583 0.29362265249454844 0.004629629629629629 0.011111111111111112
0 0.4358243699894545 0.5811809485266065 0.004629629629629629 0.011111111111111112
0 0.6344910252649981 0.38379601360767923 0.004629629629629629 0.011111111111111112
0 0.5551414993341796 0.4626336071131377 0.004629629629629629 0.011111111111111112
0 0.36074874630139786 0.6557722133521595 0.004629629629629629 0.011111111111111112
0 0.7739299253873636 0.24525671929255496 0.004629629629629629 0.011111111111111112
0 0.5795453984980657 0.4383871524599863 0.004629629629629629 0.011111111111111112
0 0.2987807013577203 0.7173404644574908 0.004629629629629629 0.011111111111111112
0 0.7841410059874722 0.23511151663180202 0.004629629629629629 0.011111111111111112
0 0.5812496364414185 0.43669390960013915 0.004629629629629629 0.011111111111111112
0 0.63481823581728 0.3834709140912185 0.004629629629629629 0.011111111111111112
0 0.26847661675975737 0.747449038832241 0.004629629629629629 0.011111111111111112
0 0.35208021527357847 0.664384818373348 0.004629629629629629 0.011111111111111112
0 0.7622714761007828 0.2568399527772866 0.004629629629629629 0.011111111111111112
0 0.7607460679138998 0.25835551962102865 0.004629629629629629 0.011111111111111112
0 0.5015203829874302 0.5159087807737791 0.004629629629629629 0.011111111111111112
0 0.28969555888980464 0.7263669931030328 0.004629629629629629 0.011111111111111112
0 0.6400511042225329 0.37827180612729 0.004629629629629629 0.011111111111111112
0 0.5487226063265299 0.46901108790783475 0.004629629629629629 0.011111111111111112
0 0.5942138586280422 0.42381332755665485 0.004629629629629629 0.011111111111111112
0 0.38683585561134853 0.6298534079732407 0.004629629629629629 0.011111111111111112
0 0.44378540719942405 0.5732712728470238 0.004629629629629629 0.011111111111111112
0 0.48562557069626705 0.5317010458888701 0.004629629629629629 0.011111111111111112
0 0.29420461992490016 0.7218870227842927 0.004629629629629629 0.011111111111111112
0 0.26782720575974506 0.7480942600838661 0.004629629629629629 0.011111111111111112
0 0.8647727272727272 0.1549999999999999 0.004629629629629629 0.011111111111111112
0 0.16022727272727275 0.855 0.004629629629629629 0.011111111111111112
0 0.8445852711273788 0.17505721449279793 0.004629629629629629 0.011111111111111112
0 0.7659680067809721 0.2531672706821311 0.004629629629629629 0.011111111111111112
0 0.4431119077405283 0.5739404271481203 0.004629629629629629 0.011111111111111112
