0 0.22284965106559246 0.7927816370057985 0.004629629629629629 0.011111111111111112
0 0.302432434201267 0.7137122911806766 0.004629629629629629 0.011111111111111112
0 0.22324337036309042 0.7923904578328005 0.004629629629629629 0.011111111111111112
0 0.7546510833219697 0.2644111817317204 0.004629629629629629 0.011111111111111112
0 0.5687444247938636 0.449118442462871 0.004629629629629629 0.011111111111111112
0 0.2876484287686974 0.7284009159330362 0.004629629629629629 0.011111111111111112
0 0.16022727272727272 0.855 0.004629629629629629 0.011111111111111112
0 0.8344007464207288 0.18517603258843712 0.004629629629629629 0.011111111111111112
0 0.6353287554622247 0.3829636881214026 0.004629629629629629 0.011111111111111112
0 0.767793117299622 0.251353935070053 0.004629629629629629 0.011111111111111112
0 0.3139327021726918 0.7022862184864869 0.004629629629629629 0.011111111111111112
0 0.5541243736709626 0.46364417067530167 0.004629629629629629 0.011111111111111112
0 0.8402593063929271 0.1793552697773498 0.004629629629629629 0.011111111111111112
0 0.48788367971321006 0.5294575053171978 0.004629629629629629 0.011111111111111112
0 0.7431702805491968 0.27581791480918516 0.004629629629629629 0.011111111111111112
0 0.7018713921587434 0.31685035875840983 0.004629629629629629 0.011111111111111112
0 0.32999698948645495 0.6863255717360384 0.004629629629629629 0.011111111111111112
0 0.2218152650117851 0.7938093496011942 0.004629629629629629 0.011111111111111112
0 0.4565130979417582 0.5606256962385113 0.004629629629629629 0.011111111111111112
0 0.8289967029740101 0.19054521123872553 0.004629629629629629 0.011111111111111112
0 0.5462645604964749 0.47145327537769594 0.004629629629629629 0.011111111111111112
0 0.4851674450045586 0.5321562159309546 0.004629629629629629 0.011111111111111112
0 0.593777789329702 0.42424658350468303 0.004629629629629629 0.011111111111111112
0 0.6807408302273068 0.33784459448383714 0.004629629629629629 0.011111111111111112
0 0.20868087586358372 0.806859000754891 0.004629629629629629 0.011111111111111112
0 0.48531757719457497 0.5320070523357128 0.004629629629629629 0.011111111111111112
0 0.6390885786073051 0.3792281218998388 0.004629629629629629 0.011111111111111112
0 0.795082088749407 0.2242410215005891 0.004629629629629629 0.011111111111111112
0 0.6558121978914938 0.3626123969336126 0.004629629629629629 0.011111111111111112
0 0.8647727272727271 0.1550000000000001 0.004629629629629629 0.011111111111111112
