0 0.7584072077804965 0.2606792903342164 0.004629629629629629 0.011111111111111112
0 0.8275144970007295 0.19201785459282347 0.004629629629629629 0.011111111111111112
0 0.6522406234454282 0.36616092896389707 0.004629629629629629 0.011111111111111112
0 0.6294874293072699 0.38876732830116395 0.004629629629629629 0.011111111111111112
0 0.6041642977118141 0.41392708485406843 0.004629629629629629 0.011111111111111112
0 0.8647727272727272 0.1549999999999999 0.004629629629629629 0.011111111111111112
0 0.72434558477494 0.2945211609332853 0.004629629629629629 0.011111111111111112
0 0.8632859038003492 0.15647723106287878 0.004629629629629629 0.011111111111111112
0 0.5419086397965638 0.475781093363414 0.004629629629629629 0.011111111111111112
0 0.7500721003794246 0.26896062284882977 0.004629629629629629 0.011111111111111112
0 0.7026659660950004 0.31606091110561224 0.004629629629629629 0.011111111111111112
0 0.16022727272727272 0.855 0.004629629629629629 0.011111111111111112
0 0.5323168260174999 0.4853110244729356 0.004629629629629629 0.011111111111111112
0 0.7199081406149537 0.29892997642127184 0.004629629629629629 0.011111111111111112
0 0.762435014676872 0.2566774692887852 0.004629629629629629 0.011111111111111112
0 0.22992942778943026 0.785747536260824 0.004629629629629629 0.011111111111111112
0 0.6212224607666038 0.3969789744641484 0.004629629629629629 0.011111111111111112
0 0.8235572125418045 0.1959496081842716 0.004629629629629629 0.011111111111111112
0 0.857120195659224 0.1626031604418032 0.004629629629629629 0.011111111111111112
0 0.8567793807875087 0.16294177650789435 0.004629629629629629 0.011111111111111112
0 0.49129036196632425 0.5260728016592648 0.004629629629629629 0.011111111111111112
0 0.6946210309064914 0.3240539434864536 0.004629629629629629 0.011111111111111112
0 0.5130621493020825 0.5044414774676083 0.004629629629629629 0.011111111111111112
0 0.5516413595200215 0.46611116538010766 0.004629629629629629 0.011111111111111112
0 0.7489868992938445 0.2700388226370835 0.004629629629629629 0.011111111111111112
0 0.7548064906342576 0.26425677704725364 0.004629629629629629 0.011111111111111112
0 0.8072383360365191 0.21216320161532928 0.004629629629629629 0.011111111111111112
0 0.48181776139952404 0.5354842886740212 0.004629629629629629 0.011111111111111112
0 0.8593490261061831 0.16038870954611467 0.004629629629629629 0.011111111111111112
0 0.839390948129052 0.18021802572984497 0.004629629629629629 0.011111111111111112
