0 0.431888538917032 0.5850913871404972 0.004629629629629629 0.011111111111111112
0 0.4167110571764153 0.6001709496440776 0.004629629629629629 0.011111111111111112
0 0.46342462505951515 0.5537587596182882 0.004629629629629629 0.011111111111111112
0 0.5022690153338116 0.5151649783135033 0.004629629629629629 0.011111111111111112
0 0.3188413223125297 0.6974092668636802 0.004629629629629629 0.011111111111111112
0 0.47143354958896067 0.5458015055696779 0.004629629629629629 0.011111111111111112
0 0.2774029170510831 0.738580327575053 0.004629629629629629 0.011111111111111112
0 0.4758605823385601 0.5414030343216887 0.004629629629629629 0.011111111111111112
0 0.495466570877504 0.5219235360313832 0.004629629629629629 0.011111111111111112
0 0.5798983016659912 0.4380365260866926 0.004629629629629629 0.011111111111111112
0 0.5129271362744054 0.5045756194434939 0.004629629629629629 0.011111111111111112
0 0.5686019104268585 0.44926003738234704 0.004629629629629629 0.011111111111111112
0 0.4860806464152471 0.5312489061422706 0.004629629629629629 0.011111111111111112
0 0.5383756848965771 0.4792912550059815 0.004629629629629629 0.011111111111111112
0 0.3838412673615586 0.6328286762988385 0.004629629629629629 0.011111111111111112
0 0.8115128234008493 0.2079162915888336 0.004629629629629629 0.011111111111111112
0 0.3055664308997485 0.7105985138157338 0.004629629629629629 0.011111111111111112
0 0.5449923363994775 0.4727172915772933 0.004629629629629629 0.011111111111111112
0 0.6549938593537845 0.36342545586785285 0.004629629629629629 0.011111111111111112
0 0.3424280760451845 0.6739746857357521 0.004629629629629629 0.011111111111111112
0 0.7573758587290038 0.26170398552086066 0.004629629629629629 0.011111111111111112
0 0.43472151755421795 0.5822766857848415 0.004629629629629629 0.011111111111111112
0 0.4319177108242629 0.5850624034391194 0.004629629629629629 0.011111111111111112
0 0.8647727272727272 0.155 0.004629629629629629 0.011111111111111112
0 0.5029132667214795 0.5145248833864009 0.004629629629629629 0.011111111111111112
0 0.8544360536328276 0.1652699854228681 0.004629629629629629 0.011111111111111112
0 0.43965898575242535 0.5773710722201709 0.004629629629629629 0.011111111111111112
0 0.5647742926158744 0.4530629608848732 0.004629629629629629 0.011111111111111112
0 0.16022727272727266 0.855 0.004629629629629629 0.011111111111111112
0 0.42003030759601484 0.5968731137433143 0.004629629629629629 0.011111111111111112
