0 0.1602272727272728 0.855 0.004629629629629629 0.011111111111111112
0 0.8282608197014412 0.19127634687727788 0.004629629629629629 0.011111111111111112
0 0.5505278753595078 0.4672174657718441 0.004629629629629629 0.011111111111111112
0 0.7206645651308431 0.2981784320635496 0.004629629629629629 0.011111111111111112
0 0.8615897202349898 0.15816247150846185 0.004629629629629629 0.011111111111111112
0 0.4561801284133592 0.5609565175764045 0.004629629629629629 0.011111111111111112
0 0.4821387040113973 0.5351654166596441 0.004629629629629629 0.011111111111111112
0 0.621644545609845 0.39655961274892854 0.004629629629629629 0.011111111111111112
0 0.8292826214159331 0.19026113743191161 0.004629629629629629 0.011111111111111112
0 0.7959776274523207 0.2233512604667268 0.004629629629629629 0.011111111111111112
0 0.7676580251801911 0.2514881556274232 0.004629629629629629 0.011111111111111112
0 0.315983069472998 0.7002490793623118 0.004629629629629629 0.011111111111111112
0 0.7332634023461516 0.2856608776689849 0.004629629629629629 0.011111111111111112
0 0.5923301612592449 0.42568487203920186 0.004629629629629629 0.011111111111111112
0 0.6983210578164137 0.3203777877178858 0.004629629629629629 0.011111111111111112
0 0.6428750745157669 0.3754660549972383 0.004629629629629629 0.011111111111111112
0 0.5211611898258498 0.496394688818188 0.004629629629629629 0.011111111111111112
0 0.4583925880179114 0.558758331904785 0.004629629629629629 0.011111111111111112
0 0.808316756103412 0.2110917390972553 0.004629629629629629 0.011111111111111112
0 0.5324834780949617 0.4851454475701672 0.004629629629629629 0.011111111111111112
0 0.5851387090686975 0.43282992776400386 0.004629629629629629 0.011111111111111112
0 0.8647727272727275 0.1550000000000001 0.004629629629629629 0.011111111111111112
0 0.7763221791434688 0.24287989943165042 0.004629629629629629 0.011111111111111112
0 0.6151085277539041 0.40305346274773424 0.004629629629629629 0.011111111111111112
0 0.37411739575736097 0.6424898132475254 0.004629629629629629 0.011111111111111112
0 0.6048905386968232 0.4132055292947692 0.004629629629629629 0.011111111111111112
0 0.48606292616182484 0.5312665120714772 0.004629629629629629 0.011111111111111112
0 0.7507952122803886 0.2682421761859367 0.004629629629629629 0.011111111111111112
0 0.6579498668146149 0.360488519422899 0.004629629629629629 0.011111111111111112
0 0.6039529104428785 0.41413710833417244 0.004629629629629629 0.011111111111111112
