0 0.8622494576866249 0.15750699042748237 0.004629629629629629 0.011111111111111112
0 0.7096574871783643 0.3091144966098832 0.004629629629629629 0.011111111111111112
0 0.8564679314702295 0.16325121647473975 0.004629629629629629 0.011111111111111112
0 0.41403695051654715 0.6028278040029145 0.004629629629629629 0.011111111111111112
0 0.8454941904751684 0.17415415914080062 0.004629629629629629 0.011111111111111112
0 0.8285115925824866 0.19102719188578748 0.004629629629629629 0.011111111111111112
0 0.7144467363348532 0.3043561458350491 0.004629629629629629 0.011111111111111112
0 0.7053434226571205 0.3134007284567965 0.004629629629629629 0.011111111111111112
0 0.7523859829812849 0.26666166852182027 0.004629629629629629 0.011111111111111112
0 0.7279516270269155 0.29093838347003226 0.004629629629629629 0.011111111111111112
0 0.6372130944022619 0.38109150620678495 0.004629629629629629 0.011111111111111112
0 0.8529408503095685 0.16675554227307385 0.004629629629629629 0.011111111111111112
0 0.6358762981978472 0.38241967791955833 0.004629629629629629 0.011111111111111112
0 0.727997081124098 0.2908932226250897 0.004629629629629629 0.011111111111111112
0 0.3010551148907637 0.7150807245601445 0.004629629629629629 0.011111111111111112
0 0.8634263212080832 0.1563377195739047 0.004629629629629629 0.011111111111111112
0 0.8248747195698534 0.194640601201565 0.004629629629629629 0.011111111111111112
0 0.6073204168257114 0.41079132779897054 0.004629629629629629 0.011111111111111112
0 0.6976203688346198 0.3210739561256037 0.004629629629629629 0.011111111111111112
0 0.6188440624803456 0.39934202824533394 0.004629629629629629 0.011111111111111112
0 0.48285969074692153 0.5344490814514457 0.004629629629629629 0.011111111111111112
0 0.6245889766952908 0.39363417799306605 0.004629629629629629 0.011111111111111112
0 0.5939563477301499 0.4240691770939156 0.004629629629629629 0.011111111111111112
0 0.8647727272727272 0.155 0.004629629629629629 0.011111111111111112
0 0.6809573615653971 0.3376294601221216 0.004629629629629629 0.011111111111111112
0 0.8502180528250496 0.16946077332220874 0.004629629629629629 0.011111111111111112
0 0.16022727272727272 0.855 0.004629629629629629 0.011111111111111112
0 0.82016885974143 0.19931610064399866 0.004629629629629629 0.011111111111111112
0 0.6040574487839381 0.4140332444340229 0.004629629629629629 0.011111111111111112
0 0.7665792350065389 0.2525599858644709 0.004629629629629629 0.011111111111111112
