0 0.21436322809625666 0.801213308859203 0.004629629629629629 0.011111111111111112
0 0.25195522846440854 0.7638638375256844 0.004629629629629629 0.011111111111111112
0 0.41804387211429667 0.5988467335122472 0.004629629629629629 0.011111111111111112
0 0.39710590989146993 0.6196496121078299 0.004629629629629629 0.011111111111111112
0 0.4506933819836388 0.5664078656420621 0.004629629629629629 0.011111111111111112
0 0.6784245784995296 0.34014590265208017 0.004629629629629629 0.011111111111111112
0 0.44863829866700344 0.5684496903566546 0.004629629629629629 0.011111111111111112
0 0.5859004419825623 0.43207310925603487 0.004629629629629629 0.011111111111111112
0 0.6233488872220321 0.39486626688907767 0.004629629629629629 0.011111111111111112
0 0.49038839423138975 0.5269689502475223 0.004629629629629629 0.011111111111111112
0 0.7521910415015702 0.2668553523145688 0.004629629629629629 0.011111111111111112
0 0.5161862372480677 0.5013375449277262 0.004629629629629629 0.011111111111111112
0 0.862753407094963 0.1570062923056496 0.004629629629629629 0.011111111111111112
0 0.7890299440706934 0.23025412008460147 0.004629629629629629 0.011111111111111112
0 0.27575076882653876 0.7402218167787937 0.004629629629629629 0.011111111111111112
0 0.24563668594533472 0.7701416152543126 0.004629629629629629 0.011111111111111112
0 0.4106762761930847 0.6061667965565479 0.004629629629629629 0.011111111111111112
0 0.7322547771156286 0.28666299563995595 0.004629629629629629 0.011111111111111112
0 0.6402224400074943 0.37810157573448966 0.004629629629629629 0.011111111111111112
0 0.43149325547271083 0.5854841203690485 0.004629629629629629 0.011111111111111112
0 0.2933478846419118 0.7227382307428747 0.004629629629629629 0.011111111111111112
0 0.5162980533885003 0.501226450181748 0.004629629629629629 0.011111111111111112
0 0.16022727272727266 0.855 0.004629629629629629 0.011111111111111112
0 0.8647727272727271 0.155 0.004629629629629629 0.011111111111111112
0 0.6327148193946368 0.3855607600853284 0.004629629629629629 0.011111111111111112
0 0.7056636371583419 0.3130825798555828 0.004629629629629629 0.011111111111111112
0 0.4888746293115117 0.5284729489421108 0.004629629629629629 0.011111111111111112
0 0.5786307348744383 0.4392959150279773 0.004629629629629629 0.011111111111111112
0 0.47535491509693023 0.5419054391940176 0.004629629629629629 0.011111111111111112
0 0.4964614854420331 0.5209350402704961 0.004629629629629629 0.011111111111111112
