0 0.4999343500657982 0.5174845812249488 0.004629629629629629 0.011111111111111112
0 0.7280698219379182 0.29082095110684236 0.004629629629629629 0.011111111111111112
0 0.6915975683490995 0.3270578998337978 0.004629629629629629 0.011111111111111112
0 0.8647727272727275 0.15499999999999978 0.004629629629629629 0.011111111111111112
0 0.8355430848590456 0.18404106407552875 0.004629629629629629 0.011111111111111112
0 0.2964224317884725 0.7196835193843563 0.004629629629629629 0.011111111111111112
0 0.7616321727519326 0.2574751315884023 0.004629629629629629 0.011111111111111112
0 0.37226066134006736 0.6443345687330944 0.004629629629629629 0.011111111111111112
0 0.7296560249287644 0.28924498168367907 0.004629629629629629 0.011111111111111112
0 0.7410580082326532 0.2779165595623963 0.004629629629629629 0.011111111111111112
0 0.7741017072484869 0.24508604570150305 0.004629629629629629 0.011111111111111112
0 0.7094696199489557 0.30930115179265044 0.004629629629629629 0.011111111111111112
0 0.1602272727272726 0.855 0.004629629629629629 0.011111111111111112
0 0.7078952605067785 0.3108653540771361 0.004629629629629629 0.011111111111111112
0 0.2922519399371379 0.72382710483665 0.004629629629629629 0.011111111111111112
0 0.6466095526058102 0.371755670314227 0.004629629629629629 0.011111111111111112
0 0.48859558081838816 0.5287501971223756 0.004629629629629629 0.011111111111111112
0 0.724277623042162 0.2945886842032712 0.004629629629629629 0.011111111111111112
0 0.3786649804552383 0.6379715678057631 0.004629629629629629 0.011111111111111112
0 0.4365148219992609 0.5804949510458955 0.004629629629629629 0.011111111111111112
0 0.3823887251043406 0.6342718473156874 0.004629629629629629 0.011111111111111112
0 0.6372387932520432 0.38106597315603424 0.004629629629629629 0.011111111111111112
0 0.8366629384386548 0.18292843535772363 0.004629629629629629 0.011111111111111112
0 0.8322659226915585 0.18729708326129024 0.004629629629629629 0.011111111111111112
0 0.662301159496283 0.3561652995972413 0.004629629629629629 0.011111111111111112
0 0.735648640073091 0.2832910285725418 0.004629629629629629 0.011111111111111112
0 0.6709404720582829 0.34758172453564135 0.004629629629629629 0.011111111111111112
0 0.6893983657177708 0.3292429140610534 0.004629629629629629 0.011111111111111112
0 0.8446070017759648 0.1750356240419444 0.004629629629629629 0.011111111111111112
0 0.48091771686353707 0.5363785264710663 0.004629629629629629 0.011111111111111112
