0 0.21897821261865738 0.7966280984304952 0.004629629629629629 0.011111111111111112
0 0.35986594340789385 0.6566493207431249 0.004629629629629629 0.011111111111111112
0 0.25948861057944445 0.7563790578759069 0.004629629629629629 0.011111111111111112
0 0.4610863341868445 0.5560819647433932 0.004629629629629629 0.011111111111111112
0 0.19814336706222166 0.8173285256285023 0.004629629629629629 0.011111111111111112
0 0.38098242103291163 0.6356690784576233 0.004629629629629629 0.011111111111111112
0 0.2998005004535128 0.7163272447107034 0.004629629629629629 0.011111111111111112
0 0.16022727272727272 0.855 0.004629629629629629 0.011111111111111112
0 0.1610677915732345 0.8541649038562703 0.004629629629629629 0.011111111111111112
0 0.3158728321029092 0.7003586055235612 0.004629629629629629 0.011111111111111112
0 0.4221063277580293 0.5948104872597644 0.004629629629629629 0.011111111111111112
0 0.41101053266663995 0.6058346965763706 0.004629629629629629 0.011111111111111112
0 0.16341986166924202 0.8518280084060434 0.004629629629629629 0.011111111111111112
0 0.23305263907451726 0.7826444747259635 0.004629629629629629 0.011111111111111112
0 0.16121665123138076 0.8540170045830152 0.004629629629629629 0.011111111111111112
0 0.23846423313495174 0.7772677941755963 0.004629629629629629 0.011111111111111112
0 0.44770445786144886 0.5693775063828186 0.004629629629629629 0.011111111111111112
0 0.24848338826587782 0.7673132787551924 0.004629629629629629 0.011111111111111112
0 0.2730561799223421 0.7428990212384472 0.004629629629629629 0.011111111111111112
0 0.22509130130200503 0.7905544490289756 0.004629629629629629 0.011111111111111112
0 0.33194596905569784 0.6843891662285324 0.004629629629629629 0.011111111111111112
0 0.7454631497316874 0.27353983833109785 0.004629629629629629 0.011111111111111112
0 0.18116336594700147 0.8341989783494308 0.004629629629629629 0.011111111111111112
0 0.17739337122523005 0.8379446505246101 0.004629629629629629 0.011111111111111112
0 0.41893341869352807 0.5979629259432042 0.004629629629629629 0.011111111111111112
0 0.34063455268260046 0.675756637979868 0.004629629629629629 0.011111111111111112
0 0.4353052636814965 0.58169670576161 0.004629629629629629 0.011111111111111112
0 0.37555471088673764 0.6410617711189832 0.004629629629629629 0.011111111111111112
0 0.1929461224600462 0.8224922396203412 0.004629629629629629 0.011111111111111112
0 0.8647727272727271 0.155 0.004629629629629629 0.011111111111111112
