0 0.2315360206547851 0.7841513085107297 0.004629629629629629 0.011111111111111112
0 0.45026356852878024 0.5668349061068894 0.004629629629629629 0.011111111111111112
0 0.16022727272727275 0.855 0.004629629629629629 0.011111111111111112
0 0.8647727272727272 0.1550000000000001 0.004629629629629629 0.011111111111111112
0 0.5019957563460866 0.5154364743400172 0.004629629629629629 0.011111111111111112
0 0.3221677906099686 0.6941042596520313 0.004629629629629629 0.011111111111111112
0 0.5279427912431359 0.48965683966811013 0.004629629629629629 0.011111111111111112
0 0.5260924020358874 0.4914952908804731 0.004629629629629629 0.011111111111111112
0 0.689068209534378 0.32957094020455363 0.004629629629629629 0.011111111111111112
0 0.1607748167791748 0.8544559884903683 0.004629629629629629 0.011111111111111112
0 0.5070373847263558 0.5104273725944595 0.004629629629629629 0.011111111111111112
0 0.5163596900688084 0.501165211157442 0.004629629629629629 0.011111111111111112
0 0.31844591695564173 0.6978021212182657 0.004629629629629629 0.011111111111111112
0 0.4237817816575885 0.5931458427402025 0.004629629629629629 0.011111111111111112
0 0.1764405049724701 0.8388913692531587 0.004629629629629629 0.011111111111111112
0 0.1727952663045372 0.8425130902522663 0.004629629629629629 0.011111111111111112
0 0.3236942847369112 0.6925876138742947 0.004629629629629629 0.011111111111111112
0 0.31821827638424216 0.6980282931408176 0.004629629629629629 0.011111111111111112
0 0.3307273172558369 0.685599955758717 0.004629629629629629 0.011111111111111112
0 0.2609213023805625 0.7549556092476992 0.004629629629629629 0.011111111111111112
0 0.4024248501470442 0.6143649875958399 0.004629629629629629 0.011111111111111112
0 0.6649300589671056 0.3535533607681663 0.004629629629629629 0.011111111111111112
0 0.2646833221257872 0.751217860597605 0.004629629629629629 0.011111111111111112
0 0.34937832742901587 0.6670692746834294 0.004629629629629629 0.011111111111111112
0 0.5709209746317097 0.4469559348820435 0.004629629629629629 0.011111111111111112
0 0.5920948855190653 0.4259186298713804 0.004629629629629629 0.011111111111111112
0 0.6712053200228424 0.34731858526762766 0.004629629629629629 0.011111111111111112
0 0.19896818451303944 0.816509029580593 0.004629629629629629 0.011111111111111112
0 0.8431929817914873 0.1764405213168451 0.004629629629629629 0.011111111111111112
0 0.29750546863377353 0.7186074698735412 0.004629629629629629 0.011111111111111112
