0 0.36027734714406884 0.6562405712246024 0.004629629629629629 0.011111111111111112
0 0.24765572682576856 0.7681356004440751 0.004629629629629629 0.011111111111111112
0 0.2037815215376819 0.8117267463432064 0.004629629629629629 0.011111111111111112
0 0.26456926000829983 0.7513311868304634 0.004629629629629629 0.011111111111111112
0 0.5326652188344273 0.4849648793516012 0.004629629629629629 0.011111111111111112
0 0.3820790180978161 0.6345795562124924 0.004629629629629629 0.011111111111111112
0 0.45305878654764004 0.5640577217526673 0.004629629629629629 0.011111111111111112
0 0.5747398708167311 0.4431616767369252 0.004629629629629629 0.011111111111111112
0 0.2821766408530372 0.733837401991176 0.004629629629629629 0.011111111111111112
0 0.2978366061013636 0.7182784687767099 0.004629629629629629 0.011111111111111112
0 0.17034065370462745 0.844951866641854 0.004629629629629629 0.011111111111111112
0 0.25638336297196984 0.7594642716278492 0.004629629629629629 0.011111111111111112
0 0.19033092426997744 0.8250905655640224 0.004629629629629629 0.011111111111111112
0 0.23008594287076495 0.7855920309542077 0.004629629629629629 0.011111111111111112
0 0.352215834567968 0.6642500740421479 0.004629629629629629 0.011111111111111112
0 0.7216962235569458 0.2971534294982603 0.004629629629629629 0.011111111111111112
0 0.23163594598190757 0.784052027863137 0.004629629629629629 0.011111111111111112
0 0.37294831502231207 0.6436513515262191 0.004629629629629629 0.011111111111111112
0 0.2595311244987601 0.7563368182399416 0.004629629629629629 0.011111111111111112
0 0.5531921369908442 0.46457039292522573 0.004629629629629629 0.011111111111111112
0 0.2038204008951445 0.811688117820308 0.004629629629629629 0.011111111111111112
0 0.8647727272727272 0.155 0.004629629629629629 0.011111111111111112
0 0.20916995549435988 0.8063730764765714 0.004629629629629629 0.011111111111111112
0 0.16022727272727272 0.855 0.004629629629629629 0.011111111111111112
0 0.40729303118656207 0.609528214175932 0.004629629629629629 0.011111111111111112
0 0.17906749197083857 0.8362813305580055 0.004629629629629629 0.011111111111111112
0 0.5673439874484586 0.4505098447286282 0.004629629629629629 0.011111111111111112
0 0.34273532961154446 0.6736694144504656 0.004629629629629629 0.011111111111111112
0 0.2085609859270153 0.8069781172079977 0.004629629629629629 0.011111111111111112
0 0.7492516977827139 0.2697757325255615 0.004629629629629629 0.011111111111111112
