0 0.5633319626520958 0.45449598549404663 0.004629629629629629 0.011111111111111112
0 0.16022727272727275 0.855 0.004629629629629629 0.011111111111111112
0 0.2114442460506345 0.8041134587625954 0.004629629629629629 0.011111111111111112
0 0.8647727272727275 0.155 0.004629629629629629 0.011111111111111112
0 0.4968134686134949 0.5205853279582051 0.004629629629629629 0.011111111111111112
0 0.381215173536559 0.6354378275830318 0.004629629629629629 0.011111111111111112
0 0.33790771719509033 0.6784658809803619 0.004629629629629629 0.011111111111111112
0 0.5054760512671439 0.5119786329345797 0.004629629629629629 0.011111111111111112
0 0.26764534768955933 0.7482749448761798 0.004629629629629629 0.011111111111111112
0 0.7033255329268374 0.3154055995436584 0.004629629629629629 0.011111111111111112
0 0.2801454417957909 0.7358554965383756 0.004629629629629629 0.011111111111111112
0 0.3079720206404977 0.7082084440087958 0.004629629629629629 0.011111111111111112
0 0.45777544124796776 0.5593714970826643 0.004629629629629629 0.011111111111111112
0 0.32172573050401726 0.694543467757299 0.004629629629629629 0.011111111111111112
0 0.622592518470995 0.3956177558417212 0.004629629629629629 0.011111111111111112
0 0.5729448505753126 0.44494511620259275 0.004629629629629629 0.011111111111111112
0 0.6287478616844039 0.38950212452001165 0.004629629629629629 0.011111111111111112
0 0.4136926696094287 0.6031698637428904 0.004629629629629629 0.011111111111111112
0 0.6225202048007132 0.3956896029721945 0.004629629629629629 0.011111111111111112
0 0.27162385455098703 0.7443221058009549 0.004629629629629629 0.011111111111111112
0 0.8282914967152804 0.1912458677796569 0.004629629629629629 0.011111111111111112
0 0.49467198475187163 0.5227129957949146 0.004629629629629629 0.011111111111111112
0 0.2924250116490393 0.7236551497164385 0.004629629629629629 0.011111111111111112
0 0.29621725200612115 0.7198873754261765 0.004629629629629629 0.011111111111111112
0 0.3887423163072717 0.6279592470237431 0.004629629629629629 0.011111111111111112
0 0.5709875128166517 0.44688982597571386 0.004629629629629629 0.011111111111111112
0 0.6164037905606752 0.4017665564752001 0.004629629629629629 0.011111111111111112
0 0.577919086131049 0.44000297248915127 0.004629629629629629 0.011111111111111112
0 0.4535331720014721 0.5635863968501503 0.004629629629629629 0.011111111111111112
0 0.5652854884950896 0.45255506304358845 0.004629629629629629 0.011111111111111112
