0 0.32805265967745617 0.6882573574817532 0.004629629629629629 0.011111111111111112
0 0.5932605353970749 0.4247605003151642 0.004629629629629629 0.011111111111111112
0 0.40144320935974537 0.615340295216769 0.004629629629629629 0.011111111111111112
0 0.6337588232809089 0.38452349170800004 0.004629629629629629 0.011111111111111112
0 0.176270547265788 0.8390602304585075 0.004629629629629629 0.011111111111111112
0 0.4242606087494082 0.5926701048554266 0.004629629629629629 0.011111111111111112
0 0.8188687694618297 0.20060780324437552 0.004629629629629629 0.011111111111111112
0 0.35369747057759243 0.6627779969745211 0.004629629629629629 0.011111111111111112
0 0.16022727272727275 0.855 0.004629629629629629 0.011111111111111112
0 0.20645145061993878 0.8090740426098674 0.004629629629629629 0.011111111111111112
0 0.22144768362967512 0.7941745594905163 0.004629629629629629 0.011111111111111112
0 0.2939642336096742 0.7221258582200656 0.004629629629629629 0.011111111111111112
0 0.4337174930608794 0.5832742327008036 0.004629629629629629 0.011111111111111112
0 0.24619509711497856 0.7695868067373761 0.004629629629629629 0.011111111111111112
0 0.32394088543818395 0.6923426041452883 0.004629629629629629 0.011111111111111112
0 0.4004761397258003 0.6163011256917855 0.004629629629629629 0.011111111111111112
0 0.36203606826855295 0.6544931966880184 0.004629629629629629 0.011111111111111112
0 0.276738650135383 0.7392403088977485 0.004629629629629629 0.011111111111111112
0 0.5964379958969589 0.4216035395604407 0.004629629629629629 0.011111111111111112
0 0.4672801684203861 0.5499280907307131 0.004629629629629629 0.011111111111111112
0 0.29144299416149766 0.7246308316072861 0.004629629629629629 0.011111111111111112
0 0.5343702610912007 0.48327083736745224 0.004629629629629629 0.011111111111111112
0 0.4202517886723792 0.5966530615771201 0.004629629629629629 0.011111111111111112
0 0.19162399710571 0.8238058351336818 0.004629629629629629 0.011111111111111112
0 0.18847460567212881 0.8269349079128526 0.004629629629629629 0.011111111111111112
0 0.22353278895043488 0.7921029064621486 0.004629629629629629 0.011111111111111112
0 0.4548478207645643 0.5622802296919813 0.004629629629629629 0.011111111111111112
0 0.8647727272727272 0.1549999999999999 0.004629629629629629 0.011111111111111112
0 0.7780979317691649 0.24111560327450696 0.004629629629629629 0.011111111111111112
0 0.5376247860351374 0.4800373093586377 0.004629629629629629 0.011111111111111112
