0 0.18448377728301282 0.8308999890220389 0.004629629629629629 0.011111111111111112
0 0.16022727272727275 0.855 0.004629629629629629 0.011111111111111112
0 0.18371613184823643 0.8316626819056232 0.004629629629629629 0.011111111111111112
0 0.1979974383554279 0.8174735128597683 0.004629629629629629 0.011111111111111112
0 0.19034253387668681 0.8250790308580015 0.004629629629629629 0.011111111111111112
0 0.1797007740849173 0.8356521341349853 0.004629629629629629 0.011111111111111112
0 0.4345695361561854 0.5824276866577255 0.004629629629629629 0.011111111111111112
0 0.18478751015411438 0.8305982157178476 0.004629629629629629 0.011111111111111112
0 0.1890907608891527 0.8263227278907773 0.004629629629629629 0.011111111111111112
0 0.3914540673423825 0.6252649911566007 0.004629629629629629 0.011111111111111112
0 0.22643000593150353 0.7892243812035384 0.004629629629629629 0.011111111111111112
0 0.2722887330425117 0.743661516848085 0.004629629629629629 0.011111111111111112
0 0.35737779346047915 0.6591214181102336 0.004629629629629629 0.011111111111111112
0 0.16484497354495756 0.8504120908004937 0.004629629629629629 0.011111111111111112
0 0.39322954601840593 0.6235009671817128 0.004629629629629629 0.011111111111111112
0 0.25045373476000404 0.7653556441739314 0.004629629629629629 0.011111111111111112
0 0.2192978534388178 0.7963105198091746 0.004629629629629629 0.011111111111111112
0 0.16355217539129357 0.8516965483209082 0.004629629629629629 0.011111111111111112
0 0.1744704810150048 0.8408486833786403 0.004629629629629629 0.011111111111111112
0 0.32431903638341136 0.6919668928835784 0.004629629629629629 0.011111111111111112
0 0.17981758411777926 0.8355360777152386 0.004629629629629629 0.011111111111111112
0 0.2557678380813842 0.7600758253901085 0.004629629629629629 0.011111111111111112
0 0.20712508998254062 0.8084047493076694 0.004629629629629629 0.011111111111111112
0 0.16372799075449684 0.8515218672503708 0.004629629629629629 0.011111111111111112
0 0.8647727272727272 0.155 0.004629629629629629 0.011111111111111112
0 0.16476754508503388 0.8504890197219663 0.004629629629629629 0.011111111111111112
0 0.213721948399135 0.8018504512679563 0.004629629629629629 0.011111111111111112
0 0.20731435206570606 0.8082167082702018 0.004629629629629629 0.011111111111111112
0 0.23020108929938174 0.7854776274057756 0.004629629629629629 0.011111111111111112
0 0.16446625118831615 0.8507883697870924 0.004629629629629629 0.011111111111111112
