0 0.17580094067962845 0.8395268073247563 0.004629629629629629 0.011111111111111112
0 0.2509091132642629 0.7649032035955066 0.004629629629629629 0.011111111111111112
0 0.16986833344156163 0.8454211396774163 0.004629629629629629 0.011111111111111112
0 0.3357899370909595 0.6805699979870466 0.004629629629629629 0.011111111111111112
0 0.5262976547885687 0.4912913623390995 0.004629629629629629 0.011111111111111112
0 0.3650966227249372 0.651452387744256 0.004629629629629629 0.011111111111111112
0 0.32386499050492745 0.692418009433814 0.004629629629629629 0.011111111111111112
0 0.5231896508016303 0.4943793146874125 0.004629629629629629 0.011111111111111112
0 0.29431783440179893 0.721774538723374 0.004629629629629629 0.011111111111111112
0 0.21353017816468578 0.8020409842750864 0.004629629629629629 0.011111111111111112
0 0.18567704342128186 0.8297144213749844 0.004629629629629629 0.011111111111111112
0 0.24615964781681526 0.76962202733039 0.004629629629629629 0.011111111111111112
0 0.3025999202216151 0.7135458857152986 0.004629629629629629 0.011111111111111112
0 0.20917360449108932 0.8063694510217565 0.004629629629629629 0.011111111111111112
0 0.4258793716674638 0.5910617855691005 0.004629629629629629 0.011111111111111112
0 0.5684275320604469 0.4494332907270398 0.004629629629629629 0.011111111111111112
0 0.36563482874113096 0.650917654024941 0.004629629629629629 0.011111111111111112
0 0.16022727272727275 0.855 0.004629629629629629 0.011111111111111112
0 0.4946051690104531 0.5227793804670336 0.004629629629629629 0.011111111111111112
0 0.3865876005461152 0.630100061392892 0.004629629629629629 0.011111111111111112
0 0.1688446975512062 0.8464381714652531 0.004629629629629629 0.011111111111111112
0 0.22056691009584228 0.7950496506144534 0.004629629629629629 0.011111111111111112
0 0.2684176710181461 0.7475076042787453 0.004629629629629629 0.011111111111111112
0 0.2598362233790027 0.7560336877395715 0.004629629629629629 0.011111111111111112
0 0.7322195763776304 0.28669796927641894 0.004629629629629629 0.011111111111111112
0 0.6142079370012274 0.4039482432374901 0.004629629629629629 0.011111111111111112
0 0.4163576182275537 0.6005221083416562 0.004629629629629629 0.011111111111111112
0 0.2992041965490977 0.7169197014931545 0.004629629629629629 0.011111111111111112
0 0.8647727272727272 0.155 0.004629629629629629 0.011111111111111112
0 0.17776968404394788 0.8375707655305292 0.004629629629629629 0.011111111111111112
