0 0.3081948078740213 0.7079870941122627 0.004629629629629629 0.011111111111111112
0 0.21962378379883313 0.7959866922256755 0.004629629629629629 0.011111111111111112
0 0.31970890105256833 0.6965472854058353 0.004629629629629629 0.011111111111111112
0 0.5119444331089155 0.5055519825885614 0.004629629629629629 0.011111111111111112
0 0.6273102109084973 0.39093050012962205 0.004629629629629629 0.011111111111111112
0 0.1661555057750496 0.8491100136170475 0.004629629629629629 0.011111111111111112
0 0.7736136501484479 0.2455709540460582 0.004629629629629629 0.011111111111111112
0 0.6096968899035848 0.4084301868054706 0.004629629629629629 0.011111111111111112
0 0.16022727272727275 0.855 0.004629629629629629 0.011111111111111112
0 0.42929042218042535 0.587672741833642 0.004629629629629629 0.011111111111111112
0 0.19473029492604577 0.8207195779444448 0.004629629629629629 0.011111111111111112
0 0.5511419746162596 0.4666073284457809 0.004629629629629629 0.011111111111111112
0 0.324882582670971 0.6914069823785192 0.004629629629629629 0.011111111111111112
0 0.7376051095749159 0.28134718145459964 0.004629629629629629 0.011111111111111112
0 0.6068564567433563 0.4112522945904718 0.004629629629629629 0.011111111111111112
0 0.6549660758446225 0.3634530601285685 0.004629629629629629 0.011111111111111112
0 0.38771991052859184 0.6289750566361088 0.004629629629629629 0.011111111111111112
0 0.5289924082138104 0.48861399441982706 0.004629629629629629 0.011111111111111112
0 0.3055066010743499 0.7106579576422588 0.004629629629629629 0.011111111111111112
0 0.4591210786897709 0.5580345411727438 0.004629629629629629 0.011111111111111112
0 0.4689101379470959 0.5483086371364339 0.004629629629629629 0.011111111111111112
0 0.8647727272727272 0.155 0.004629629629629629 0.011111111111111112
0 0.6692192415363402 0.3492918503445395 0.004629629629629629 0.011111111111111112
0 0.17933620229175384 0.836014353852064 0.004629629629629629 0.011111111111111112
0 0.5209280715137823 0.4966263031411454 0.004629629629629629 0.011111111111111112
0 0.2925750919294945 0.723506037695857 0.004629629629629629 0.011111111111111112
0 0.42154533275018563 0.5953678629449769 0.004629629629629629 0.011111111111111112
0 0.7158310748905083 0.3029807384958821 0.004629629629629629 0.011111111111111112
0 0.45637790814928364 0.5607600138387764 0.004629629629629629 0.011111111111111112
0 0.6307860161238704 0.38747711946402547 0.004629629629629629 0.011111111111111112
