0 0.6654679922521856 0.3530188980204091 0.004629629629629629 0.011111111111111112
0 0.7192406499089873 0.2995931607355867 0.004629629629629629 0.011111111111111112
0 0.7361647754464443 0.2827782231048229 0.004629629629629629 0.011111111111111112
0 0.42783158857786674 0.5891221636065066 0.004629629629629629 0.011111111111111112
0 0.6464410077437769 0.3719231277900539 0.004629629629629629 0.011111111111111112
0 0.8647727272727271 0.155 0.004629629629629629 0.011111111111111112
0 0.8114987203511055 0.20793030365115964 0.004629629629629629 0.011111111111111112
0 0.8480478337333353 0.17161699100042824 0.004629629629629629 0.011111111111111112
0 0.6793568279111342 0.3392196677528085 0.004629629629629629 0.011111111111111112
0 0.7154319036606416 0.30337733442749154 0.004629629629629629 0.011111111111111112
0 0.8241396583836407 0.19537092005754414 0.004629629629629629 0.011111111111111112
0 0.8247039054170898 0.1948103133275365 0.004629629629629629 0.011111111111111112
0 0.5278284232008363 0.48977046985207223 0.004629629629629629 0.011111111111111112
0 0.8407494198919025 0.17886831830094832 0.004629629629629629 0.011111111111111112
0 0.6869718509975339 0.3316537738476114 0.004629629629629629 0.011111111111111112
0 0.631478906885671 0.3867886989652042 0.004629629629629629 0.011111111111111112
0 0.6283227324804238 0.3899245109549337 0.004629629629629629 0.011111111111111112
0 0.6998363506268245 0.3188722709901227 0.004629629629629629 0.011111111111111112
0 0.6979949686697554 0.32070177306359776 0.004629629629629629 0.011111111111111112
0 0.35751103154667535 0.6589890396245935 0.004629629629629629 0.011111111111111112
0 0.644300103548413 0.37405021970028624 0.004629629629629629 0.011111111111111112
0 0.6419019815387712 0.3764328699550273 0.004629629629629629 0.011111111111111112
0 0.5419460349514686 0.475743939467573 0.004629629629629629 0.011111111111111112
0 0.7179720778863695 0.30085354842257483 0.004629629629629629 0.011111111111111112
0 0.6840156986263052 0.334590854268058 0.004629629629629629 0.011111111111111112
0 0.616782168142773 0.4013906200387933 0.004629629629629629 0.011111111111111112
0 0.5891106162470425 0.42888364579326094 0.004629629629629629 0.011111111111111112
0 0.16022727272727272 0.855 0.004629629629629629 0.011111111111111112
0 0.8370012398181496 0.18259231656777378 0.004629629629629629 0.011111111111111112
0 0.7322826402375341 0.28663531228012745 0.004629629629629629 0.011111111111111112
