0 0.722630496892286 0.2962251837328256 0.004629629629629629 0.011111111111111112
0 0.8617282955831149 0.15802479019484053 0.004629629629629629 0.011111111111111112
0 0.769760138988916 0.24939960384327037 0.004629629629629629 0.011111111111111112
0 0.6798020457736746 0.3387773222635749 0.004629629629629629 0.011111111111111112
0 0.6307039326604184 0.38755867335674565 0.004629629629629629 0.011111111111111112
0 0.7979795381031175 0.22136226536851542 0.004629629629629629 0.011111111111111112
0 0.5831865997488566 0.4347694428301684 0.004629629629629629 0.011111111111111112
0 0.47222995623021463 0.5450102370357868 0.004629629629629629 0.011111111111111112
0 0.7424651117269989 0.27651853415511074 0.004629629629629629 0.011111111111111112
0 0.5380408801484762 0.47962389972344954 0.004629629629629629 0.011111111111111112
0 0.8402519110513998 0.17936261740699616 0.004629629629629629 0.011111111111111112
0 0.83403103438337 0.18554335938684516 0.004629629629629629 0.011111111111111112
0 0.7851399460938453 0.23411902130030854 0.004629629629629629 0.011111111111111112
0 0.6252524216072434 0.3929750133708678 0.004629629629629629 0.011111111111111112
0 0.48991531707921715 0.5274389752890358 0.004629629629629629 0.011111111111111112
0 0.16022727272727286 0.8549999999999999 0.004629629629629629 0.011111111111111112
0 0.7693143148993442 0.24984255164839328 0.004629629629629629 0.011111111111111112
0 0.6919842216058227 0.3266737411142149 0.004629629629629629 0.011111111111111112
0 0.5478171558239343 0.4699106967942846 0.004629629629629629 0.011111111111111112
0 0.7535380316146382 0.26551705246029494 0.004629629629629629 0.011111111111111112
0 0.7172262653877977 0.30159454922760753 0.004629629629629629 0.011111111111111112
0 0.795267740831015 0.22405656717434635 0.004629629629629629 0.011111111111111112
0 0.5377614817484401 0.4799014955531627 0.004629629629629629 0.011111111111111112
0 0.8647727272727275 0.15499999999999955 0.004629629629629629 0.011111111111111112
0 0.6586220705560567 0.3598206524797888 0.004629629629629629 0.011111111111111112
0 0.5854924443856091 0.43247847461042715 0.004629629629629629 0.011111111111111112
0 0.2553098593239342 0.7605308494458975 0.004629629629629629 0.011111111111111112
0 0.7623107780958097 0.25680090434351793 0.004629629629629629 0.011111111111111112
0 0.6916472764386757 0.32700851244157364 0.004629629629629629 0.011111111111111112
0 0.6117738684882323 0.40636660808265945 0.004629629629629629 0.011111111111111112
