0 0.1691929910316378 0.846092125039534 0.004629629629629629 0.011111111111111112
0 0.5976505695815574 0.4203987889318721 0.004629629629629629 0.011111111111111112
0 0.4413047845879895 0.5757358914416104 0.004629629629629629 0.011111111111111112
0 0.3033667846004889 0.7127839688485466 0.004629629629629629 0.011111111111111112
0 0.24606518366084168 0.769715882040196 0.004629629629629629 0.011111111111111112
0 0.5202434001111617 0.49730655730891044 0.004629629629629629 0.011111111111111112
0 0.5653935176560191 0.4524477308449875 0.004629629629629629 0.011111111111111112
0 0.6835423121585248 0.3350611866295948 0.004629629629629629 0.011111111111111112
0 0.19834555264922565 0.8171276444646403 0.004629629629629629 0.011111111111111112
0 0.30315284829360506 0.7129965249211924 0.004629629629629629 0.011111111111111112
0 0.6778586332853813 0.34070819660678253 0.004629629629629629 0.011111111111111112
0 0.3118752043315545 0.7043304421480039 0.004629629629629629 0.011111111111111112
0 0.8373692519384284 0.18222667871923887 0.004629629629629629 0.011111111111111112
0 0.4969901974861651 0.5204097392718103 0.004629629629629629 0.011111111111111112
0 0.561743412124163 0.45607428730889615 0.004629629629629629 0.011111111111111112
0 0.8647727272727271 0.15500000000000022 0.004629629629629629 0.011111111111111112
0 0.4432266257374089 0.5738264492673486 0.004629629629629629 0.011111111111111112
0 0.6704633653636249 0.348055753122592 0.004629629629629629 0.011111111111111112
0 0.4660712149271084 0.5511292445240342 0.004629629629629629 0.011111111111111112
0 0.16022727272727272 0.855 0.004629629629629629 0.011111111111111112
0 0.6274168611018108 0.3908245380020719 0.004629629629629629 0.011111111111111112
0 0.38128321803964726 0.6353702220767377 0.004629629629629629 0.011111111111111112
0 0.7169294273802839 0.3018894721512019 0.004629629629629629 0.011111111111111112
0 0.7250077476302469 0.2938632700963999 0.004629629629629629 0.011111111111111112
0 0.482399940176567 0.5349058658890883 0.004629629629629629 0.011111111111111112
0 0.6384845478156975 0.37982825571859735 0.004629629629629629 0.011111111111111112
0 0.35268709567256545 0.6637818533317738 0.004629629629629629 0.011111111111111112
0 0.49697898666555357 0.5204208777645468 0.004629629629629629 0.011111111111111112
0 0.7572822811294394 0.2617969593939763 0.004629629629629629 0.011111111111111112
0 0.6562134582904751 0.362213725311399 0.004629629629629629 0.011111111111111112
