0 0.37542866624547444 0.6411870025690125 0.004629629629629629 0.011111111111111112
0 0.16022727272727275 0.855 0.004629629629629629 0.011111111111111112
0 0.6503929164605292 0.3679967152585709 0.004629629629629629 0.011111111111111112
0 0.5682030791889608 0.4496562955154841 0.004629629629629629 0.011111111111111112
0 0.5407159702542652 0.47696606826350424 0.004629629629629629 0.011111111111111112
0 0.40714503631750115 0.609675254239386 0.004629629629629629 0.011111111111111112
0 0.6542505727055928 0.36416394711831424 0.004629629629629629 0.011111111111111112
0 0.7043239667351986 0.3144136072437382 0.004629629629629629 0.011111111111111112
0 0.5832986231004672 0.43465814220985827 0.004629629629629629 0.011111111111111112
0 0.4621337875243603 0.5550412691693453 0.004629629629629629 0.011111111111111112
0 0.608543224491015 0.4095764092153787 0.004629629629629629 0.011111111111111112
0 0.45383306874835644 0.5632884349209878 0.004629629629629629 0.011111111111111112
0 0.5610859196711396 0.45672753787512566 0.004629629629629629 0.011111111111111112
0 0.6152483734186099 0.40291451931312305 0.004629629629629629 0.011111111111111112
0 0.8647727272727272 0.155 0.004629629629629629 0.011111111111111112
0 0.5432072941488494 0.4744908174263045 0.004629629629629629 0.011111111111111112
0 0.4747237140369405 0.5425325679891043 0.004629629629629629 0.011111111111111112
0 0.6340486684159129 0.38423551654160903 0.004629629629629629 0.011111111111111112
0 0.7818707786352798 0.23736709735591568 0.004629629629629629 0.011111111111111112
0 0.19003918061876784 0.8253804269981274 0.004629629629629629 0.011111111111111112
0 0.4420886147014352 0.5749571182966385 0.004629629629629629 0.011111111111111112
0 0.472096680664163 0.5451426527594767 0.004629629629629629 0.011111111111111112
0 0.37589962637957824 0.6407190808873868 0.004629629629629629 0.011111111111111112
0 0.609317802791155 0.40880682819459446 0.004629629629629629 0.011111111111111112
0 0.46824410007083866 0.5489703779941345 0.004629629629629629 0.011111111111111112
0 0.5092886369138407 0.5081906446146356 0.004629629629629629 0.011111111111111112
0 0.35949678291212706 0.6570160995582737 0.004629629629629629 0.011111111111111112
0 0.4137672227964783 0.603095791544144 0.004629629629629629 0.011111111111111112
0 0.29961148560519923 0.7165150401083826 0.004629629629629629 0.011111111111111112
0 0.6812087134168257 0.337379729895541 0.004629629629629629 0.011111111111111112
