0 0.8134672710996385 0.2059744532300365 0.004629629629629629 0.011111111111111112
0 0.842110945903904 0.17751557632773393 0.004629629629629629 0.011111111111111112
0 0.8319389481064693 0.1876219483329271 0.004629629629629629 0.011111111111111112
0 0.7002063562564886 0.3185046524935531 0.004629629629629629 0.011111111111111112
0 0.48401050261950623 0.5333056941715872 0.004629629629629629 0.011111111111111112
0 0.39972292717003455 0.6170494788117076 0.004629629629629629 0.011111111111111112
0 0.8581997375024986 0.16153058338461415 0.004629629629629629 0.011111111111111112
0 0.8527581816444518 0.16693703243067354 0.004629629629629629 0.011111111111111112
0 0.8647727272727272 0.15499999999999978 0.004629629629629629 0.011111111111111112
0 0.7548966869729594 0.2641671626204143 0.004629629629629629 0.011111111111111112
0 0.8278100881835041 0.19172417044993767 0.004629629629629629 0.011111111111111112
0 0.722172405378172 0.2966803198178161 0.004629629629629629 0.011111111111111112
0 0.7840253407314622 0.23522643566035345 0.004629629629629629 0.011111111111111112
0 0.8282495074347968 0.19128758616155664 0.004629629629629629 0.011111111111111112
0 0.8644811423717038 0.1552897037081134 0.004629629629629629 0.011111111111111112
0 0.4176688811638191 0.59921930516627 0.004629629629629629 0.011111111111111112
0 0.28689812467210535 0.7291463793580372 0.004629629629629629 0.011111111111111112
0 0.6950391502706632 0.3236385216665667 0.004629629629629629 0.011111111111111112
0 0.5802863817622489 0.4376509497329914 0.004629629629629629 0.011111111111111112
0 0.7199761481352539 0.29886240765916683 0.004629629629629629 0.011111111111111112
0 0.8641627864141157 0.15560600575629768 0.004629629629629629 0.011111111111111112
0 0.4446166348678192 0.5724454079377794 0.004629629629629629 0.011111111111111112
0 0.7398814597279987 0.2790855174315366 0.004629629629629629 0.011111111111111112
0 0.746112981408975 0.27289419911624396 0.004629629629629629 0.011111111111111112
0 0.6957273619520725 0.32295475006052127 0.004629629629629629 0.011111111111111112
0 0.37455328324050363 0.6420567379416929 0.004629629629629629 0.011111111111111112
0 0.7812931177965394 0.2379410313505348 0.004629629629629629 0.011111111111111112
0 0.16022727272727272 0.855 0.004629629629629629 0.011111111111111112
0 0.6699653255949531 0.34855057973146586 0.004629629629629629 0.011111111111111112
0 0.5277178389718561 0.48988034063441394 0.004629629629629629 0.011111111111111112
