0 0.6159050868212079 0.4022620427711869 0.004629629629629629 0.011111111111111112
0 0.45769234856782787 0.5594540536809969 0.004629629629629629 0.011111111111111112
0 0.7619638933895019 0.25714555108397863 0.004629629629629629 0.011111111111111112
0 0.649455344397768 0.36892823846931433 0.004629629629629629 0.011111111111111112
0 0.8151797197579437 0.20427305262759138 0.004629629629629629 0.011111111111111112
0 0.6169926839883413 0.4011814623599706 0.004629629629629629 0.011111111111111112
0 0.5441626520829089 0.47354162309181946 0.004629629629629629 0.011111111111111112
0 0.42134336030842157 0.5955685323387295 0.004629629629629629 0.011111111111111112
0 0.6024200077743378 0.4156601213080772 0.004629629629629629 0.011111111111111112
0 0.6954802401391017 0.323200277539215 0.004629629629629629 0.011111111111111112
0 0.16022727272727275 0.855 0.004629629629629629 0.011111111111111112
0 0.8464371899498482 0.17321724353369927 0.004629629629629629 0.011111111111111112
0 0.7498847162760586 0.26914679802249647 0.004629629629629629 0.011111111111111112
0 0.6326411755944882 0.38563392876418595 0.004629629629629629 0.011111111111111112
0 0.7673814282757941 0.25176296803566256 0.004629629629629629 0.011111111111111112
0 0.7258649091697151 0.2930116386313797 0.004629629629629629 0.011111111111111112
0 0.5460906616249936 0.47162605232097393 0.004629629629629629 0.011111111111111112
0 0.8647727272727271 0.155 0.004629629629629629 0.011111111111111112
0 0.6288812980889956 0.38936954899544945 0.004629629629629629 0.011111111111111112
0 0.6864080242956334 0.3322139629578867 0.004629629629629629 0.011111111111111112
0 0.4200197725051261 0.5968835808658746 0.004629629629629629 0.011111111111111112
0 0.8629201536887859 0.1568406214963029 0.004629629629629629 0.011111111111111112
0 0.8196124762331921 0.1998688945812155 0.004629629629629629 0.011111111111111112
0 0.8264658184845757 0.19305976744113104 0.004629629629629629 0.011111111111111112
0 0.8064571804271454 0.21293931751109427 0.004629629629629629 0.011111111111111112
0 0.6973984534928394 0.3212944397555015 0.004629629629629629 0.011111111111111112
0 0.7229846304001272 0.29587333495729295 0.004629629629629629 0.011111111111111112
0 0.7501913799617775 0.26884211281216935 0.004629629629629629 0.011111111111111112
0 0.46136170262587256 0.5558083728749394 0.004629629629629629 0.011111111111111112
0 0.8456207756590269 0.17402839063554734 0.004629629629629629 0.011111111111111112
