0 0.7853392842656092 0.23392096918126573 0.004629629629629629 0.011111111111111112
0 0.7923073732314847 0.2269978356280733 0.004629629629629629 0.011111111111111112
0 0.4911829863469116 0.5261794845327459 0.004629629629629629 0.011111111111111112
0 0.8344972010689742 0.18508020022824484 0.004629629629629629 0.011111111111111112
0 0.8647727272727272 0.155 0.004629629629629629 0.011111111111111112
0 0.4963734802252293 0.5210224777117077 0.004629629629629629 0.011111111111111112
0 0.8229640102987348 0.1965389833160957 0.004629629629629629 0.011111111111111112
0 0.8481979802114203 0.17146781320929858 0.004629629629629629 0.011111111111111112
0 0.8405253968115461 0.179090896071109 0.004629629629629629 0.011111111111111112
0 0.16022727272727275 0.855 0.004629629629629629 0.011111111111111112
0 0.7659301550718404 0.2532048781866877 0.004629629629629629 0.011111111111111112
0 0.8274992699889677 0.19203298336579952 0.004629629629629629 0.011111111111111112
0 0.7588283753441543 0.26026083998064675 0.004629629629629629 0.011111111111111112
0 0.8172884903115812 0.20217788704526765 0.004629629629629629 0.011111111111111112
0 0.768714220315544 0.2504387746542336 0.004629629629629629 0.011111111111111112
0 0.8139268243730164 0.20551786481648673 0.004629629629629629 0.011111111111111112
0 0.6329472178328217 0.38532986099190614 0.004629629629629629 0.011111111111111112
0 0.661880464223822 0.35658328070665424 0.004629629629629629 0.011111111111111112
0 0.8532215075693722 0.16647669570526888 0.004629629629629629 0.011111111111111112
0 0.8211512150665284 0.19834008309519094 0.004629629629629629 0.011111111111111112
0 0.725478762669012 0.2933952938643365 0.004629629629629629 0.011111111111111112
0 0.741438136468816 0.27753888376646657 0.004629629629629629 0.011111111111111112
0 0.7737514091205117 0.24543408384155602 0.004629629629629629 0.011111111111111112
0 0.8131034188600222 0.20633595803584875 0.004629629629629629 0.011111111111111112
0 0.6962644081578497 0.322421168668975 0.004629629629629629 0.011111111111111112
0 0.7229296340711859 0.2959279764712087 0.004629629629629629 0.011111111111111112
0 0.6371916857856879 0.38111277670325217 0.004629629629629629 0.011111111111111112
0 0.6698375160405317 0.34867756470811695 0.004629629629629629 0.011111111111111112
0 0.5717318124853363 0.44615032824037554 0.004629629629629629 0.011111111111111112
0 0.7093495521574008 0.30942044495329196 0.004629629629629629 0.011111111111111112
