0 0.7855892633783654 0.23367260283697874 0.004629629629629629 0.011111111111111112
0 0.7255880571057571 0.2932867045529897 0.004629629629629629 0.011111111111111112
0 0.7740622910011687 0.2451252076504518 0.004629629629629629 0.011111111111111112
0 0.43733840832661014 0.5796766781787228 0.004629629629629629 0.011111111111111112
0 0.8539418022356358 0.16576104810136827 0.004629629629629629 0.011111111111111112
0 0.8647727272727271 0.1550000000000001 0.004629629629629629 0.011111111111111112
0 0.373299184789136 0.6433027454353101 0.004629629629629629 0.011111111111111112
0 0.24025033190270847 0.7754932186256962 0.004629629629629629 0.011111111111111112
0 0.2651334147212627 0.7507706718253262 0.004629629629629629 0.011111111111111112
0 0.5387750287735077 0.47889448754116004 0.004629629629629629 0.011111111111111112
0 0.3732850093639718 0.6433168294061183 0.004629629629629629 0.011111111111111112
0 0.2945554959336955 0.7215384104916832 0.004629629629629629 0.011111111111111112
0 0.16022727272727275 0.855 0.004629629629629629 0.011111111111111112
0 0.30801909037978265 0.7081616779452481 0.004629629629629629 0.011111111111111112
0 0.5809774832524531 0.43696430696207883 0.004629629629629629 0.011111111111111112
0 0.5310422901228757 0.4865773375553364 0.004629629629629629 0.011111111111111112
0 0.4925457522910626 0.5248255106269443 0.004629629629629629 0.011111111111111112
0 0.30060590030178946 0.7155270409904801 0.004629629629629629 0.011111111111111112
0 0.8220454579641627 0.19745160950657373 0.004629629629629629 0.011111111111111112
0 0.6929715545141852 0.3256927780955838 0.004629629629629629 0.011111111111111112
0 0.46130825534253916 0.5558614753370903 0.004629629629629629 0.011111111111111112
0 0.617532118655634 0.4006455079163378 0.004629629629629629 0.011111111111111112
0 0.6682095736017241 0.3502950042924806 0.004629629629629629 0.011111111111111112
0 0.558096214540314 0.4596979545857525 0.004629629629629629 0.011111111111111112
0 0.2067619411559232 0.8087655552386311 0.004629629629629629 0.011111111111111112
0 0.36772750934252796 0.6488384745887142 0.004629629629629629 0.011111111111111112
0 0.21434404650963032 0.8012323666936577 0.004629629629629629 0.011111111111111112
0 0.18592525853049172 0.829467807653576 0.004629629629629629 0.011111111111111112
0 0.5311401594425484 0.4864800996506293 0.004629629629629629 0.011111111111111112
0 0.27495813746191233 0.7410093343926807 0.004629629629629629 0.011111111111111112
