0 0.29685926198354984 0.7192495074486022 0.004629629629629629 0.011111111111111112
0 0.5534425647015848 0.46432158087713515 0.004629629629629629 0.011111111111111112
0 0.19906685907870933 0.8164109916250243 0.004629629629629629 0.011111111111111112
0 0.3265416061758716 0.6897586622510695 0.004629629629629629 0.011111111111111112
0 0.19005661885647765 0.825363101265177 0.004629629629629629 0.011111111111111112
0 0.8647727272727272 0.155 0.004629629629629629 0.011111111111111112
0 0.312533498701662 0.7036763948383487 0.004629629629629629 0.011111111111111112
0 0.4449849472166093 0.5720794717976915 0.004629629629629629 0.011111111111111112
0 0.2166656154949606 0.7989257755727488 0.004629629629629629 0.011111111111111112
0 0.334477787552822 0.681873682044293 0.004629629629629629 0.011111111111111112
0 0.5670416363689589 0.4508102451560021 0.004629629629629629 0.011111111111111112
0 0.2542107860943696 0.7616228318804328 0.004629629629629629 0.011111111111111112
0 0.3786596027618722 0.6379769108043333 0.004629629629629629 0.011111111111111112
0 0.6275610093480777 0.39068131974449055 0.004629629629629629 0.011111111111111112
0 0.5549435766020435 0.4628302529244213 0.004629629629629629 0.011111111111111112
0 0.2871412801434962 0.7289047926316231 0.004629629629629629 0.011111111111111112
0 0.16022727272727275 0.855 0.004629629629629629 0.011111111111111112
0 0.43766338508474234 0.5793537980448366 0.004629629629629629 0.011111111111111112
0 0.34994304579213714 0.6665081996645863 0.004629629629629629 0.011111111111111112
0 0.4445347161758637 0.5725267981220452 0.004629629629629629 0.011111111111111112
0 0.5013227736219059 0.5161051152401709 0.004629629629629629 0.011111111111111112
0 0.5604489451002359 0.4573604029326688 0.004629629629629629 0.011111111111111112
0 0.41808484395286094 0.5988060260081252 0.004629629629629629 0.011111111111111112
0 0.48956974784016905 0.5277823150491224 0.004629629629629629 0.011111111111111112
0 0.5715474533778576 0.4463334979342576 0.004629629629629629 0.011111111111111112
0 0.6330618618333752 0.38521595663006586 0.004629629629629629 0.011111111111111112
0 0.5544836345124586 0.46328722764568625 0.004629629629629629 0.011111111111111112
0 0.5475176063018177 0.47020831373883926 0.004629629629629629 0.011111111111111112
0 0.3944952099221206 0.6222434688515704 0.004629629629629629 0.011111111111111112
0 0.5425573995817362 0.4751365191252428 0.004629629629629629 0.011111111111111112
