0 0.8647727272727272 0.155 0.004629629629629629 0.011111111111111112
0 0.47673498958300836 0.5405342684143013 0.004629629629629629 0.011111111111111112
0 0.44065779569286917 0.5763787062148267 0.004629629629629629 0.011111111111111112
0 0.5603591195942974 0.45744964891921425 0.004629629629629629 0.011111111111111112
0 0.269325273873506 0.7466058569256778 0.004629629629629629 0.011111111111111112
0 0.43761914233722177 0.5793977553552765 0.004629629629629629 0.011111111111111112
0 0.5353955693806798 0.48225214397016325 0.004629629629629629 0.011111111111111112
0 0.36131546537654424 0.6552091505291109 0.004629629629629629 0.011111111111111112
0 0.46637570048638943 0.5508267233877162 0.004629629629629629 0.011111111111111112
0 0.4618863512984051 0.5552871090325523 0.004629629629629629 0.011111111111111112
0 0.6801290629177025 0.33845241490757305 0.004629629629629629 0.011111111111111112
0 0.4383790106065829 0.5786427894618467 0.004629629629629629 0.011111111111111112
0 0.33183964597667026 0.6844948033522115 0.004629629629629629 0.011111111111111112
0 0.5840867783256879 0.4338750718570584 0.004629629629629629 0.011111111111111112
0 0.4760874574717741 0.5411776228990116 0.004629629629629629 0.011111111111111112
0 0.44506397260499475 0.5720009562505213 0.004629629629629629 0.011111111111111112
0 0.392507424400926 0.6242184299500477 0.004629629629629629 0.011111111111111112
0 0.4835963852360095 0.5337171398300293 0.004629629629629629 0.011111111111111112
0 0.47153127495426767 0.5457044106905985 0.004629629629629629 0.011111111111111112
0 0.5756759342458729 0.44223165242668105 0.004629629629629629 0.011111111111111112
0 0.25586034108026234 0.7599839191847716 0.004629629629629629 0.011111111111111112
0 0.5650892352429395 0.45275005014572456 0.004629629629629629 0.011111111111111112
0 0.47876539608569907 0.5385169613084022 0.004629629629629629 0.011111111111111112
0 0.3447191289081637 0.6716984138589858 0.004629629629629629 0.011111111111111112
0 0.4519965675229194 0.565113087751422 0.004629629629629629 0.011111111111111112
0 0.5290750883096186 0.4885318477439919 0.004629629629629629 0.011111111111111112
0 0.3685869188070419 0.6479846097013906 0.004629629629629629 0.011111111111111112
0 0.3616756332914245 0.6548513062781977 0.004629629629629629 0.011111111111111112
0 0.36781450381694064 0.648752041368975 0.004629629629629629 0.011111111111111112
0 0.16022727272727272 0.855 0.004629629629629629 0.011111111111111112
