0 0.5600739946451273 0.4577329343525832 0.004629629629629629 0.011111111111111112
0 0.342113814000118 0.6742869202837537 0.004629629629629629 0.011111111111111112
0 0.7423086792073947 0.276673957432653 0.004629629629629629 0.011111111111111112
0 0.3319968631517921 0.6843386004814452 0.004629629629629629 0.011111111111111112
0 0.38478674918708217 0.6318892943560603 0.004629629629629629 0.011111111111111112
0 0.8412513005687347 0.1783696755639669 0.004629629629629629 0.011111111111111112
0 0.16022727272727275 0.855 0.004629629629629629 0.011111111111111112
0 0.8647727272727272 0.155 0.004629629629629629 0.011111111111111112
0 0.5891478436155152 0.42884665860135895 0.004629629629629629 0.011111111111111112
0 0.5341532206330876 0.4834864775645453 0.004629629629629629 0.011111111111111112
0 0.7002220427536556 0.3184890671995938 0.004629629629629629 0.011111111111111112
0 0.8554474059608045 0.16426515794862007 0.004629629629629629 0.011111111111111112
0 0.458869910481803 0.5582840889406603 0.004629629629629629 0.011111111111111112
0 0.452840820157167 0.5642742819083632 0.004629629629629629 0.011111111111111112
0 0.22789230279027084 0.7877715185180535 0.004629629629629629 0.011111111111111112
0 0.8036635065045874 0.21571496773092622 0.004629629629629629 0.011111111111111112
0 0.6859876097131685 0.33263166518820664 0.004629629629629629 0.011111111111111112
0 0.4247059340183985 0.592227652652688 0.004629629629629629 0.011111111111111112
0 0.24703967502142007 0.7687476777206537 0.004629629629629629 0.011111111111111112
0 0.54725382154594 0.4704703966575821 0.004629629629629629 0.011111111111111112
0 0.5887556736450151 0.4292362984430172 0.004629629629629629 0.011111111111111112
0 0.6736828484592323 0.34485704088566604 0.004629629629629629 0.011111111111111112
0 0.44272642926204925 0.5743234186686736 0.004629629629629629 0.011111111111111112
0 0.7935395904651111 0.2257735681830509 0.004629629629629629 0.011111111111111112
0 0.4233312207275655 0.5935934968255155 0.004629629629629629 0.011111111111111112
0 0.23106774999542504 0.7846165580690615 0.004629629629629629 0.011111111111111112
0 0.5063252336305551 0.5111349291670613 0.004629629629629629 0.011111111111111112
0 0.6605820900153299 0.35787327830734966 0.004629629629629629 0.011111111111111112
0 0.4449557885856902 0.572108442308411 0.004629629629629629 0.011111111111111112
0 0.7502278223256188 0.26880590556035305 0.004629629629629629 0.011111111111111112
