0 0.3715324365337251 0.6450580953148797 0.004629629629629629 0.011111111111111112
0 0.7268192002620929 0.292063504255727 0.004629629629629629 0.011111111111111112
0 0.8295394321261487 0.19000598356498768 0.004629629629629629 0.011111111111111112
0 0.6987298814640788 0.31997160164214106 0.004629629629629629 0.011111111111111112
0 0.8141221377599897 0.20532381151588128 0.004629629629629629 0.011111111111111112
0 0.42341347126943985 0.5935117769322985 0.004629629629629629 0.011111111111111112
0 0.4546074203687093 0.5625190791175404 0.004629629629629629 0.011111111111111112
0 0.19875460972855863 0.8167212264632385 0.004629629629629629 0.011111111111111112
0 0.6224218219940384 0.3957873510510844 0.004629629629629629 0.011111111111111112
0 0.3317632909020767 0.6845706658134206 0.004629629629629629 0.011111111111111112
0 0.6742789197732364 0.34426481519304253 0.004629629629629629 0.011111111111111112
0 0.20866174611646437 0.806878007084287 0.004629629629629629 0.011111111111111112
0 0.511066263472656 0.5064244866142643 0.004629629629629629 0.011111111111111112
0 0.3771501794262484 0.6394765959248887 0.004629629629629629 0.011111111111111112
0 0.17636547351174262 0.838965916639946 0.004629629629629629 0.011111111111111112
0 0.3437762421815038 0.6726352174454737 0.004629629629629629 0.011111111111111112
0 0.49062272525150624 0.5267361310404389 0.004629629629629629 0.011111111111111112
0 0.4622665182829788 0.5549093947382018 0.004629629629629629 0.011111111111111112
0 0.35724543953696203 0.65925291813747 0.004629629629629629 0.011111111111111112
0 0.4232519312772549 0.5936722747309855 0.004629629629629629 0.011111111111111112
0 0.2868144901304365 0.7292294743220179 0.004629629629629629 0.011111111111111112
0 0.5996071758024679 0.4184548059769029 0.004629629629629629 0.011111111111111112
0 0.2674929965551666 0.7484263131000279 0.004629629629629629 0.011111111111111112
0 0.41934458545121106 0.5975544118742806 0.004629629629629629 0.011111111111111112
0 0.16022727272727275 0.855 0.004629629629629629 0.011111111111111112
0 0.4124204729122608 0.6044338527194312 0.004629629629629629 0.011111111111111112
0 0.7369402916036258 0.2820077102776879 0.004629629629629629 0.011111111111111112
0 0.6895774459094529 0.32906498922544675 0.004629629629629629 0.011111111111111112
0 0.39976973133116156 0.6170029766129105 0.004629629629629629 0.011111111111111112
0 0.8647727272727272 0.155 0.004629629629629629 0.011111111111111112
