0 0.17533108219373456 0.8399936344655798 0.004629629629629629 0.011111111111111112
0 0.3007312937725586 0.715402456509845 0.004629629629629629 0.011111111111111112
0 0.17639107488432434 0.83894048043751 0.004629629629629629 0.011111111111111112
0 0.6452515966426646 0.37310486527115905 0.004629629629629629 0.011111111111111112
0 0.32839200175095595 0.6879202047119534 0.004629629629629629 0.011111111111111112
0 0.6909332307105276 0.32771795142308885 0.004629629629629629 0.011111111111111112
0 0.41311317187755753 0.603745622779717 0.004629629629629629 0.011111111111111112
0 0.5708800110952048 0.44699663413766755 0.004629629629629629 0.011111111111111112
0 0.2841699935644052 0.7318569096198814 0.004629629629629629 0.011111111111111112
0 0.6502938166580943 0.3680951757074417 0.004629629629629629 0.011111111111111112
0 0.2571211993892418 0.7587311954455276 0.004629629629629629 0.011111111111111112
0 0.28380074449418685 0.7322237764380337 0.004629629629629629 0.011111111111111112
0 0.3826141527140396 0.6340478740776639 0.004629629629629629 0.011111111111111112
0 0.33298958413624263 0.6833522841485073 0.004629629629629629 0.011111111111111112
0 0.17302901544628188 0.8422808491695006 0.004629629629629629 0.011111111111111112
0 0.5098844996820178 0.5075986261223824 0.004629629629629629 0.011111111111111112
0 0.21538825128920797 0.8001948987191094 0.004629629629629629 0.011111111111111112
0 0.5076188253714539 0.5098496831793297 0.004629629629629629 0.011111111111111112
0 0.3904146651339088 0.6262976875443745 0.004629629629629629 0.011111111111111112
0 0.3380307325646552 0.6783436592583425 0.004629629629629629 0.011111111111111112
0 0.2828390216133536 0.7331792946551197 0.004629629629629629 0.011111111111111112
0 0.44760656929773346 0.5694747634074133 0.004629629629629629 0.011111111111111112
0 0.33122943764499174 0.6851010748559437 0.004629629629629629 0.011111111111111112
0 0.8647727272727271 0.155 0.004629629629629629 0.011111111111111112
0 0.2419633668018612 0.7737912355646024 0.004629629629629629 0.011111111111111112
0 0.2931302563914014 0.722954454940156 0.004629629629629629 0.011111111111111112
0 0.29894139632904815 0.7171808062279135 0.004629629629629629 0.011111111111111112
0 0.16022727272727275 0.855 0.004629629629629629 0.011111111111111112
0 0.5859827128187833 0.43199136919940245 0.004629629629629629 0.011111111111111112
0 0.6361509054097557 0.38214684236708135 0.004629629629629629 0.011111111111111112
