0 0.19690146921925078 0.818562411227325 0.004629629629629629 0.011111111111111112
0 0.3065591513921802 0.7096121979716404 0.004629629629629629 0.011111111111111112
0 0.20725794689932675 0.8082727495322818 0.004629629629629629 0.011111111111111112
0 0.3505437659871644 0.6659113550837206 0.004629629629629629 0.011111111111111112
0 0.23626672948646316 0.7794511203811915 0.004629629629629629 0.011111111111111112
0 0.24867340952146375 0.767124483443191 0.004629629629629629 0.011111111111111112
0 0.22810008403771737 0.787565077794784 0.004629629629629629 0.011111111111111112
0 0.22180061232438106 0.7938239077551311 0.004629629629629629 0.011111111111111112
0 0.8647727272727272 0.155 0.004629629629629629 0.011111111111111112
0 0.22180380291498736 0.7938207377489802 0.004629629629629629 0.011111111111111112
0 0.33398107038163405 0.68236719458857 0.004629629629629629 0.011111111111111112
0 0.3050180032888976 0.711143403183934 0.004629629629629629 0.011111111111111112
0 0.27995609275796746 0.7360436239695033 0.004629629629629629 0.011111111111111112
0 0.6204989816120212 0.39769778601128225 0.004629629629629629 0.011111111111111112
0 0.21572924816277592 0.799856101825371 0.004629629629629629 0.011111111111111112
0 0.22046297482537885 0.7951529153347849 0.004629629629629629 0.011111111111111112
0 0.37038217622681713 0.6462009345875495 0.004629629629629629 0.011111111111111112
0 0.5512280394109725 0.466521818907808 0.004629629629629629 0.011111111111111112
0 0.2950498292556239 0.7210472664169931 0.004629629629629629 0.011111111111111112
0 0.589236737275498 0.4287583384488601 0.004629629629629629 0.011111111111111112
0 0.38603217429493913 0.6306519042488992 0.004629629629629629 0.011111111111111112
0 0.16022727272727275 0.855 0.004629629629629629 0.011111111111111112
0 0.3946797707001275 0.6220600987882603 0.004629629629629629 0.011111111111111112
0 0.19835024893573933 0.8171229784767493 0.004629629629629629 0.011111111111111112
0 0.26358575384936844 0.7523083477883695 0.004629629629629629 0.011111111111111112
0 0.16194391513159642 0.8532944327079623 0.004629629629629629 0.011111111111111112
0 0.47514047355493383 0.5421184972421947 0.004629629629629629 0.011111111111111112
0 0.4045084931534831 0.6122947874475071 0.004629629629629629 0.011111111111111112
0 0.20576639068069985 0.8097546828075628 0.004629629629629629 0.011111111111111112
0 0.4407277550896807 0.5763091981689624 0.004629629629629629 0.011111111111111112
