0 0.5360942184999483 0.48155800226456746 0.004629629629629629 0.011111111111111112
0 0.679625483408967 0.3389527455162522 0.004629629629629629 0.011111111111111112
0 0.6182758331819228 0.39990659154828334 0.004629629629629629 0.011111111111111112
0 0.8303940702754081 0.18915685921023964 0.004629629629629629 0.011111111111111112
0 0.37072575726830936 0.6458595701979377 0.004629629629629629 0.011111111111111112
0 0.8574152485402099 0.1623100111277913 0.004629629629629629 0.011111111111111112
0 0.7296578562552916 0.2892431621721621 0.004629629629629629 0.011111111111111112
0 0.7151333961037214 0.30367391612920597 0.004629629629629629 0.011111111111111112
0 0.6002065054456616 0.4178593429765685 0.004629629629629629 0.011111111111111112
0 0.6273162465152117 0.3909245034623059 0.004629629629629629 0.011111111111111112
0 0.4102565434827756 0.6065838213138874 0.004629629629629629 0.011111111111111112
0 0.6364807094008161 0.38181916614370537 0.004629629629629629 0.011111111111111112
0 0.5486028954461335 0.4691300264599706 0.004629629629629629 0.011111111111111112
0 0.829123840145403 0.19041889430714787 0.004629629629629629 0.011111111111111112
0 0.8025187174755479 0.21685237102429436 0.004629629629629629 0.011111111111111112
0 0.60218062680975 0.4158979578793451 0.004629629629629629 0.011111111111111112
0 0.16022727272727275 0.855 0.004629629629629629 0.011111111111111112
0 0.834485150650808 0.18509217290177798 0.004629629629629629 0.011111111111111112
0 0.7641899946022093 0.25493381181457947 0.004629629629629629 0.011111111111111112
0 0.8594943895197853 0.16024428396098755 0.004629629629629629 0.011111111111111112
0 0.7588652977525887 0.26022415578129904 0.004629629629629629 0.011111111111111112
0 0.7291869253096734 0.28971105485361476 0.004629629629629629 0.011111111111111112
0 0.7025780345782018 0.3161482753223029 0.004629629629629629 0.011111111111111112
0 0.8647727272727272 0.155 0.004629629629629629 0.011111111111111112
0 0.8279311012662924 0.19160393809671586 0.004629629629629629 0.011111111111111112
0 0.8518659429842652 0.16782351471240758 0.004629629629629629 0.011111111111111112
0 0.8091356490557778 0.21027812932522716 0.004629629629629629 0.011111111111111112
0 0.5934018684803433 0.4246200790582395 0.004629629629629629 0.011111111111111112
0 0.8184366485998641 0.2010371362298124 0.004629629629629629 0.011111111111111112
0 0.3130474691896869 0.7031657402889564 0.004629629629629629 0.011111111111111112
