0 0.7073675651905648 0.31138964490743887 0.004629629629629629 0.011111111111111112
0 0.667794362150932 0.3507075369597192 0.004629629629629629 0.011111111111111112
0 0.49547049499631174 0.5219196372294708 0.004629629629629629 0.011111111111111112
0 0.3356574805895236 0.6807015999304089 0.004629629629629629 0.011111111111111112
0 0.16022727272727275 0.855 0.004629629629629629 0.011111111111111112
0 0.8012979960517003 0.21806521682605273 0.004629629629629629 0.011111111111111112
0 0.49506745241929384 0.5223200795317985 0.004629629629629629 0.011111111111111112
0 0.4348181914538976 0.5821806355877405 0.004629629629629629 0.011111111111111112
0 0.34374307847293756 0.6726681671946299 0.004629629629629629 0.011111111111111112
0 0.686719017610532 0.3319049760514714 0.004629629629629629 0.011111111111111112
0 0.607363277397965 0.410748743746538 0.004629629629629629 0.011111111111111112
0 0.24378412057961615 0.7719822285854137 0.004629629629629629 0.011111111111111112
0 0.325963582306602 0.6903329569340858 0.004629629629629629 0.011111111111111112
0 0.34405367810010395 0.6723595714360259 0.004629629629629629 0.011111111111111112
0 0.7273756834149723 0.29151061131673717 0.004629629629629629 0.011111111111111112
0 0.8647727272727271 0.1550000000000001 0.004629629629629629 0.011111111111111112
0 0.6534837269462463 0.3649258454856649 0.004629629629629629 0.011111111111111112
0 0.7605485969383895 0.2585517165902453 0.004629629629629629 0.011111111111111112
0 0.6850554469373692 0.3335578140106139 0.004629629629629629 0.011111111111111112
0 0.6684036662764721 0.3501021638285374 0.004629629629629629 0.011111111111111112
0 0.8012228745682023 0.21813985365481847 0.004629629629629629 0.011111111111111112
0 0.1892333549475151 0.8261810537940818 0.004629629629629629 0.011111111111111112
0 0.7836250367833921 0.23562415700230724 0.004629629629629629 0.011111111111111112
0 0.24676699879208536 0.7690185947485088 0.004629629629629629 0.011111111111111112
0 0.33877610335765684 0.6776030973091668 0.004629629629629629 0.011111111111111112
0 0.6457598151857086 0.372599925557425 0.004629629629629629 0.011111111111111112
0 0.5059857116003184 0.5114722607325869 0.004629629629629629 0.011111111111111112
0 0.23566106066307707 0.7800528816637815 0.004629629629629629 0.011111111111111112
0 0.6849579029144179 0.33365472871728796 0.004629629629629629 0.011111111111111112
0 0.340639524011133 0.6757516987244226 0.004629629629629629 0.011111111111111112
