0 0.17314424424340602 0.8421663637839708 0.004629629629629629 0.011111111111111112
0 0.20732899536058214 0.8082021594481958 0.004629629629629629 0.011111111111111112
0 0.21351336619968886 0.802057687775793 0.004629629629629629 0.011111111111111112
0 0.16022727272727275 0.855 0.004629629629629629 0.011111111111111112
0 0.6803007965610794 0.3382817892231856 0.004629629629629629 0.011111111111111112
0 0.27108756354378033 0.7448549368661795 0.004629629629629629 0.011111111111111112
0 0.28102672349604346 0.7349799005265117 0.004629629629629629 0.011111111111111112
0 0.2944824145192465 0.7216110204131357 0.004629629629629629 0.011111111111111112
0 0.2641669734861448 0.7517308779557014 0.004629629629629629 0.011111111111111112
0 0.18026586328198552 0.8350906906746725 0.004629629629629629 0.011111111111111112
0 0.37214587489809126 0.6444486146173803 0.004629629629629629 0.011111111111111112
0 0.5048861107581779 0.5125647673757457 0.004629629629629629 0.011111111111111112
0 0.47117806220795105 0.5460553446450035 0.004629629629629629 0.011111111111111112
0 0.2523884856875791 0.7634333755104054 0.004629629629629629 0.011111111111111112
0 0.2573979729722277 0.7584562074985608 0.004629629629629629 0.011111111111111112
0 0.8647727272727272 0.155 0.004629629629629629 0.011111111111111112
0 0.6403011393067767 0.37802338417262193 0.004629629629629629 0.011111111111111112
0 0.4633882061246165 0.5537949435923165 0.004629629629629629 0.011111111111111112
0 0.47857549378249703 0.5387056384354546 0.004629629629629629 0.011111111111111112
0 0.6210955565169922 0.3971050599766656 0.004629629629629629 0.011111111111111112
0 0.18733335536498563 0.8280687953147885 0.004629629629629629 0.011111111111111112
0 0.4954232642557988 0.5219665632555289 0.004629629629629629 0.011111111111111112
0 0.24757960228273262 0.7682112338610271 0.004629629629629629 0.011111111111111112
0 0.5077758871362712 0.5096936347162209 0.004629629629629629 0.011111111111111112
0 0.654941818776738 0.363477160699241 0.004629629629629629 0.011111111111111112
0 0.4781718525174797 0.5391066755632783 0.004629629629629629 0.011111111111111112
0 0.3507727290528817 0.6656838691990724 0.004629629629629629 0.011111111111111112
0 0.34009265486690776 0.6762950396806207 0.004629629629629629 0.011111111111111112
0 0.16357608511873256 0.8516727928497754 0.004629629629629629 0.011111111111111112
0 0.2737869844242681 0.7421729316042757 0.004629629629629629 0.011111111111111112
