0 0.5711282584292146 0.4467499883993611 0.004629629629629629 0.011111111111111112
0 0.22614588855417353 0.7895066655655308 0.004629629629629629 0.011111111111111112
0 0.16022727272727272 0.855 0.004629629629629629 0.011111111111111112
0 0.43451032434054826 0.5824865164616487 0.004629629629629629 0.011111111111111112
0 0.43952840868360793 0.5775008068562864 0.004629629629629629 0.011111111111111112
0 0.6587140747329905 0.35972924187819 0.004629629629629629 0.011111111111111112
0 0.2269360623459218 0.7887215896692132 0.004629629629629629 0.011111111111111112
0 0.1669204128164503 0.848350041459785 0.004629629629629629 0.011111111111111112
0 0.21034170513046638 0.8052088865155366 0.004629629629629629 0.011111111111111112
0 0.4466603252943445 0.5704149026107802 0.004629629629629629 0.011111111111111112
0 0.3549020805530091 0.6615811586763652 0.004629629629629629 0.011111111111111112
0 0.5787999272082835 0.43912781425757647 0.004629629629629629 0.011111111111111112
0 0.46513548495946944 0.55205893752414 0.004629629629629629 0.011111111111111112
0 0.4446013635714442 0.5724605807096619 0.004629629629629629 0.011111111111111112
0 0.7370176403210582 0.2819308605842389 0.004629629629629629 0.011111111111111112
0 0.8647727272727272 0.155 0.004629629629629629 0.011111111111111112
0 0.31643481914928684 0.6998002442000634 0.004629629629629629 0.011111111111111112
0 0.8148310575384511 0.2046194654134099 0.004629629629629629 0.011111111111111112
0 0.6122716579560207 0.4058720301598246 0.004629629629629629 0.011111111111111112
0 0.5262104428187736 0.49137801165102485 0.004629629629629629 0.011111111111111112
0 0.6518236214110339 0.3665752406625857 0.004629629629629629 0.011111111111111112
0 0.3791773935467869 0.6374624606051278 0.004629629629629629 0.011111111111111112
0 0.16690426984126072 0.8483660802867474 0.004629629629629629 0.011111111111111112
0 0.8216932000865009 0.19780159475276685 0.004629629629629629 0.011111111111111112
0 0.5529613942612572 0.4647996469920412 0.004629629629629629 0.011111111111111112
0 0.5735392877525676 0.44435451410390053 0.004629629629629629 0.011111111111111112
0 0.19596359494405463 0.8194942347007458 0.004629629629629629 0.011111111111111112
0 0.41557164325503604 0.6013030125078996 0.004629629629629629 0.011111111111111112
0 0.7951363502756702 0.22418711004868896 0.004629629629629629 0.011111111111111112
0 0.4302414598593769 0.5867278398816513 0.004629629629629629 0.011111111111111112
