0 0.6287677536440475 0.38948236089559146 0.004629629629629629 0.011111111111111112
0 0.8647727272727272 0.155 0.004629629629629629 0.011111111111111112
0 0.3400187132812709 0.6763685042237695 0.004629629629629629 0.011111111111111112
0 0.5976042427455924 0.42044481688502433 0.004629629629629629 0.011111111111111112
0 0.17461086554051244 0.8407092045597488 0.004629629629629629 0.011111111111111112
0 0.38038718932144305 0.6362604699645017 0.004629629629629629 0.011111111111111112
0 0.6204530160352083 0.39774345503598657 0.004629629629629629 0.011111111111111112
0 0.6581771335348443 0.3602627189395741 0.004629629629629629 0.011111111111111112
0 0.49624307204712875 0.5211520445467237 0.004629629629629629 0.011111111111111112
0 0.6617135672589333 0.35674910091693085 0.004629629629629629 0.011111111111111112
0 0.632594232891496 0.3856805686110299 0.004629629629629629 0.011111111111111112
0 0.4158079122711195 0.6010682678080491 0.004629629629629629 0.011111111111111112
0 0.5857982853621333 0.4321746068014934 0.004629629629629629 0.011111111111111112
0 0.690379481978766 0.3282681275823874 0.004629629629629629 0.011111111111111112
0 0.28843639618216804 0.7276180321802976 0.004629629629629629 0.011111111111111112
0 0.7677996068046772 0.25134748743277235 0.004629629629629629 0.011111111111111112
0 0.562282462120711 0.4555387150542614 0.004629629629629629 0.011111111111111112
0 0.34198626101828666 0.6744136503431216 0.004629629629629629 0.011111111111111112
0 0.2771014639199069 0.7388798358473183 0.004629629629629629 0.011111111111111112
0 0.5495809184357789 0.4681583132960648 0.004629629629629629 0.011111111111111112
0 0.5641863782003198 0.4536470823041984 0.004629629629629629 0.011111111111111112
0 0.409824710861232 0.6070128679185179 0.004629629629629629 0.011111111111111112
0 0.5674511351255443 0.4504033883268784 0.004629629629629629 0.011111111111111112
0 0.16022727272727275 0.855 0.004629629629629629 0.011111111111111112
0 0.7175374387742898 0.30128538341135097 0.004629629629629629 0.011111111111111112
0 0.5762931212074504 0.44161844731646865 0.004629629629629629 0.011111111111111112
0 0.46750465492269644 0.5497050525284177 0.004629629629629629 0.011111111111111112
0 0.6610950702501767 0.3573636076224051 0.004629629629629629 0.011111111111111112
0 0.7043096391675295 0.31442784237548677 0.004629629629629629 0.011111111111111112
0 0.6292782392007229 0.3889751687941205 0.004629629629629629 0.011111111111111112
