0 0.2448750817639248 0.7708983058603586 0.004629629629629629 0.011111111111111112
0 0.3427791414778273 0.6736258852413846 0.004629629629629629 0.011111111111111112
0 0.18540518929652464 0.8299845216021626 0.004629629629629629 0.011111111111111112
0 0.18592746340001093 0.8294656170090214 0.004629629629629629 0.011111111111111112
0 0.18760848831561783 0.8277954374154507 0.004629629629629629 0.011111111111111112
0 0.33929745126864164 0.6770851129330915 0.004629629629629629 0.011111111111111112
0 0.30820575067367995 0.7079762219113115 0.004629629629629629 0.011111111111111112
0 0.8647727272727272 0.155 0.004629629629629629 0.011111111111111112
0 0.2658587829817299 0.7500499833600877 0.004629629629629629 0.011111111111111112
0 0.17876944392871882 0.836577455709531 0.004629629629629629 0.011111111111111112
0 0.7599012070572378 0.25919492976248626 0.004629629629629629 0.011111111111111112
0 0.22796633202563144 0.787697966890663 0.004629629629629629 0.011111111111111112
0 0.2508296612594651 0.764982143006725 0.004629629629629629 0.011111111111111112
0 0.17284786564837382 0.8424608302590351 0.004629629629629629 0.011111111111111112
0 0.1691220805416024 0.846162578042537 0.004629629629629629 0.011111111111111112
0 0.1817594572176735 0.8336067328288922 0.004629629629629629 0.011111111111111112
0 0.37836038449178244 0.6382741986339711 0.004629629629629629 0.011111111111111112
0 0.1750813820986068 0.8402417235923519 0.004629629629629629 0.011111111111111112
0 0.5709685282976471 0.4469086880139505 0.004629629629629629 0.011111111111111112
0 0.24055739355358247 0.775188138017731 0.004629629629629629 0.011111111111111112
0 0.5557158990678494 0.4620629131842013 0.004629629629629629 0.011111111111111112
0 0.3133349160974656 0.7028801478773568 0.004629629629629629 0.011111111111111112
0 0.38932268274490733 0.6273826248857051 0.004629629629629629 0.011111111111111112
0 0.24272110902515862 0.7730383820008101 0.004629629629629629 0.011111111111111112
0 0.4000381350955936 0.6167363044856684 0.004629629629629629 0.011111111111111112
0 0.5279288809993116 0.4896706601684259 0.004629629629629629 0.011111111111111112
0 0.16022727272727272 0.855 0.004629629629629629 0.011111111111111112
0 0.3515337792042622 0.6649277290486686 0.004629629629629629 0.011111111111111112
0 0.2483909385706742 0.7674051320007496 0.004629629629629629 0.011111111111111112
0 0.21568711338065172 0.7998979647701913 0.004629629629629629 0.011111111111111112
