0 0.4603265909058454 0.5568368064548376 0.004629629629629629 0.011111111111111112
0 0.6301916051105068 0.3880676955676256 0.004629629629629629 0.011111111111111112
0 0.16022727272727275 0.855 0.004629629629629629 0.011111111111111112
0 0.741783749150865 0.27719550084365685 0.004629629629629629 0.011111111111111112
0 0.46135002587639584 0.5558199742905486 0.004629629629629629 0.011111111111111112
0 0.8647727272727275 0.155 0.004629629629629629 0.011111111111111112
0 0.18340601588729852 0.8319707971184259 0.004629629629629629 0.011111111111111112
0 0.22794966585462711 0.7877145255379834 0.004629629629629629 0.011111111111111112
0 0.2408146284039692 0.7749325627470242 0.004629629629629629 0.011111111111111112
0 0.26278979750129655 0.7530991689341957 0.004629629629629629 0.011111111111111112
0 0.6083188647352437 0.40979932148885473 0.004629629629629629 0.011111111111111112
0 0.4016511795006241 0.6151336668187348 0.004629629629629629 0.011111111111111112
0 0.6796554006762461 0.33892302126360074 0.004629629629629629 0.011111111111111112
0 0.18801775071287438 0.827388815420757 0.004629629629629629 0.011111111111111112
0 0.24551110021724384 0.7702663907518997 0.004629629629629629 0.011111111111111112
0 0.26168977568616775 0.7541920938343882 0.004629629629629629 0.011111111111111112
0 0.3173695921694583 0.6988715019735705 0.004629629629629629 0.011111111111111112
0 0.43479900549711736 0.5821996977641545 0.004629629629629629 0.011111111111111112
0 0.1681671091276567 0.8471113883505863 0.004629629629629629 0.011111111111111112
0 0.2682635169846071 0.7476607637701324 0.004629629629629629 0.011111111111111112
0 0.17907895212382263 0.8362699443414924 0.004629629629629629 0.011111111111111112
0 0.19951122114503206 0.8159694964107423 0.004629629629629629 0.011111111111111112
0 0.20871173955877925 0.8068283361803096 0.004629629629629629 0.011111111111111112
0 0.21723849127350803 0.7983565957669662 0.004629629629629629 0.011111111111111112
0 0.35467628832764464 0.661805494177695 0.004629629629629629 0.011111111111111112
0 0.6300770046720946 0.38818155664837056 0.004629629629629629 0.011111111111111112
0 0.22353281459216182 0.7921028809858521 0.004629629629629629 0.011111111111111112
0 0.4128444526554794 0.6040126083293946 0.004629629629629629 0.011111111111111112
0 0.2480094166718718 0.7677841924679467 0.004629629629629629 0.011111111111111112
0 0.54760193534668 0.4701245287523309 0.004629629629629629 0.011111111111111112
