0 0.6009714648891401 0.4170993187553058 0.004629629629629629 0.011111111111111112
0 0.7978822575530127 0.22145891830216805 0.004629629629629629 0.011111111111111112
0 0.6583417588282782 0.3600991557448076 0.004629629629629629 0.011111111111111112
0 0.6136786363821641 0.4044741290138497 0.004629629629629629 0.011111111111111112
0 0.8107450159038868 0.2086791454890415 0.004629629629629629 0.011111111111111112
0 0.8000259934974349 0.21932901291222584 0.004629629629629629 0.011111111111111112
0 0.16022727272727272 0.855 0.004629629629629629 0.011111111111111112
0 0.8541470618607354 0.16555711273191445 0.004629629629629629 0.011111111111111112
0 0.8468656429625437 0.17279155473398874 0.004629629629629629 0.011111111111111112
0 0.5470859731845705 0.47063716212629764 0.004629629629629629 0.011111111111111112
0 0.3810896634361297 0.6355625279408773 0.004629629629629629 0.011111111111111112
0 0.5197221533873136 0.49782444115066893 0.004629629629629629 0.011111111111111112
0 0.414880546056003 0.601989651015326 0.004629629629629629 0.011111111111111112
0 0.35004123101373835 0.6664106478960278 0.004629629629629629 0.011111111111111112
0 0.6107833610901776 0.40735072511040404 0.004629629629629629 0.011111111111111112
0 0.31753966906862474 0.6987025223447212 0.004629629629629629 0.011111111111111112
0 0.7843991063793223 0.2348550814037701 0.004629629629629629 0.011111111111111112
0 0.3585018940071473 0.6580045698251566 0.004629629629629629 0.011111111111111112
0 0.683088445681014 0.3355121249362828 0.004629629629629629 0.011111111111111112
0 0.5957126182536236 0.4223242373480125 0.004629629629629629 0.011111111111111112
0 0.8290599672142358 0.1904823551548884 0.004629629629629629 0.011111111111111112
0 0.2826982378851893 0.7333191701011668 0.004629629629629629 0.011111111111111112
0 0.8046680510760097 0.21471690409222266 0.004629629629629629 0.011111111111111112
0 0.7041256989205886 0.31461059591115714 0.004629629629629629 0.011111111111111112
0 0.5832689423672397 0.4346876314544843 0.004629629629629629 0.011111111111111112
0 0.8307161294680754 0.1888368778188153 0.004629629629629629 0.011111111111111112
0 0.5012631844197037 0.5161643199959072 0.004629629629629629 0.011111111111111112
0 0.8647727272727271 0.155 0.004629629629629629 0.011111111111111112
0 0.3966984118072881 0.6200544811721138 0.004629629629629629 0.011111111111111112
0 0.6300208716018881 0.3882373275697369 0.004629629629629629 0.011111111111111112
