0 0.16022727272727272 0.855 0.004629629629629629 0.011111111111111112
0 0.254713640929009 0.761123221270533 0.004629629629629629 0.011111111111111112
0 0.5852946722995427 0.4326749707475511 0.004629629629629629 0.011111111111111112
0 0.19481754224823716 0.8206328935082031 0.004629629629629629 0.011111111111111112
0 0.19459300575819416 0.8208559813757297 0.004629629629629629 0.011111111111111112
0 0.27415665160391084 0.741805649374179 0.004629629629629629 0.011111111111111112
0 0.2598594893647966 0.7560105718569118 0.004629629629629629 0.011111111111111112
0 0.18882680992778153 0.8265849759427204 0.004629629629629629 0.011111111111111112
0 0.37873810093956856 0.6378989190664931 0.004629629629629629 0.011111111111111112
0 0.2645837086500484 0.7513168314057584 0.004629629629629629 0.011111111111111112
0 0.4566844519776536 0.5604554477125248 0.004629629629629629 0.011111111111111112
0 0.24501888256786042 0.7707554328035451 0.004629629629629629 0.011111111111111112
0 0.19632582974245721 0.8191343369010425 0.004629629629629629 0.011111111111111112
0 0.27407134878034534 0.7418904018569472 0.004629629629629629 0.011111111111111112
0 0.1894968834560416 0.8259192254694813 0.004629629629629629 0.011111111111111112
0 0.35846922181953633 0.6580370312244607 0.004629629629629629 0.011111111111111112
0 0.7111747835028582 0.3076069892939344 0.004629629629629629 0.011111111111111112
0 0.22789977473492062 0.7877640947794983 0.004629629629629629 0.011111111111111112
0 0.41817054429604683 0.5987208785703793 0.004629629629629629 0.011111111111111112
0 0.4028110892287909 0.6139812403791368 0.004629629629629629 0.011111111111111112
0 0.16500425976849417 0.8502538322300123 0.004629629629629629 0.011111111111111112
0 0.8647727272727271 0.1550000000000001 0.004629629629629629 0.011111111111111112
0 0.16633871167868994 0.848927989686979 0.004629629629629629 0.011111111111111112
0 0.6423946196465475 0.3759434101576237 0.004629629629629629 0.011111111111111112
0 0.2644464405221924 0.7514532139327895 0.004629629629629629 0.011111111111111112
0 0.20619839800676515 0.8093254626255366 0.004629629629629629 0.011111111111111112
0 0.3230946777164337 0.693183352462382 0.004629629629629629 0.011111111111111112
0 0.2940153138453943 0.7220751075342534 0.004629629629629629 0.011111111111111112
0 0.2498498906841812 0.7659555924815231 0.004629629629629629 0.011111111111111112
0 0.4253345158278983 0.591603126209701 0.004629629629629629 0.011111111111111112
