0 0.7993008161606069 0.22004951168559056 0.004629629629629629 0.011111111111111112
0 0.3348989241593035 0.6814552624481759 0.004629629629629629 0.011111111111111112
0 0.6281979201810635 0.39004851801365326 0.004629629629629629 0.011111111111111112
0 0.2648462846244546 0.7510559494698967 0.004629629629629629 0.011111111111111112
0 0.8647727272727271 0.1550000000000001 0.004629629629629629 0.011111111111111112
0 0.516703539100251 0.5008235805068474 0.004629629629629629 0.011111111111111112
0 0.25233676938572547 0.7634847581586985 0.004629629629629629 0.011111111111111112
0 0.16958652052681286 0.8457011344443278 0.004629629629629629 0.011111111111111112
0 0.6044597407510043 0.41363354789900236 0.004629629629629629 0.011111111111111112
0 0.24637217183736587 0.7694108744325526 0.004629629629629629 0.011111111111111112
0 0.16022727272727275 0.855 0.004629629629629629 0.011111111111111112
0 0.726670424134955 0.2922113205368835 0.004629629629629629 0.011111111111111112
0 0.7670298410852083 0.25211228692179305 0.004629629629629629 0.011111111111111112
0 0.6516390797269043 0.36675859175520487 0.004629629629629629 0.011111111111111112
0 0.16181635411451972 0.8534211707507352 0.004629629629629629 0.011111111111111112
0 0.2936028760225372 0.7224848844679308 0.004629629629629629 0.011111111111111112
0 0.8551012901857602 0.164609040718664 0.004629629629629629 0.011111111111111112
0 0.602850323902617 0.4152325814128839 0.004629629629629629 0.011111111111111112
0 0.8636908880118447 0.15607485965274792 0.004629629629629629 0.011111111111111112
0 0.5958184998291182 0.4222190388794568 0.004629629629629629 0.011111111111111112
0 0.4214977241848013 0.5954151643583265 0.004629629629629629 0.011111111111111112
0 0.39360391091113966 0.6231290175463516 0.004629629629629629 0.011111111111111112
0 0.627078969574049 0.39116024958449325 0.004629629629629629 0.011111111111111112
0 0.660806837444359 0.35764998086173366 0.004629629629629629 0.011111111111111112
0 0.40618804341177944 0.6106260729973289 0.004629629629629629 0.011111111111111112
0 0.37367640074901204 0.642927963126788 0.004629629629629629 0.011111111111111112
0 0.3359929477283283 0.6803682970957254 0.004629629629629629 0.011111111111111112
0 0.34362960163658335 0.6727809119223624 0.004629629629629629 0.011111111111111112
0 0.3391107783504834 0.6772705815098422 0.004629629629629629 0.011111111111111112
0 0.7369098534328242 0.2820379520731941 0.004629629629629629 0.011111111111111112
