0 0.25407338101986976 0.761759350470581 0.004629629629629629 0.011111111111111112
0 0.33346739620642574 0.6828775547368415 0.004629629629629629 0.011111111111111112
0 0.23493495620346225 0.7807743015784956 0.004629629629629629 0.011111111111111112
0 0.4393818480853928 0.5776464219022548 0.004629629629629629 0.011111111111111112
0 0.8647727272727275 0.155 0.004629629629629629 0.011111111111111112
0 0.20322913708562979 0.8122755670246001 0.004629629629629629 0.011111111111111112
0 0.5332178890199308 0.4844157747801977 0.004629629629629629 0.011111111111111112
0 0.36509645974526017 0.6514525496724511 0.004629629629629629 0.011111111111111112
0 0.27608967489755665 0.7398850971985567 0.004629629629629629 0.011111111111111112
0 0.39315215733506437 0.6235778565832263 0.004629629629629629 0.011111111111111112
0 0.3603853178351665 0.6561332971186089 0.004629629629629629 0.011111111111111112
0 0.26000994695572605 0.7558610849601173 0.004629629629629629 0.011111111111111112
0 0.20774177746404116 0.8077920404550817 0.004629629629629629 0.011111111111111112
0 0.4278944608615404 0.5890596969504696 0.004629629629629629 0.011111111111111112
0 0.4233894056372896 0.5935356873023059 0.004629629629629629 0.011111111111111112
0 0.30982729347855864 0.7063651406729159 0.004629629629629629 0.011111111111111112
0 0.16022727272727275 0.855 0.004629629629629629 0.011111111111111112
0 0.22554985930132465 0.7900988494683613 0.004629629629629629 0.011111111111111112
0 0.5463984520715872 0.4713202476191973 0.004629629629629629 0.011111111111111112
0 0.5668298129436083 0.4510207019786085 0.004629629629629629 0.011111111111111112
0 0.30282205661636263 0.7133251824585817 0.004629629629629629 0.011111111111111112
0 0.30723129617465694 0.7089443896071151 0.004629629629629629 0.011111111111111112
0 0.5060341877715662 0.511424097310831 0.004629629629629629 0.011111111111111112
0 0.5187111455712987 0.4988289263356128 0.004629629629629629 0.011111111111111112
0 0.5148094226445246 0.5027054768564079 0.004629629629629629 0.011111111111111112
0 0.6592206148166755 0.3592259697950451 0.004629629629629629 0.011111111111111112
0 0.3863347308470564 0.6303512996745376 0.004629629629629629 0.011111111111111112
0 0.2342887313415014 0.7814163572477986 0.004629629629629629 0.011111111111111112
0 0.22262639956545793 0.7930034481736741 0.004629629629629629 0.011111111111111112
0 0.31108368920567303 0.7051168507246862 0.004629629629629629 0.011111111111111112
