0 0.19128534372062125 0.8241423036582215 0.004629629629629629 0.011111111111111112
0 0.4129468055896051 0.6039109157367795 0.004629629629629629 0.011111111111111112
0 0.232699361091545 0.7829954734961425 0.004629629629629629 0.011111111111111112
0 0.19443869286023116 0.8210092987066091 0.004629629629629629 0.011111111111111112
0 0.27178239716939995 0.7441645860381445 0.004629629629629629 0.011111111111111112
0 0.42939608177166977 0.5875677639171797 0.004629629629629629 0.011111111111111112
0 0.3606998699726942 0.6558207743497103 0.004629629629629629 0.011111111111111112
0 0.16022727272727275 0.855 0.004629629629629629 0.011111111111111112
0 0.23306670381495512 0.7826305007257865 0.004629629629629629 0.011111111111111112
0 0.21891833374581732 0.7966875909880268 0.004629629629629629 0.011111111111111112
0 0.33935650879892826 0.6770264364191294 0.004629629629629629 0.011111111111111112
0 0.29177986602154304 0.7242961331140798 0.004629629629629629 0.011111111111111112
0 0.37109084651421637 0.6454968363665204 0.004629629629629629 0.011111111111111112
0 0.20449319245891204 0.8110196668472744 0.004629629629629629 0.011111111111111112
0 0.19606344883443416 0.8193950250290138 0.004629629629629629 0.011111111111111112
0 0.3270327287620271 0.6892707081977281 0.004629629629629629 0.011111111111111112
0 0.2603595648364591 0.7555137226786148 0.004629629629629629 0.011111111111111112
0 0.546276757166616 0.4714411573957493 0.004629629629629629 0.011111111111111112
0 0.24851687484568102 0.7672800082178395 0.004629629629629629 0.011111111111111112
0 0.427985884265037 0.5889688633753827 0.004629629629629629 0.011111111111111112
0 0.32072115938966306 0.6955415577676896 0.004629629629629629 0.011111111111111112
0 0.20115178215505036 0.8143395196653048 0.004629629629629629 0.011111111111111112
0 0.2899342725730659 0.7261298195080507 0.004629629629629629 0.011111111111111112
0 0.28199939980422084 0.7340134995493549 0.004629629629629629 0.011111111111111112
0 0.3133476044251051 0.7028675414098957 0.004629629629629629 0.011111111111111112
0 0.16469690361064593 0.8505592054449066 0.004629629629629629 0.011111111111111112
0 0.29455877693207033 0.7215351506610399 0.004629629629629629 0.011111111111111112
0 0.24084285086786694 0.7749045223635387 0.004629629629629629 0.011111111111111112
0 0.49207631701120913 0.525291917292089 0.004629629629629629 0.011111111111111112
0 0.8647727272727272 0.155 0.004629629629629629 0.011111111111111112
