0 0.8647727272727272 0.155 0.004629629629629629 0.011111111111111112
0 0.274666244401129 0.7412993442724266 0.004629629629629629 0.011111111111111112
0 0.766738502960813 0.2524017454453859 0.004629629629629629 0.011111111111111112
0 0.643334262857721 0.37500982916071596 0.004629629629629629 0.011111111111111112
0 0.5958018947002675 0.4222355368784439 0.004629629629629629 0.011111111111111112
0 0.8563556326300549 0.1633627908062681 0.004629629629629629 0.011111111111111112
0 0.16022727272727272 0.855 0.004629629629629629 0.011111111111111112
0 0.4679106784272919 0.5493016485303036 0.004629629629629629 0.011111111111111112
0 0.8039837465298452 0.21539679377034734 0.004629629629629629 0.011111111111111112
0 0.683859540549708 0.33474600487319345 0.004629629629629629 0.011111111111111112
0 0.45786910215965765 0.5592784404349207 0.004629629629629629 0.011111111111111112
0 0.4140588655321809 0.6028060303744783 0.004629629629629629 0.011111111111111112
0 0.5172168329935002 0.500313598187103 0.004629629629629629 0.011111111111111112
0 0.6624102409064173 0.35605692193814026 0.004629629629629629 0.011111111111111112
0 0.33702703073155954 0.6793408855957408 0.004629629629629629 0.011111111111111112
0 0.6471050415538742 0.3712633780690541 0.004629629629629629 0.011111111111111112
0 0.5374360998126861 0.4802247782506215 0.004629629629629629 0.011111111111111112
0 0.5447925688994155 0.4729157702547743 0.004629629629629629 0.011111111111111112
0 0.6939164580771687 0.32475397068461953 0.004629629629629629 0.011111111111111112
0 0.5675924459484869 0.45026298918666474 0.004629629629629629 0.011111111111111112
0 0.38378109890357737 0.6328884565732199 0.004629629629629629 0.011111111111111112
0 0.641373752650916 0.3769576909145737 0.004629629629629629 0.011111111111111112
0 0.5709214213156977 0.4469554910798876 0.004629629629629629 0.011111111111111112
0 0.4499909601214576 0.5671057557502938 0.004629629629629629 0.011111111111111112
0 0.4356200200913808 0.5813839800382411 0.004629629629629629 0.011111111111111112
0 0.7509836496308178 0.26805495456034895 0.004629629629629629 0.011111111111111112
0 0.7437157290027336 0.27527598537792913 0.004629629629629629 0.011111111111111112
0 0.7414657936306711 0.2775114050379138 0.004629629629629629 0.011111111111111112
0 0.7779049797134473 0.24130731047825246 0.004629629629629629 0.011111111111111112
0 0.16807233922935333 0.8472055468301908 0.004629629629629629 0.011111111111111112
