0 0.19708160287750146 0.8183834397217082 0.004629629629629629 0.011111111111111112
0 0.5261079657058764 0.4914798276212583 0.004629629629629629 0.011111111111111112
0 0.6779178672034448 0.340649344843029 0.004629629629629629 0.011111111111111112
0 0.27508282843653376 0.74088544787596 0.004629629629629629 0.011111111111111112
0 0.17742036734686897 0.8379178285714979 0.004629629629629629 0.011111111111111112
0 0.487418052843047 0.5299201281430372 0.004629629629629629 0.011111111111111112
0 0.38599067076550153 0.6306931400136307 0.004629629629629629 0.011111111111111112
0 0.306916105353711 0.7092575469388936 0.004629629629629629 0.011111111111111112
0 0.20121858328405248 0.8142731495113285 0.004629629629629629 0.011111111111111112
0 0.19515455251941746 0.8202980574968369 0.004629629629629629 0.011111111111111112
0 0.2975528073681983 0.7185604365503062 0.004629629629629629 0.011111111111111112
0 0.5788813599605876 0.43904690687786774 0.004629629629629629 0.011111111111111112
0 0.8647727272727275 0.155 0.004629629629629629 0.011111111111111112
0 0.16022727272727275 0.855 0.004629629629629629 0.011111111111111112
0 0.25958113544028855 0.7562871299496489 0.004629629629629629 0.011111111111111112
0 0.26825072130110034 0.7476734769008423 0.004629629629629629 0.011111111111111112
0 0.4455064247562354 0.5715613586292886 0.004629629629629629 0.011111111111111112
0 0.34359625538205335 0.6728140430397663 0.004629629629629629 0.011111111111111112
0 0.37129968810495223 0.6452893421408862 0.004629629629629629 0.011111111111111112
0 0.33841182038497986 0.6779650300691168 0.004629629629629629 0.011111111111111112
0 0.3076144412076645 0.7085637164775462 0.004629629629629629 0.011111111111111112
0 0.23072271174071132 0.784959370270519 0.004629629629629629 0.011111111111111112
0 0.17966322846066 0.8356894375294088 0.004629629629629629 0.011111111111111112
0 0.21781479317707986 0.7977840119401917 0.004629629629629629 0.011111111111111112
0 0.3882324030865312 0.628465870481769 0.004629629629629629 0.011111111111111112
0 0.1788207508326965 0.8365264798178371 0.004629629629629629 0.011111111111111112
0 0.24089741110705604 0.7748503141258928 0.004629629629629629 0.011111111111111112
0 0.19347800070465213 0.8219637928482811 0.004629629629629629 0.011111111111111112
0 0.16495465844709808 0.8503031135428832 0.004629629629629629 0.011111111111111112
0 0.36318806932028436 0.6533486279011369 0.004629629629629629 0.011111111111111112
