0 0.24789704387235592 0.7678958402816592 0.004629629629629629 0.011111111111111112
0 0.17777567848123046 0.8375648097670355 0.004629629629629629 0.011111111111111112
0 0.25558380213846144 0.7602586740043673 0.004629629629629629 0.011111111111111112
0 0.7376876910287692 0.2812651327843196 0.004629629629629629 0.011111111111111112
0 0.2765525462740142 0.739425212089044 0.004629629629629629 0.011111111111111112
0 0.16366965617202028 0.8515798254807024 0.004629629629629629 0.011111111111111112
0 0.16022727272727275 0.855 0.004629629629629629 0.011111111111111112
0 0.45967521374811554 0.5574839811792918 0.004629629629629629 0.011111111111111112
0 0.30871704192915067 0.7074682293091019 0.004629629629629629 0.011111111111111112
0 0.3043403435305229 0.7118166909438676 0.004629629629629629 0.011111111111111112
0 0.17677498933354124 0.8385590428557074 0.004629629629629629 0.011111111111111112
0 0.20006429945868037 0.8154199863442788 0.004629629629629629 0.011111111111111112
0 0.46590616429523835 0.5512932303131179 0.004629629629629629 0.011111111111111112
0 0.19845250094776345 0.8170213861551253 0.004629629629629629 0.011111111111111112
0 0.4570288670205813 0.5601132547021321 0.004629629629629629 0.011111111111111112
0 0.8647727272727272 0.1549999999999999 0.004629629629629629 0.011111111111111112
0 0.42204655362413906 0.5948698757540811 0.004629629629629629 0.011111111111111112
0 0.21672760360145635 0.7988641873895208 0.004629629629629629 0.011111111111111112
0 0.44842493234906206 0.568661680117706 0.004629629629629629 0.011111111111111112
0 0.6263397646829993 0.3918946854117297 0.004629629629629629 0.011111111111111112
0 0.2861086358869299 0.7299307746671794 0.004629629629629629 0.011111111111111112
0 0.37279462533468094 0.6438040496674784 0.004629629629629629 0.011111111111111112
0 0.43908741895086706 0.5779389514939772 0.004629629629629629 0.011111111111111112
0 0.17169658912816058 0.8436046791887953 0.004629629629629629 0.011111111111111112
0 0.24908626407841553 0.7667142924640259 0.004629629629629629 0.011111111111111112
0 0.71982978627484 0.29900782524951386 0.004629629629629629 0.011111111111111112
0 0.6805707057684266 0.3380136213655633 0.004629629629629629 0.011111111111111112
0 0.5895519813271277 0.42844512822982156 0.004629629629629629 0.011111111111111112
0 0.3039819374194331 0.7121727847574665 0.004629629629629629 0.011111111111111112
0 0.1844753750913633 0.8309083370060003 0.004629629629629629 0.011111111111111112
