0 0.19794935717513643 0.8175212838388967 0.004629629629629629 0.011111111111111112
0 0.7606621833939549 0.2584388629505223 0.004629629629629629 0.011111111111111112
0 0.8647727272727272 0.155 0.004629629629629629 0.011111111111111112
0 0.4338169772771492 0.5831753903181873 0.004629629629629629 0.011111111111111112
0 0.5090596318531194 0.5084181722233524 0.004629629629629629 0.011111111111111112
0 0.5965371795175722 0.42150499583415396 0.004629629629629629 0.011111111111111112
0 0.7193791763286752 0.29945552803473563 0.004629629629629629 0.011111111111111112
0 0.7414341176927096 0.2775428766149853 0.004629629629629629 0.011111111111111112
0 0.41537720780592474 0.6014961935347587 0.004629629629629629 0.011111111111111112
0 0.22233148642763476 0.7932964586460919 0.004629629629629629 0.011111111111111112
0 0.8610390915739462 0.1587095477265308 0.004629629629629629 0.011111111111111112
0 0.19746677258121964 0.8180007549838204 0.004629629629629629 0.011111111111111112
0 0.7820010972371965 0.23723761951917244 0.004629629629629629 0.011111111111111112
0 0.2671221605678571 0.7487947565970969 0.004629629629629629 0.011111111111111112
0 0.48001741969889017 0.5372730152669092 0.004629629629629629 0.011111111111111112
0 0.36079371907372687 0.6557275307267487 0.004629629629629629 0.011111111111111112
0 0.3625991475592971 0.6539337501668918 0.004629629629629629 0.011111111111111112
0 0.6144468998479177 0.40371082208658504 0.004629629629629629 0.011111111111111112
0 0.610409665135529 0.40772201012340986 0.004629629629629629 0.011111111111111112
0 0.2548623837111181 0.7609754381192763 0.004629629629629629 0.011111111111111112
0 0.16022727272727272 0.855 0.004629629629629629 0.011111111111111112
0 0.6187874066879844 0.3993983185164542 0.004629629629629629 0.011111111111111112
0 0.23183181518311935 0.7838574223341911 0.004629629629629629 0.011111111111111112
0 0.8094942165989333 0.2099218751210599 0.004629629629629629 0.011111111111111112
0 0.7512828535358004 0.2677576810031402 0.004629629629629629 0.011111111111111112
0 0.8355382389213513 0.18404587874910908 0.004629629629629629 0.011111111111111112
0 0.5829863362050732 0.4349684143510885 0.004629629629629629 0.011111111111111112
0 0.8423236446705299 0.17730424981121543 0.004629629629629629 0.011111111111111112
0 0.40829476626035505 0.6085329419090666 0.004629629629629629 0.011111111111111112
0 0.25968414383517757 0.7561847861250495 0.004629629629629629 0.011111111111111112
