0 0.21296389700908255 0.8026036120038793 0.004629629629629629 0.011111111111111112
0 0.3368133167716259 0.679553220755933 0.004629629629629629 0.011111111111111112
0 0.347852351143657 0.6685854059604955 0.004629629629629629 0.011111111111111112
0 0.2162501924518455 0.7993385184671986 0.004629629629629629 0.011111111111111112
0 0.17096683404884888 0.8443297261708211 0.004629629629629629 0.011111111111111112
0 0.32925221981416086 0.6870655364427047 0.004629629629629629 0.011111111111111112
0 0.21489393537738152 0.8006860254960209 0.004629629629629629 0.011111111111111112
0 0.2732447703854791 0.7427116474879756 0.004629629629629629 0.011111111111111112
0 0.172845244219455 0.8424634347755093 0.004629629629629629 0.011111111111111112
0 0.1782535519740607 0.8370900193289977 0.004629629629629629 0.011111111111111112
0 0.27443303593491775 0.7415310481678883 0.004629629629629629 0.011111111111111112
0 0.8647727272727272 0.155 0.004629629629629629 0.011111111111111112
0 0.3055821466876214 0.7105828994200407 0.004629629629629629 0.011111111111111112
0 0.16022727272727275 0.855 0.004629629629629629 0.011111111111111112
0 0.23526173290438274 0.7804496331143552 0.004629629629629629 0.011111111111111112
0 0.2839147075164064 0.7321105486611189 0.004629629629629629 0.011111111111111112
0 0.24902443900594307 0.7667757186650631 0.004629629629629629 0.011111111111111112
0 0.2544896459174193 0.7613457711530157 0.004629629629629629 0.011111111111111112
0 0.324743120868919 0.6915455444270096 0.004629629629629629 0.011111111111111112
0 0.3096828550858866 0.7065086472049901 0.004629629629629629 0.011111111111111112
0 0.16990438798763732 0.8453853177413151 0.004629629629629629 0.011111111111111112
0 0.24059683191811654 0.7751489540942584 0.004629629629629629 0.011111111111111112
0 0.29566946059729476 0.7204316326968814 0.004629629629629629 0.011111111111111112
0 0.18998502833060898 0.8254342299166852 0.004629629629629629 0.011111111111111112
0 0.3348632655948727 0.6814906909573523 0.004629629629629629 0.011111111111111112
0 0.41625590106924415 0.6006231692602348 0.004629629629629629 0.011111111111111112
0 0.1654904764064959 0.849770752473546 0.004629629629629629 0.011111111111111112
0 0.2524135484265419 0.7634084744665327 0.004629629629629629 0.011111111111111112
0 0.21389076956997485 0.8016827192659605 0.004629629629629629 0.011111111111111112
0 0.27340197541817984 0.7425554566812923 0.004629629629629629 0.011111111111111112
