0 0.25524340869346956 0.7605968713626173 0.004629629629629629 0.011111111111111112
0 0.1987411895704135 0.8167345600397182 0.004629629629629629 0.011111111111111112
0 0.3359369144744621 0.680423968844728 0.004629629629629629 0.011111111111111112
0 0.33535364839673515 0.6810034719155019 0.004629629629629629 0.011111111111111112
0 0.4443646532486129 0.57269576386912 0.004629629629629629 0.011111111111111112
0 0.21167414886544236 0.803885039191754 0.004629629629629629 0.011111111111111112
0 0.23483678333487623 0.7808718410737359 0.004629629629629629 0.011111111111111112
0 0.30914590132620795 0.7070421367468643 0.004629629629629629 0.011111111111111112
0 0.18858211185169507 0.8268280953215417 0.004629629629629629 0.011111111111111112
0 0.5106496738253219 0.5068383885864544 0.004629629629629629 0.011111111111111112
0 0.3926480930719089 0.6240786688188776 0.004629629629629629 0.011111111111111112
0 0.18472793302912419 0.8306574084742895 0.004629629629629629 0.011111111111111112
0 0.2272329142472706 0.7884266529414214 0.004629629629629629 0.011111111111111112
0 0.21635836317019919 0.7992310456244472 0.004629629629629629 0.011111111111111112
0 0.8647727272727272 0.155 0.004629629629629629 0.011111111111111112
0 0.37008783047231797 0.6464933813371808 0.004629629629629629 0.011111111111111112
0 0.675448168226303 0.3431031102783827 0.004629629629629629 0.011111111111111112
0 0.2513242701966619 0.7644907250949295 0.004629629629629629 0.011111111111111112
0 0.24763497981213883 0.7681562136060041 0.004629629629629629 0.011111111111111112
0 0.16022727272727275 0.855 0.004629629629629629 0.011111111111111112
0 0.27850296832893406 0.7374873734022204 0.004629629629629629 0.011111111111111112
0 0.2020603832803349 0.8134367804827641 0.004629629629629629 0.011111111111111112
0 0.32917654121740914 0.6871407267904451 0.004629629629629629 0.011111111111111112
0 0.3575907484526552 0.6589098370212328 0.004629629629629629 0.011111111111111112
0 0.314864989867361 0.7013599455511381 0.004629629629629629 0.011111111111111112
0 0.37515389210024663 0.6414600039778195 0.004629629629629629 0.011111111111111112
0 0.1976978614950509 0.8177711569662075 0.004629629629629629 0.011111111111111112
0 0.35522059148788937 0.6612647026507422 0.004629629629629629 0.011111111111111112
0 0.2541775642721674 0.7616558393682982 0.004629629629629629 0.011111111111111112
0 0.2989750344670743 0.7171473851101328 0.004629629629629629 0.011111111111111112
