0 0.396255388573058 0.6204946461919295 0.004629629629629629 0.011111111111111112
0 0.289652973669146 0.7264093035803323 0.004629629629629629 0.011111111111111112
0 0.16022727272727272 0.855 0.004629629629629629 0.011111111111111112
0 0.49893390369389473 0.5184785731041304 0.004629629629629629 0.011111111111111112
0 0.7481853441184964 0.2708352064887198 0.004629629629629629 0.011111111111111112
0 0.45074742582648675 0.5663541704691679 0.004629629629629629 0.011111111111111112
0 0.5195703153840441 0.4979752995539175 0.004629629629629629 0.011111111111111112
0 0.17541127020931532 0.8399139637920351 0.004629629629629629 0.011111111111111112
0 0.8133975017967795 0.20604377240836105 0.004629629629629629 0.011111111111111112
0 0.28664397902947686 0.7293988853513586 0.004629629629629629 0.011111111111111112
0 0.5031113648358282 0.514328063324403 0.004629629629629629 0.011111111111111112
0 0.44704176007434965 0.5700359287003236 0.004629629629629629 0.011111111111111112
0 0.33063352090784237 0.6856931469689824 0.004629629629629629 0.011111111111111112
0 0.42162641271497914 0.5952873060767304 0.004629629629629629 0.011111111111111112
0 0.5340234091047649 0.4836154515991368 0.004629629629629629 0.011111111111111112
0 0.44558275694672933 0.5714855189045399 0.004629629629629629 0.011111111111111112
0 0.2202012768883901 0.7954129248979867 0.004629629629629629 0.011111111111111112
0 0.6360341837570583 0.3822628109768582 0.004629629629629629 0.011111111111111112
0 0.32518169657873613 0.6911097982379009 0.004629629629629629 0.011111111111111112
0 0.518601033802814 0.4989383277055912 0.004629629629629629 0.011111111111111112
0 0.8078478983137671 0.21155757199793448 0.004629629629629629 0.011111111111111112
0 0.27218946286369156 0.7437601465741387 0.004629629629629629 0.011111111111111112
0 0.8647727272727272 0.155 0.004629629629629629 0.011111111111111112
0 0.44573285749018887 0.5713363867516832 0.004629629629629629 0.011111111111111112
0 0.32729148183317713 0.6890136245012304 0.004629629629629629 0.011111111111111112
0 0.2927244447849692 0.723357648407192 0.004629629629629629 0.011111111111111112
0 0.6125997428821274 0.40554606191066045 0.004629629629629629 0.011111111111111112
0 0.4500524022121273 0.5670447100602092 0.004629629629629629 0.011111111111111112
0 0.27082611870944295 0.7451146949596502 0.004629629629629629 0.011111111111111112
0 0.3219278250249343 0.6943426770720007 0.004629629629629629 0.011111111111111112
