0 0.8258534279957516 0.19366820702357587 0.004629629629629629 0.011111111111111112
0 0.16081843970000756 0.8544126470077344 0.004629629629629629 0.011111111111111112
0 0.533387680933566 0.4842470782982634 0.004629629629629629 0.011111111111111112
0 0.8641859398328432 0.15558300171446535 0.004629629629629629 0.011111111111111112
0 0.8407779606403275 0.1788399616863843 0.004629629629629629 0.011111111111111112
0 0.5002141268658813 0.5172066094364793 0.004629629629629629 0.011111111111111112
0 0.16022727272727275 0.855 0.004629629629629629 0.011111111111111112
0 0.49903502991616866 0.5183780993090971 0.004629629629629629 0.011111111111111112
0 0.5705577160238914 0.44731684988594006 0.004629629629629629 0.011111111111111112
0 0.6816838429442309 0.3369076657199255 0.004629629629629629 0.011111111111111112
0 0.817395658126599 0.20207141063550818 0.004629629629629629 0.011111111111111112
0 0.26248099922201346 0.7534059749665157 0.004629629629629629 0.011111111111111112
0 0.7628459955313758 0.2562691399236654 0.004629629629629629 0.011111111111111112
0 0.32069270869995725 0.6955698249045587 0.004629629629629629 0.011111111111111112
0 0.8553880993339598 0.16432408195206596 0.004629629629629629 0.011111111111111112
0 0.8072115842184739 0.21218978084100001 0.004629629629629629 0.011111111111111112
0 0.2561489900095209 0.7596971325066696 0.004629629629629629 0.011111111111111112
0 0.3231714498872909 0.6931070755958528 0.004629629629629629 0.011111111111111112
0 0.37760799961956576 0.6390217294102378 0.004629629629629629 0.011111111111111112
0 0.8131638751710288 0.2062758917655584 0.004629629629629629 0.011111111111111112
0 0.4204606338534633 0.5964455637843011 0.004629629629629629 0.011111111111111112
0 0.8195603823650058 0.1999206523599297 0.004629629629629629 0.011111111111111112
0 0.7064258014239643 0.312325332778771 0.004629629629629629 0.011111111111111112
0 0.8647727272727272 0.155 0.004629629629629629 0.011111111111111112
0 0.7676586980404959 0.25148748710815244 0.004629629629629629 0.011111111111111112
0 0.729867653958849 0.28903471800217584 0.004629629629629629 0.011111111111111112
0 0.6540143670168197 0.36439862889941776 0.004629629629629629 0.011111111111111112
0 0.31867999969995475 0.6975695486852062 0.004629629629629629 0.011111111111111112
0 0.6102823637927615 0.4078484901671918 0.004629629629629629 0.011111111111111112
0 0.8410925637493328 0.17852738827485642 0.004629629629629629 0.011111111111111112
