0 0.4087603123803562 0.6080703993124202 0.004629629629629629 0.011111111111111112
0 0.4204845186395529 0.5964218330936055 0.004629629629629629 0.011111111111111112
0 0.16022727272727272 0.855 0.004629629629629629 0.011111111111111112
0 0.37695798512166734 0.6396675502662145 0.004629629629629629 0.011111111111111112
0 0.28476133053788294 0.7312693877236518 0.004629629629629629 0.011111111111111112
0 0.2155331495660297 0.8000509352698801 0.004629629629629629 0.011111111111111112
0 0.21686459965406654 0.7987280751824113 0.004629629629629629 0.011111111111111112
0 0.18501646085183443 0.8303707421214033 0.004629629629629629 0.011111111111111112
0 0.17380997457514644 0.8415049284866287 0.004629629629629629 0.011111111111111112
0 0.29736466768984277 0.7187473624242853 0.004629629629629629 0.011111111111111112
0 0.4613916428340523 0.5557786258293932 0.004629629629629629 0.011111111111111112
0 0.8647727272727272 0.155 0.004629629629629629 0.011111111111111112
0 0.2716398652542772 0.7443061983925245 0.004629629629629629 0.011111111111111112
0 0.378577938262424 0.6380580484360432 0.004629629629629629 0.011111111111111112
0 0.19002833327621266 0.8253912043578274 0.004629629629629629 0.011111111111111112
0 0.5534124148279373 0.46435153623546876 0.004629629629629629 0.011111111111111112
0 0.17999051922050338 0.8353642583228548 0.004629629629629629 0.011111111111111112
0 0.48873405660138636 0.5286126147315258 0.004629629629629629 0.011111111111111112
0 0.358279197868796 0.6582258292142285 0.004629629629629629 0.011111111111111112
0 0.27107245186512424 0.7448699510501346 0.004629629629629629 0.011111111111111112
0 0.6686246409110334 0.3498826148367798 0.004629629629629629 0.011111111111111112
0 0.34950963227587833 0.6669388169646112 0.004629629629629629 0.011111111111111112
0 0.40165660965532934 0.6151282716972857 0.004629629629629629 0.011111111111111112
0 0.21356615718270594 0.8020052373797631 0.004629629629629629 0.011111111111111112
0 0.36421627567694365 0.6523270551338753 0.004629629629629629 0.011111111111111112
0 0.1919196767285809 0.8235120631212809 0.004629629629629629 0.011111111111111112
0 0.19242984741554148 0.8230051838581071 0.004629629629629629 0.011111111111111112
0 0.18911650815054767 0.8262971467407463 0.004629629629629629 0.011111111111111112
0 0.43283805092875394 0.5841480010127219 0.004629629629629629 0.011111111111111112
0 0.48777293830916707 0.5295675322605696 0.004629629629629629 0.011111111111111112
