0 0.5220227975318023 0.49553863987162877 0.004629629629629629 0.011111111111111112
0 0.7942650094411369 0.22505282932945112 0.004629629629629629 0.011111111111111112
0 0.4182824858951433 0.5986096591751481 0.004629629629629629 0.011111111111111112
0 0.5736911485333365 0.4442036330701045 0.004629629629629629 0.011111111111111112
0 0.591768435008594 0.426242974249526 0.004629629629629629 0.011111111111111112
0 0.16022727272727272 0.855 0.004629629629629629 0.011111111111111112
0 0.6449818853863409 0.37337283645486125 0.004629629629629629 0.011111111111111112
0 0.46664366144701214 0.5505604912074848 0.004629629629629629 0.011111111111111112
0 0.5418865965823167 0.47580299436337564 0.004629629629629629 0.011111111111111112
0 0.57478464718061 0.44311718925281346 0.004629629629629629 0.011111111111111112
0 0.32100883171676603 0.6952557413910841 0.004629629629629629 0.011111111111111112
0 0.5697154010044122 0.4481537306149712 0.004629629629629629 0.011111111111111112
0 0.5368381940112011 0.48081882659532277 0.004629629629629629 0.011111111111111112
0 0.7701527106245266 0.24900956492788964 0.004629629629629629 0.011111111111111112
0 0.8647727272727272 0.155 0.004629629629629629 0.011111111111111112
0 0.7958456715390281 0.22348236505154626 0.004629629629629629 0.011111111111111112
0 0.8412976774910972 0.178323597847555 0.004629629629629629 0.011111111111111112
0 0.67579932511537 0.34275421891763247 0.004629629629629629 0.011111111111111112
0 0.30154545788106984 0.7145935450730017 0.004629629629629629 0.011111111111111112
0 0.6748558366087019 0.3436916204016768 0.004629629629629629 0.011111111111111112
0 0.6149088964789516 0.4032518060789771 0.004629629629629629 0.011111111111111112
0 0.7805575927212925 0.23867181110271576 0.004629629629629629 0.011111111111111112
0 0.5602184963390401 0.4575893649276634 0.004629629629629629 0.011111111111111112
0 0.6472901104636063 0.371079503152288 0.004629629629629629 0.011111111111111112
0 0.8258323961358999 0.19368910319400914 0.004629629629629629 0.011111111111111112
0 0.6304016218445265 0.3878590337802769 0.004629629629629629 0.011111111111111112
0 0.7755491224371623 0.2436479686753354 0.004629629629629629 0.011111111111111112
0 0.2684284570201713 0.74749688786383 0.004629629629629629 0.011111111111111112
0 0.45177201554041146 0.5653361910114623 0.004629629629629629 0.011111111111111112
0 0.36451360595663373 0.6520316431140543 0.004629629629629629 0.011111111111111112
