0 0.5519203174629187 0.46583400716587436 0.004629629629629629 0.011111111111111112
0 0.2147278771100232 0.8008510124197189 0.004629629629629629 0.011111111111111112
0 0.19003629802117275 0.8253832909983186 0.004629629629629629 0.011111111111111112
0 0.5858392596481722 0.432133896865687 0.004629629629629629 0.011111111111111112
0 0.1867449633423575 0.8286533912598514 0.004629629629629629 0.011111111111111112
0 0.307431375957584 0.7087456006614972 0.004629629629629629 0.011111111111111112
0 0.3004376920914529 0.7156941639865565 0.004629629629629629 0.011111111111111112
0 0.5327315345823206 0.4848989914472428 0.004629629629629629 0.011111111111111112
0 0.6358580793392298 0.38243777923715244 0.004629629629629629 0.011111111111111112
0 0.5328261397799123 0.4848049966057646 0.004629629629629629 0.011111111111111112
0 0.5144034981139955 0.503108782518998 0.004629629629629629 0.011111111111111112
0 0.2232047731447343 0.7924288060368446 0.004629629629629629 0.011111111111111112
0 0.23127733803353653 0.7844083222118411 0.004629629629629629 0.011111111111111112
0 0.8647727272727272 0.15500000000000022 0.004629629629629629 0.011111111111111112
0 0.6501191859858327 0.3682686797302049 0.004629629629629629 0.011111111111111112
0 0.5349842988263013 0.48266076116612644 0.004629629629629629 0.011111111111111112
0 0.777355850918303 0.24185289650697656 0.004629629629629629 0.011111111111111112
0 0.17287373972288675 0.8424351231140351 0.004629629629629629 0.011111111111111112
0 0.5883986390734771 0.42959102956570666 0.004629629629629629 0.011111111111111112
0 0.2474382960843143 0.7683516284065522 0.004629629629629629 0.011111111111111112
0 0.5059108893569447 0.5115466002518099 0.004629629629629629 0.011111111111111112
0 0.3904238529950418 0.626288558959765 0.004629629629629629 0.011111111111111112
0 0.4514280581010334 0.5656779293705861 0.004629629629629629 0.011111111111111112
0 0.3267072743905784 0.6895940628635544 0.004629629629629629 0.011111111111111112
0 0.20274556467766217 0.8127560196105807 0.004629629629629629 0.011111111111111112
0 0.16022727272727275 0.855 0.004629629629629629 0.011111111111111112
0 0.5786094982140049 0.43931701467769857 0.004629629629629629 0.011111111111111112
0 0.479586950368151 0.5377007073761597 0.004629629629629629 0.011111111111111112
0 0.38736711256600026 0.6293255784828127 0.004629629629629629 0.011111111111111112
0 0.1724334738679521 0.8428725485440992 0.004629629629629629 0.011111111111111112
