0 0.4614607262006149 0.5557099881619697 0.004629629629629629 0.011111111111111112
0 0.368026975281749 0.6485409406878107 0.004629629629629629 0.011111111111111112
0 0.6160425384476379 0.4021254779294435 0.004629629629629629 0.011111111111111112
0 0.8647727272727271 0.155 0.004629629629629629 0.011111111111111112
0 0.22517134441001374 0.7904749223281153 0.004629629629629629 0.011111111111111112
0 0.5403696514904841 0.4773101527126803 0.004629629629629629 0.011111111111111112
0 0.6711804942222587 0.3473432509017557 0.004629629629629629 0.011111111111111112
0 0.72010134226749 0.29873802123100995 0.004629629629629629 0.011111111111111112
0 0.45686310380571515 0.5602779484769024 0.004629629629629629 0.011111111111111112
0 0.6895889379004688 0.32905357137630836 0.004629629629629629 0.011111111111111112
0 0.8178284976181057 0.20164136365684976 0.004629629629629629 0.011111111111111112
0 0.5879149825852077 0.43007156568953564 0.004629629629629629 0.011111111111111112
0 0.367429441309611 0.6491346196020639 0.004629629629629629 0.011111111111111112
0 0.8033422458324037 0.21603415575361168 0.004629629629629629 0.011111111111111112
0 0.7700748509759313 0.2490869222561714 0.004629629629629629 0.011111111111111112
0 0.4669741118407531 0.5502321727517678 0.004629629629629629 0.011111111111111112
0 0.2679065259618048 0.7480154516250456 0.004629629629629629 0.011111111111111112
0 0.5050925808542079 0.5123596293448515 0.004629629629629629 0.011111111111111112
0 0.8450059890648981 0.17463921086455275 0.004629629629629629 0.011111111111111112
0 0.43789261764156995 0.5791260444077305 0.004629629629629629 0.011111111111111112
0 0.7137547528154474 0.3050436649446522 0.004629629629629629 0.011111111111111112
0 0.5513997447187766 0.4663512213761832 0.004629629629629629 0.011111111111111112
0 0.16022727272727275 0.855 0.004629629629629629 0.011111111111111112
0 0.384033990895043 0.6326371961429895 0.004629629629629629 0.011111111111111112
0 0.3526356078048822 0.6638330090196655 0.004629629629629629 0.011111111111111112
0 0.682111233243517 0.3364830327774089 0.004629629629629629 0.011111111111111112
0 0.6314792855638788 0.38678832273008174 0.004629629629629629 0.011111111111111112
0 0.161088076005799 0.8541447502910127 0.004629629629629629 0.011111111111111112
0 0.7574231652833464 0.2616569841700946 0.004629629629629629 0.011111111111111112
0 0.764386296739597 0.2547387761425939 0.004629629629629629 0.011111111111111112
