0 0.4484141671590473 0.5686723758548822 0.004629629629629629 0.011111111111111112
0 0.5354260329380548 0.48222187695186824 0.004629629629629629 0.011111111111111112
0 0.5671528264420598 0.4506997724382115 0.004629629629629629 0.011111111111111112
0 0.395450562632337 0.6212942797072265 0.004629629629629629 0.011111111111111112
0 0.5240267212498313 0.493547644693716 0.004629629629629629 0.011111111111111112
0 0.5206981949331907 0.4968546966470235 0.004629629629629629 0.011111111111111112
0 0.4057944392827873 0.6110171377448436 0.004629629629629629 0.011111111111111112
0 0.5558365656645198 0.46194302508170276 0.004629629629629629 0.011111111111111112
0 0.6741045060264544 0.34443810368984534 0.004629629629629629 0.011111111111111112
0 0.3676234717890268 0.6489418409321926 0.004629629629629629 0.011111111111111112
0 0.5430867598215715 0.47461057411276114 0.004629629629629629 0.011111111111111112
0 0.46593996535860244 0.5512596473211304 0.004629629629629629 0.011111111111111112
0 0.5344073790638386 0.4832339588656055 0.004629629629629629 0.011111111111111112
0 0.495061829385781 0.5223256662876756 0.004629629629629629 0.011111111111111112
0 0.5347690236624448 0.48287464745795805 0.004629629629629629 0.011111111111111112
0 0.16022727272727275 0.855 0.004629629629629629 0.011111111111111112
0 0.4693204230599989 0.5479009990242591 0.004629629629629629 0.011111111111111112
0 0.642601816858488 0.3757375497018893 0.004629629629629629 0.011111111111111112
0 0.47364330807276 0.5436060035922256 0.004629629629629629 0.011111111111111112
0 0.8647727272727272 0.155 0.004629629629629629 0.011111111111111112
0 0.4244517923580981 0.5924801546893734 0.004629629629629629 0.011111111111111112
0 0.607570615750366 0.4105427430609268 0.004629629629629629 0.011111111111111112
0 0.3208804697822327 0.6953832751841043 0.004629629629629629 0.011111111111111112
0 0.39757019386289094 0.6191883235168696 0.004629629629629629 0.011111111111111112
0 0.5234641726878988 0.49410656391008767 0.004629629629629629 0.011111111111111112
0 0.6218948477083633 0.3963109255026584 0.004629629629629629 0.011111111111111112
0 0.5243049937986147 0.49327116745169897 0.004629629629629629 0.011111111111111112
0 0.5103037375997247 0.5071820929654347 0.004629629629629629 0.011111111111111112
0 0.5668323787853355 0.4510181526906989 0.004629629629629629 0.011111111111111112
0 0.37933117458567306 0.6373096717019764 0.004629629629629629 0.011111111111111112
