0 0.3668972804021096 0.6496633472133878 0.004629629629629629 0.011111111111111112
0 0.2579552818159806 0.7579024941957355 0.004629629629629629 0.011111111111111112
0 0.24478294173587348 0.770989851436616 0.004629629629629629 0.011111111111111112
0 0.25684662312503015 0.7590040002499701 0.004629629629629629 0.011111111111111112
0 0.4195605136538966 0.5973398767567737 0.004629629629629629 0.011111111111111112
0 0.5432294773336264 0.47446877735884857 0.004629629629629629 0.011111111111111112
0 0.3106927561103053 0.7055052616710515 0.004629629629629629 0.011111111111111112
0 0.20186743956445174 0.8136284794004802 0.004629629629629629 0.011111111111111112
0 0.16717073458484089 0.8481013346705452 0.004629629629629629 0.011111111111111112
0 0.2820973766534934 0.7339161548087872 0.004629629629629629 0.011111111111111112
0 0.3566795918457757 0.6598151151983905 0.004629629629629629 0.011111111111111112
0 0.36706444385295334 0.6494972622364206 0.004629629629629629 0.011111111111111112
0 0.4394704103733223 0.5775584309839249 0.004629629629629629 0.011111111111111112
0 0.5664080174221819 0.4514397762386064 0.004629629629629629 0.011111111111111112
0 0.2774222093331037 0.7385611597593679 0.004629629629629629 0.011111111111111112
0 0.16022727272727275 0.855 0.004629629629629629 0.011111111111111112
0 0.45060037872811315 0.5665002688765843 0.004629629629629629 0.011111111111111112
0 0.5090656219870473 0.5084122207354498 0.004629629629629629 0.011111111111111112
0 0.31711913945848996 0.6991203388605971 0.004629629629629629 0.011111111111111112
0 0.4080898732671319 0.6087365130120108 0.004629629629629629 0.011111111111111112
0 0.18408682937863177 0.8312943759721981 0.004629629629629629 0.011111111111111112
0 0.5284806760135629 0.4891224251220086 0.004629629629629629 0.011111111111111112
0 0.40768383083987186 0.6091399358107079 0.004629629629629629 0.011111111111111112
0 0.3271582023455245 0.6891460441212208 0.004629629629629629 0.011111111111111112
0 0.3079986711875739 0.708181965400733 0.004629629629629629 0.011111111111111112
0 0.3603251523569662 0.6561930744324336 0.004629629629629629 0.011111111111111112
0 0.16391067004799573 0.851340366532959 0.004629629629629629 0.011111111111111112
0 0.288403218103007 0.727650996207335 0.004629629629629629 0.011111111111111112
0 0.292856513186123 0.7232264320602391 0.004629629629629629 0.011111111111111112
0 0.8647727272727271 0.1550000000000001 0.004629629629629629 0.011111111111111112
