0 0.23105733084299568 0.7846269100011527 0.004629629629629629 0.011111111111111112
0 0.27055290786750325 0.7453861431509967 0.004629629629629629 0.011111111111111112
0 0.4068778576861427 0.6099407091376389 0.004629629629629629 0.011111111111111112
0 0.3334823473247276 0.6828627000773675 0.004629629629629629 0.011111111111111112
0 0.6324966766413782 0.38577749546598544 0.004629629629629629 0.011111111111111112
0 0.21675207299100568 0.7988398758670009 0.004629629629629629 0.011111111111111112
0 0.29025317651240556 0.7258129730134809 0.004629629629629629 0.011111111111111112
0 0.27726929013588325 0.7387130923811225 0.004629629629629629 0.011111111111111112
0 0.16022727272727275 0.855 0.004629629629629629 0.011111111111111112
0 0.25617115474091046 0.7596751107735471 0.004629629629629629 0.011111111111111112
0 0.8647727272727272 0.155 0.004629629629629629 0.011111111111111112
0 0.6298362522974634 0.3884207557818752 0.004629629629629629 0.011111111111111112
0 0.4833516872608209 0.5339602591086039 0.004629629629629629 0.011111111111111112
0 0.38917568392132695 0.6275286753297785 0.004629629629629629 0.011111111111111112
0 0.16692539721067823 0.8483450892229392 0.004629629629629629 0.011111111111111112
0 0.16118726534412972 0.8540462008838969 0.004629629629629629 0.011111111111111112
0 0.3810221119429675 0.6356296436179549 0.004629629629629629 0.011111111111111112
0 0.2603619102384278 0.7555113924082718 0.004629629629629629 0.011111111111111112
0 0.19229225411223855 0.8231418894626792 0.004629629629629629 0.011111111111111112
0 0.2158426504381928 0.7997434311775374 0.004629629629629629 0.011111111111111112
0 0.27234482010277267 0.743605791639826 0.004629629629629629 0.011111111111111112
0 0.3659217982715331 0.6506325359108639 0.004629629629629629 0.011111111111111112
0 0.29615524696776857 0.7199489804320235 0.004629629629629629 0.011111111111111112
0 0.5271410813549832 0.49045337723440396 0.004629629629629629 0.011111111111111112
0 0.28404887219643676 0.7319772495596693 0.004629629629629629 0.011111111111111112
0 0.4088675366038061 0.607963866858154 0.004629629629629629 0.011111111111111112
0 0.2672547661869177 0.7486630064981592 0.004629629629629629 0.011111111111111112
0 0.23969515625402263 0.7760448124960033 0.004629629629629629 0.011111111111111112
0 0.35717048997983747 0.6593273841490648 0.004629629629629629 0.011111111111111112
0 0.4635968295612793 0.5535876661133098 0.004629629629629629 0.011111111111111112
