0 0.525863421534922 0.49172279408788394 0.004629629629629629 0.011111111111111112
0 0.2694152896797893 0.7465164218665319 0.004629629629629629 0.011111111111111112
0 0.8647727272727271 0.1550000000000001 0.004629629629629629 0.011111111111111112
0 0.40342841387216877 0.6133678984753936 0.004629629629629629 0.011111111111111112
0 0.21038474418889802 0.8051661251284498 0.004629629629629629 0.011111111111111112
0 0.67342918478057 0.34510906802446595 0.004629629629629629 0.011111111111111112
0 0.19130543855754134 0.8241223384654106 0.004629629629629629 0.011111111111111112
0 0.3130794469379425 0.703133968848754 0.004629629629629629 0.011111111111111112
0 0.1800662051921111 0.835289060647838 0.004629629629629629 0.011111111111111112
0 0.17757579100435852 0.8377634076472825 0.004629629629629629 0.011111111111111112
0 0.19899969012315347 0.8164777272324798 0.004629629629629629 0.011111111111111112
0 0.600047087290558 0.4180177326274456 0.004629629629629629 0.011111111111111112
0 0.20902094310970365 0.8065211274910041 0.004629629629629629 0.011111111111111112
0 0.4921205087919075 0.5252480106196532 0.004629629629629629 0.011111111111111112
0 0.19294632972351833 0.8224920336940528 0.004629629629629629 0.011111111111111112
0 0.24199142644197455 0.7737633569544252 0.004629629629629629 0.011111111111111112
0 0.2973769929574557 0.7187351166745279 0.004629629629629629 0.011111111111111112
0 0.5615750494946733 0.45624156372787283 0.004629629629629629 0.011111111111111112
0 0.29827808822054425 0.7178398349292656 0.004629629629629629 0.011111111111111112
0 0.2342284108102036 0.7814762886143783 0.004629629629629629 0.011111111111111112
0 0.21766912541114106 0.7979287399140922 0.004629629629629629 0.011111111111111112
0 0.2611117656414172 0.7547663747820759 0.004629629629629629 0.011111111111111112
0 0.16022727272727275 0.855 0.004629629629629629 0.011111111111111112
0 0.4413383383665513 0.5757025541390393 0.004629629629629629 0.011111111111111112
0 0.2021708833048686 0.8133269933616144 0.004629629629629629 0.011111111111111112
0 0.550263745462365 0.4674798916051341 0.004629629629629629 0.011111111111111112
0 0.47572004186044703 0.5415426680870398 0.004629629629629629 0.011111111111111112
0 0.7679649499481068 0.2511832110193004 0.004629629629629629 0.011111111111111112
0 0.2201137887206302 0.7954998486259546 0.004629629629629629 0.011111111111111112
0 0.2637942981832855 0.752101148901768 0.004629629629629629 0.011111111111111112
