0 0.18418432877461274 0.8311975056045783 0.004629629629629629 0.011111111111111112
0 0.37986616074458235 0.6367781370666731 0.004629629629629629 0.011111111111111112
0 0.37179929781962157 0.6447929557146985 0.004629629629629629 0.011111111111111112
0 0.4800499683534063 0.5372406766037124 0.004629629629629629 0.011111111111111112
0 0.2620873204381916 0.7537971138872162 0.004629629629629629 0.011111111111111112
0 0.2107902280091262 0.8047632573328681 0.004629629629629629 0.011111111111111112
0 0.2742579693284362 0.7417049853123924 0.004629629629629629 0.011111111111111112
0 0.7300056087410524 0.28889765325082534 0.004629629629629629 0.011111111111111112
0 0.297569542630122 0.7185438092578144 0.004629629629629629 0.011111111111111112
0 0.6028699488646905 0.4152130830634688 0.004629629629629629 0.011111111111111112
0 0.47747147171575943 0.539802537779181 0.004629629629629629 0.011111111111111112
0 0.22317317219921287 0.7924602031052982 0.004629629629629629 0.011111111111111112
0 0.7294717880359413 0.28942802995138756 0.004629629629629629 0.011111111111111112
0 0.5132928199943819 0.5042122949733239 0.004629629629629629 0.011111111111111112
0 0.3839437647619468 0.6327268401720012 0.004629629629629629 0.011111111111111112
0 0.8647727272727272 0.155 0.004629629629629629 0.011111111111111112
0 0.5088926393744649 0.5085840873311768 0.004629629629629629 0.011111111111111112
0 0.8068422424220406 0.21255673978713388 0.004629629629629629 0.011111111111111112
0 0.6152528810194351 0.40291004079359355 0.004629629629629629 0.011111111111111112
0 0.7363914486746203 0.28255301228457097 0.004629629629629629 0.011111111111111112
0 0.29793954455407046 0.7181761944430525 0.004629629629629629 0.011111111111111112
0 0.34033299073075585 0.6760562543707329 0.004629629629629629 0.011111111111111112
0 0.7373787606591203 0.2815720700548094 0.004629629629629629 0.011111111111111112
0 0.16022727272727275 0.855 0.004629629629629629 0.011111111111111112
0 0.8480098937218609 0.17165468623763502 0.004629629629629629 0.011111111111111112
0 0.36493189887143057 0.6516160488632238 0.004629629629629629 0.011111111111111112
0 0.6041964465316623 0.41389514344596134 0.004629629629629629 0.011111111111111112
0 0.35692178398346425 0.6595744855906226 0.004629629629629629 0.011111111111111112
0 0.23611314371300846 0.7796037152786884 0.004629629629629629 0.011111111111111112
0 0.6810250632830689 0.33756219518972513 0.004629629629629629 0.011111111111111112
