0 0.3828775233430968 0.6337862026139555 0.004629629629629629 0.011111111111111112
0 0.48535739682636525 0.5319674896047725 0.004629629629629629 0.011111111111111112
0 0.29543162254671945 0.7206679363084206 0.004629629629629629 0.011111111111111112
0 0.17737281351481055 0.8379650756046398 0.004629629629629629 0.011111111111111112
0 0.3789984523081202 0.6376402473841902 0.004629629629629629 0.011111111111111112
0 0.3452859923477464 0.6711352076028843 0.004629629629629629 0.011111111111111112
0 0.30363852573991124 0.7125139808777655 0.004629629629629629 0.011111111111111112
0 0.21278324568271204 0.8027830978378215 0.004629629629629629 0.011111111111111112
0 0.3266727793784935 0.6896283353271743 0.004629629629629629 0.011111111111111112
0 0.4463667531376858 0.570706580753525 0.004629629629629629 0.011111111111111112
0 0.30488562276842096 0.7112749296365365 0.004629629629629629 0.011111111111111112
0 0.19856337715461844 0.8169112252786371 0.004629629629629629 0.011111111111111112
0 0.7500839438019352 0.2689488558354965 0.004629629629629629 0.011111111111111112
0 0.22279164755141348 0.792839266303757 0.004629629629629629 0.011111111111111112
0 0.8647727272727272 0.155 0.004629629629629629 0.011111111111111112
0 0.32214199739603006 0.6941298864581379 0.004629629629629629 0.011111111111111112
0 0.5213802303143547 0.49617706149412505 0.004629629629629629 0.011111111111111112
0 0.2593590246864763 0.7565078077308558 0.004629629629629629 0.011111111111111112
0 0.3854870357496707 0.6311935257712948 0.004629629629629629 0.011111111111111112
0 0.1872943339305911 0.8281075649979933 0.004629629629629629 0.011111111111111112
0 0.2939672536802364 0.7221228576338297 0.004629629629629629 0.011111111111111112
0 0.5032144110398745 0.5142256819345763 0.004629629629629629 0.011111111111111112
0 0.6204062977117815 0.39778987195087506 0.004629629629629629 0.011111111111111112
0 0.7063881705807599 0.3123627208423418 0.004629629629629629 0.011111111111111112
0 0.24016359206311724 0.775579398853419 0.004629629629629629 0.011111111111111112
0 0.23991250029740172 0.7758288706722589 0.004629629629629629 0.011111111111111112
0 0.27742313075114405 0.7385602442859601 0.004629629629629629 0.011111111111111112
0 0.19065047532908308 0.8247730761246529 0.004629629629629629 0.011111111111111112
0 0.3457775862862116 0.6706467852382155 0.004629629629629629 0.011111111111111112
0 0.16022727272727272 0.855 0.004629629629629629 0.011111111111111112
