0 0.33478452898650846 0.6815689195875981 0.004629629629629629 0.011111111111111112
0 0.26699628555743177 0.7489198195106808 0.004629629629629629 0.011111111111111112
0 0.2119267455102304 0.8036340722027389 0.004629629629629629 0.011111111111111112
0 0.3921340559896118 0.6245893895329018 0.004629629629629629 0.011111111111111112
0 0.4819126259401575 0.5353900361626822 0.004629629629629629 0.011111111111111112
0 0.18805927799635946 0.82734755605523 0.004629629629629629 0.011111111111111112
0 0.8647727272727272 0.1550000000000001 0.004629629629629629 0.011111111111111112
0 0.2319301306912186 0.7837597411196925 0.004629629629629629 0.011111111111111112
0 0.2802112492465353 0.7357901136518296 0.004629629629629629 0.011111111111111112
0 0.3377410254965807 0.6786314972485586 0.004629629629629629 0.011111111111111112
0 0.2736412282355746 0.7423177474304614 0.004629629629629629 0.011111111111111112
0 0.30405956453543703 0.7120956584615658 0.004629629629629629 0.011111111111111112
0 0.16022727272727275 0.855 0.004629629629629629 0.011111111111111112
0 0.21214566838608848 0.8034165617325315 0.004629629629629629 0.011111111111111112
0 0.23265305044418588 0.7830414853651315 0.004629629629629629 0.011111111111111112
0 0.31989480192368314 0.6963625838951794 0.004629629629629629 0.011111111111111112
0 0.2067417307598428 0.8087856352450594 0.004629629629629629 0.011111111111111112
0 0.26959748462074534 0.746335402376808 0.004629629629629629 0.011111111111111112
0 0.21548311502040998 0.8001006470119798 0.004629629629629629 0.011111111111111112
0 0.20214093859682483 0.8133567448779934 0.004629629629629629 0.011111111111111112
0 0.30789701876182063 0.7082829620043847 0.004629629629629629 0.011111111111111112
0 0.2734962181409109 0.7424618219761273 0.004629629629629629 0.011111111111111112
0 0.45183935405767606 0.5652692869362445 0.004629629629629629 0.011111111111111112
0 0.19899753221879185 0.8164798712148778 0.004629629629629629 0.011111111111111112
0 0.300254813143374 0.7158758630704544 0.004629629629629629 0.011111111111111112
0 0.2650704968527645 0.7508331837720921 0.004629629629629629 0.011111111111111112
0 0.2103974213358763 0.8051535297695165 0.004629629629629629 0.011111111111111112
0 0.47144045702775483 0.5457946426950049 0.004629629629629629 0.011111111111111112
0 0.16690230367952336 0.8483680337635703 0.004629629629629629 0.011111111111111112
0 0.4277842604764292 0.5891691863653542 0.004629629629629629 0.011111111111111112
