0 0.26581347103138814 0.750095002975266 0.004629629629629629 0.011111111111111112
0 0.5808286903113964 0.43711213994867715 0.004629629629629629 0.011111111111111112
0 0.8647727272727272 0.1550000000000001 0.004629629629629629 0.011111111111111112
0 0.5295667224540903 0.48804338543271036 0.004629629629629629 0.011111111111111112
0 0.20400689755424722 0.8115028243654576 0.004629629629629629 0.011111111111111112
0 0.17061890800336385 0.8446754075321417 0.004629629629629629 0.011111111111111112
0 0.26258941333852215 0.75329826029592 0.004629629629629629 0.011111111111111112
0 0.16022727272727272 0.855 0.004629629629629629 0.011111111111111112
0 0.1687973719833689 0.8464851917068464 0.004629629629629629 0.011111111111111112
0 0.34770084274502683 0.6687359368855863 0.004629629629629629 0.011111111111111112
0 0.20951322487848278 0.8060320217336365 0.004629629629629629 0.011111111111111112
0 0.5485186951177707 0.46921368356040843 0.004629629629629629 0.011111111111111112
0 0.26881584417108995 0.7471119999848526 0.004629629629629629 0.011111111111111112
0 0.2125489979365168 0.803015834308235 0.004629629629629629 0.011111111111111112
0 0.38000113839826977 0.6366440302365578 0.004629629629629629 0.011111111111111112
0 0.5719151739016456 0.44596814980094573 0.004629629629629629 0.011111111111111112
0 0.23474507580495554 0.7809629569421731 0.004629629629629629 0.011111111111111112
0 0.3217462796901897 0.6945230511465212 0.004629629629629629 0.011111111111111112
0 0.2622140612722592 0.7536711907359489 0.004629629629629629 0.011111111111111112
0 0.7396449355020291 0.27932051569475824 0.004629629629629629 0.011111111111111112
0 0.2382622272925182 0.7774684967545303 0.004629629629629629 0.011111111111111112
0 0.6123557332570538 0.4057884972800884 0.004629629629629629 0.011111111111111112
0 0.23510227286593097 0.7806080643783653 0.004629629629629629 0.011111111111111112
0 0.2881843603636842 0.7278684419612428 0.004629629629629629 0.011111111111111112
0 0.6416459866068738 0.37668721330671906 0.004629629629629629 0.011111111111111112
0 0.4000729699878714 0.6167016943346311 0.004629629629629629 0.011111111111111112
0 0.21171532207283097 0.8038441316179614 0.004629629629629629 0.011111111111111112
0 0.31561915398122026 0.700610647012207 0.004629629629629629 0.011111111111111112
0 0.4531161089542881 0.5640007691679977 0.004629629629629629 0.011111111111111112
0 0.2938658996693805 0.7222235577478414 0.004629629629629629 0.011111111111111112
