0 0.5344060480169527 0.483235281325092 0.004629629629629629 0.011111111111111112
0 0.5940719802967241 0.42395429054389977 0.004629629629629629 0.011111111111111112
0 0.3149946774178678 0.7012310946945056 0.004629629629629629 0.011111111111111112
0 0.47503675897359093 0.5422215426972065 0.004629629629629629 0.011111111111111112
0 0.6156986165549669 0.4024671809711942 0.004629629629629629 0.011111111111111112
0 0.2258371234967304 0.7898134385903451 0.004629629629629629 0.011111111111111112
0 0.33501117457305724 0.6813437362306399 0.004629629629629629 0.011111111111111112
0 0.23078973141075976 0.7848927829854386 0.004629629629629629 0.011111111111111112
0 0.5136616706860028 0.5038458239635843 0.004629629629629629 0.011111111111111112
0 0.27981187346506514 0.7361869128153546 0.004629629629629629 0.011111111111111112
0 0.16022727272727275 0.855 0.004629629629629629 0.011111111111111112
0 0.4713958511669813 0.5458389607760316 0.004629629629629629 0.011111111111111112
0 0.5503470206305924 0.46739715369605667 0.004629629629629629 0.011111111111111112
0 0.6094985188140069 0.4086272780815674 0.004629629629629629 0.011111111111111112
0 0.4226063505468601 0.59431369042441 0.004629629629629629 0.011111111111111112
0 0.5173198266049274 0.5002112690505882 0.004629629629629629 0.011111111111111112
0 0.8066767976886864 0.21272111713511163 0.004629629629629629 0.011111111111111112
0 0.23056596489699377 0.7851151058442772 0.004629629629629629 0.011111111111111112
0 0.6351388134696987 0.38315240468171874 0.004629629629629629 0.011111111111111112
0 0.7318999830779418 0.2870155006838513 0.004629629629629629 0.011111111111111112
0 0.8647727272727272 0.15499999999999978 0.004629629629629629 0.011111111111111112
0 0.7702640804738238 0.24889891359374927 0.004629629629629629 0.011111111111111112
0 0.26744529169295544 0.7484737101889345 0.004629629629629629 0.011111111111111112
0 0.7316718354224702 0.2872421764189651 0.004629629629629629 0.011111111111111112
0 0.26415832347691776 0.7517394721584171 0.004629629629629629 0.011111111111111112
0 0.5210390903981633 0.4965160005076313 0.004629629629629629 0.011111111111111112
0 0.6449541921668064 0.3734003510084633 0.004629629629629629 0.011111111111111112
0 0.2846157675879605 0.7314140115577683 0.004629629629629629 0.011111111111111112
0 0.24782433417288832 0.7679680808862915 0.004629629629629629 0.011111111111111112
0 0.5912832648822831 0.42672501424598974 0.004629629629629629 0.011111111111111112
