0 0.572654109441192 0.4452339815874609 0.004629629629629629 0.011111111111111112
0 0.39426711505800494 0.6224700921359178 0.004629629629629629 0.011111111111111112
0 0.8635001036119239 0.1562644131855725 0.004629629629629629 0.011111111111111112
0 0.8558115665542069 0.163903346778401 0.004629629629629629 0.011111111111111112
0 0.41161718906318495 0.6052319540920614 0.004629629629629629 0.011111111111111112
0 0.5087552572386749 0.508720583130607 0.004629629629629629 0.011111111111111112
0 0.5334534316436444 0.4841817517863146 0.004629629629629629 0.011111111111111112
0 0.35867090086211845 0.6578366533369919 0.004629629629629629 0.011111111111111112
0 0.8647727272727272 0.155 0.004629629629629629 0.011111111111111112
0 0.5455237476537764 0.47218930878269966 0.004629629629629629 0.011111111111111112
0 0.5953501469525424 0.42268437012457083 0.004629629629629629 0.011111111111111112
0 0.5059906563716178 0.5114673478630378 0.004629629629629629 0.011111111111111112
0 0.16022727272727275 0.855 0.004629629629629629 0.011111111111111112
0 0.534404602464151 0.4832367175517468 0.004629629629629629 0.011111111111111112
0 0.444266135418733 0.5727936461000976 0.004629629629629629 0.011111111111111112
0 0.7012904961833527 0.3174275070178302 0.004629629629629629 0.011111111111111112
0 0.4131940608346891 0.603665255686825 0.004629629629629629 0.011111111111111112
0 0.48558565486513555 0.5317407041985106 0.004629629629629629 0.011111111111111112
0 0.6875352321268804 0.33109402743522853 0.004629629629629629 0.011111111111111112
0 0.5548844917875567 0.46288895654655665 0.004629629629629629 0.011111111111111112
0 0.21181688326311265 0.8037432256611655 0.004629629629629629 0.011111111111111112
0 0.6038191311871748 0.41427002449790384 0.004629629629629629 0.011111111111111112
0 0.5965599567987863 0.4214823655031414 0.004629629629629629 0.011111111111111112
0 0.6380084111765992 0.3803013205084112 0.004629629629629629 0.011111111111111112
0 0.6566546125378073 0.36177541722050116 0.004629629629629629 0.011111111111111112
0 0.7301864676282993 0.2887179611951092 0.004629629629629629 0.011111111111111112
0 0.6632474612492039 0.3552251030169201 0.004629629629629629 0.011111111111111112
0 0.4592745020403338 0.557882107650249 0.004629629629629629 0.011111111111111112
0 0.7373910585571619 0.28155985149804563 0.004629629629629629 0.011111111111111112
0 0.2172230405947857 0.7983719467638903 0.004629629629629629 0.011111111111111112
