0 0.4496187267691643 0.5674755875970884 0.004629629629629629 0.011111111111111112
0 0.22701522572558322 0.7886429370210334 0.004629629629629629 0.011111111111111112
0 0.37406598482786063 0.6425408924936095 0.004629629629629629 0.011111111111111112
0 0.267719685806617 0.7482010863598773 0.004629629629629629 0.011111111111111112
0 0.1849260242731772 0.8304605952382627 0.004629629629629629 0.011111111111111112
0 0.8069347098314171 0.21246486894168878 0.004629629629629629 0.011111111111111112
0 0.18632411796904325 0.8290715215017248 0.004629629629629629 0.011111111111111112
0 0.2611124058833895 0.7547657386706969 0.004629629629629629 0.011111111111111112
0 0.17952845726171224 0.8358233392367503 0.004629629629629629 0.011111111111111112
0 0.2521680958845992 0.7636523434436886 0.004629629629629629 0.011111111111111112
0 0.18470548822430516 0.8306797084739163 0.004629629629629629 0.011111111111111112
0 0.22823256508896259 0.7874334514599984 0.004629629629629629 0.011111111111111112
0 0.2809073933441622 0.7350984608064453 0.004629629629629629 0.011111111111111112
0 0.18466107714343738 0.8307238330316816 0.004629629629629629 0.011111111111111112
0 0.2405659504958055 0.7751796362815868 0.004629629629629629 0.011111111111111112
0 0.45911650549693983 0.558039084861105 0.004629629629629629 0.011111111111111112
0 0.24940635235539607 0.7663962692727032 0.004629629629629629 0.011111111111111112
0 0.33941693347430507 0.6769664015803679 0.004629629629629629 0.011111111111111112
0 0.5390723890040305 0.4785990457637374 0.004629629629629629 0.011111111111111112
0 0.44097007350127587 0.5760684431019581 0.004629629629629629 0.011111111111111112
0 0.3748305659907398 0.6417812441124263 0.004629629629629629 0.011111111111111112
0 0.24780900533237457 0.7679833108310602 0.004629629629629629 0.011111111111111112
0 0.16022727272727272 0.855 0.004629629629629629 0.011111111111111112
0 0.48850016972186683 0.5288449926634355 0.004629629629629629 0.011111111111111112
0 0.3283394739787937 0.6879723935952631 0.004629629629629629 0.011111111111111112
0 0.24416898765974832 0.7715998445187018 0.004629629629629629 0.011111111111111112
0 0.600649930109364 0.41741877911714803 0.004629629629629629 0.011111111111111112
0 0.43829843975554394 0.5787228405009435 0.004629629629629629 0.011111111111111112
0 0.27424717818601313 0.7417157068345418 0.004629629629629629 0.011111111111111112
0 0.8647727272727272 0.155 0.004629629629629629 0.011111111111111112
