0 0.16022727272727275 0.855 0.004629629629629629 0.011111111111111112
0 0.380905836854802 0.6357451685442613 0.004629629629629629 0.011111111111111112
0 0.44315204914910017 0.5739005447163779 0.004629629629629629 0.011111111111111112
0 0.322869916415501 0.6934066636904055 0.004629629629629629 0.011111111111111112
0 0.26345771887089847 0.7524355567347202 0.004629629629629629 0.011111111111111112
0 0.3340360116105164 0.6823126078192289 0.004629629629629629 0.011111111111111112
0 0.4920978153295986 0.5252705576725277 0.004629629629629629 0.011111111111111112
0 0.20072622766838494 0.8147623286391531 0.004629629629629629 0.011111111111111112
0 0.17686184351693623 0.8384727490218827 0.004629629629629629 0.011111111111111112
0 0.24452031911695496 0.7712507797160576 0.004629629629629629 0.011111111111111112
0 0.26432982081864953 0.7515690812511482 0.004629629629629629 0.011111111111111112
0 0.6720498061195326 0.3464795474683353 0.004629629629629629 0.011111111111111112
0 0.6174727392894171 0.4007045041898696 0.004629629629629629 0.011111111111111112
0 0.8647727272727272 0.155 0.004629629629629629 0.011111111111111112
0 0.1681012704881573 0.8471768022246695 0.004629629629629629 0.011111111111111112
0 0.24439716721049498 0.7713731370940888 0.004629629629629629 0.011111111111111112
0 0.21644993886491895 0.7991400607406612 0.004629629629629629 0.011111111111111112
0 0.23201701450322618 0.7836734178484076 0.004629629629629629 0.011111111111111112
0 0.3172970101496131 0.6989436157223199 0.004629629629629629 0.011111111111111112
0 0.21594641057242075 0.7996403404635303 0.004629629629629629 0.011111111111111112
0 0.6305377497681568 0.38772378410131525 0.004629629629629629 0.011111111111111112
0 0.852845190039828 0.16685058537978376 0.004629629629629629 0.011111111111111112
0 0.21803678814902233 0.7975634491938746 0.004629629629629629 0.011111111111111112
0 0.2637814066060873 0.7521139573075004 0.004629629629629629 0.011111111111111112
0 0.6671484525131317 0.35134927943856586 0.004629629629629629 0.011111111111111112
0 0.17593386909114972 0.8393947365158899 0.004629629629629629 0.011111111111111112
0 0.3432145311464678 0.6731933045383481 0.004629629629629629 0.011111111111111112
0 0.8026180103322177 0.21675371876669988 0.004629629629629629 0.011111111111111112
0 0.22661680449565136 0.7890387877914173 0.004629629629629629 0.011111111111111112
0 0.4912852725752009 0.5260778582156067 0.004629629629629629 0.011111111111111112
