0 0.36485700105726065 0.6516904634656894 0.004629629629629629 0.011111111111111112
0 0.28652827382821666 0.7295138440674493 0.004629629629629629 0.011111111111111112
0 0.3825107885820721 0.6341505713442639 0.004629629629629629 0.011111111111111112
0 0.19008625293711706 0.8253336583721547 0.004629629629629629 0.011111111111111112
0 0.23688516971507298 0.7788366700895404 0.004629629629629629 0.011111111111111112
0 0.23585446852709577 0.7798607215924339 0.004629629629629629 0.011111111111111112
0 0.4359833112779866 0.5810230326657422 0.004629629629629629 0.011111111111111112
0 0.35983488367457134 0.6566801800910711 0.004629629629629629 0.011111111111111112
0 0.34960516861355356 0.6668438969904049 0.004629629629629629 0.011111111111111112
0 0.2612375595373688 0.7546413924596465 0.004629629629629629 0.011111111111111112
0 0.1980578557370361 0.8174134852677191 0.004629629629629629 0.011111111111111112
0 0.7510510475669173 0.26798799144964347 0.004629629629629629 0.011111111111111112
0 0.40986844115479415 0.6069694197558819 0.004629629629629629 0.011111111111111112
0 0.20892946650185584 0.8066120139271884 0.004629629629629629 0.011111111111111112
0 0.44589387148310305 0.5711764115587235 0.004629629629629629 0.011111111111111112
0 0.8647727272727272 0.155 0.004629629629629629 0.011111111111111112
0 0.25151740129579286 0.7642988400028896 0.004629629629629629 0.011111111111111112
0 0.38233137473765155 0.6343288276800108 0.004629629629629629 0.011111111111111112
0 0.16022727272727275 0.855 0.004629629629629629 0.011111111111111112
0 0.18833048346598127 0.8270781002983153 0.004629629629629629 0.011111111111111112
0 0.16378393528781132 0.8514662836495295 0.004629629629629629 0.011111111111111112
0 0.4538673007832091 0.563254423737973 0.004629629629629629 0.011111111111111112
0 0.19593106144547287 0.8195265583057882 0.004629629629629629 0.011111111111111112
0 0.22260975198996752 0.7930199883454516 0.004629629629629629 0.011111111111111112
0 0.248429220224331 0.7673670973255035 0.004629629629629629 0.011111111111111112
0 0.2269842083284162 0.7886737543059608 0.004629629629629629 0.011111111111111112
0 0.2541063627520907 0.7617265815237292 0.004629629629629629 0.011111111111111112
0 0.2658224219908752 0.7500861097639047 0.004629629629629629 0.011111111111111112
0 0.17305252309884553 0.8422574931792116 0.004629629629629629 0.011111111111111112
0 0.24884727657335493 0.7669517381142151 0.004629629629629629 0.011111111111111112
