0 0.4479700294045398 0.5691136482045217 0.004629629629629629 0.011111111111111112
0 0.7539366794652405 0.26512097653130945 0.004629629629629629 0.011111111111111112
0 0.16361777370429748 0.851631373222827 0.004629629629629629 0.011111111111111112
0 0.2858168179870919 0.7302207098708893 0.004629629629629629 0.011111111111111112
0 0.17349823042059698 0.8418146613885682 0.004629629629629629 0.011111111111111112
0 0.2978079270293037 0.7183069628224983 0.004629629629629629 0.011111111111111112
0 0.16393120413745757 0.8513199649214936 0.004629629629629629 0.011111111111111112
0 0.18685511419527032 0.8285439510576024 0.004629629629629629 0.011111111111111112
0 0.21625024977366608 0.7993384615151963 0.004629629629629629 0.011111111111111112
0 0.3219164911769553 0.6943539377983798 0.004629629629629629 0.011111111111111112
0 0.8647727272727272 0.155 0.004629629629629629 0.011111111111111112
0 0.3150678768649017 0.7011583675019687 0.004629629629629629 0.011111111111111112
0 0.19845128350851474 0.8170225957399273 0.004629629629629629 0.011111111111111112
0 0.25707198375363577 0.7587800935609039 0.004629629629629629 0.011111111111111112
0 0.8144607238303004 0.20498740987183056 0.004629629629629629 0.011111111111111112
0 0.6444263823376468 0.3739247556129186 0.004629629629629629 0.011111111111111112
0 0.22064972778172082 0.7949673672362257 0.004629629629629629 0.011111111111111112
0 0.16022727272727272 0.855 0.004629629629629629 0.011111111111111112
0 0.20961770247960962 0.8059282181815491 0.004629629629629629 0.011111111111111112
0 0.311735207549093 0.7044695357254173 0.004629629629629629 0.011111111111111112
0 0.2499451102361495 0.765860987249245 0.004629629629629629 0.011111111111111112
0 0.7863182298333284 0.23294833939140266 0.004629629629629629 0.011111111111111112
0 0.19531245261483024 0.8201411761117171 0.004629629629629629 0.011111111111111112
0 0.16380664980716456 0.8514437156754623 0.004629629629629629 0.011111111111111112
0 0.2213976968028505 0.7942242238216841 0.004629629629629629 0.011111111111111112
0 0.18683331385355012 0.8285656107519567 0.004629629629629629 0.011111111111111112
0 0.3091915434495896 0.7069967890887949 0.004629629629629629 0.011111111111111112
0 0.28663016173744943 0.7294126134995664 0.004629629629629629 0.011111111111111112
0 0.28487961025987674 0.7311518710966386 0.004629629629629629 0.011111111111111112
0 0.25795382519654797 0.7579039414176233 0.004629629629629629 0.011111111111111112
