0 0.7840934598209354 0.23515875604887732 0.004629629629629629 0.011111111111111112
0 0.2777655921768049 0.738219992288852 0.004629629629629629 0.011111111111111112
0 0.4110340550969174 0.605811325903708 0.004629629629629629 0.011111111111111112
0 0.7210695113767054 0.2977760983741124 0.004629629629629629 0.011111111111111112
0 0.8337650675863316 0.18580761026906417 0.004629629629629629 0.011111111111111112
0 0.27965969721150713 0.7363381072866317 0.004629629629629629 0.011111111111111112
0 0.42613560315056476 0.5908072071923421 0.004629629629629629 0.011111111111111112
0 0.6227155920406775 0.39549547629506915 0.004629629629629629 0.011111111111111112
0 0.7849164656841143 0.23434105990094475 0.004629629629629629 0.011111111111111112
0 0.19356524332051625 0.8218771130880033 0.004629629629629629 0.011111111111111112
0 0.4210648525621705 0.5958452432608113 0.004629629629629629 0.011111111111111112
0 0.741860078558117 0.2771196638841935 0.004629629629629629 0.011111111111111112
0 0.3524734883202548 0.6639940825721341 0.004629629629629629 0.011111111111111112
0 0.5406663745562917 0.47701534398923273 0.004629629629629629 0.011111111111111112
0 0.372001411483602 0.6445921460098408 0.004629629629629629 0.011111111111111112
0 0.6731778447796232 0.3453587864770196 0.004629629629629629 0.011111111111111112
0 0.4053353175309989 0.6114732974208142 0.004629629629629629 0.011111111111111112
0 0.7700285233385161 0.24913295100560356 0.004629629629629629 0.011111111111111112
0 0.3994126159879113 0.6173577879862044 0.004629629629629629 0.011111111111111112
0 0.8262112208942618 0.1933127224663466 0.004629629629629629 0.011111111111111112
0 0.8625243397005882 0.15723388184586737 0.004629629629629629 0.011111111111111112
0 0.1602272727272729 0.855 0.004629629629629629 0.011111111111111112
0 0.8326759225967051 0.18688972851682217 0.004629629629629629 0.011111111111111112
0 0.8647727272727275 0.1550000000000001 0.004629629629629629 0.011111111111111112
0 0.5039848723712953 0.513460191321423 0.004629629629629629 0.011111111111111112
0 0.7128262821037199 0.3059661455227559 0.004629629629629629 0.011111111111111112
0 0.3269417576472349 0.6893610924021024 0.004629629629629629 0.011111111111111112
0 0.323275692253255 0.6930035057612823 0.004629629629629629 0.011111111111111112
0 0.5886505100217353 0.4293407835913082 0.004629629629629629 0.011111111111111112
0 0.24756689509550275 0.7682238590664039 0.004629629629629629 0.011111111111111112
