0 0.16022727272727275 0.855 0.004629629629629629 0.011111111111111112
0 0.5338257330691677 0.483811852305472 0.004629629629629629 0.011111111111111112
0 0.36772129031213324 0.6488446534963321 0.004629629629629629 0.011111111111111112
0 0.5574431489879191 0.4603468068120029 0.004629629629629629 0.011111111111111112
0 0.7590436749709198 0.26004692938373136 0.004629629629629629 0.011111111111111112
0 0.23070867114516957 0.7849733202815735 0.004629629629629629 0.011111111111111112
0 0.4043672221076392 0.6124351470672489 0.004629629629629629 0.011111111111111112
0 0.21474040553593796 0.8008385648223584 0.004629629629629629 0.011111111111111112
0 0.42902810356374116 0.587933368072154 0.004629629629629629 0.011111111111111112
0 0.23313182380163022 0.7825658008680577 0.004629629629629629 0.011111111111111112
0 0.49255536086433493 0.5248159640444674 0.004629629629629629 0.011111111111111112
0 0.17727576104477555 0.8380615019297069 0.004629629629629629 0.011111111111111112
0 0.4572012284873053 0.5599420052448709 0.004629629629629629 0.011111111111111112
0 0.5222038590012761 0.4953587465406677 0.004629629629629629 0.011111111111111112
0 0.5167619939256531 0.5007655028093512 0.004629629629629629 0.011111111111111112
0 0.42541161631015295 0.5915265231499126 0.004629629629629629 0.011111111111111112
0 0.27745133810622963 0.7385322189138105 0.004629629629629629 0.011111111111111112
0 0.4667397768439635 0.5504649959098685 0.004629629629629629 0.011111111111111112
0 0.8647727272727272 0.155 0.004629629629629629 0.011111111111111112
0 0.1862124478479232 0.8291824711704505 0.004629629629629629 0.011111111111111112
0 0.5188509113312764 0.49869006229021584 0.004629629629629629 0.011111111111111112
0 0.30926956749352474 0.7069192684257883 0.004629629629629629 0.011111111111111112
0 0.3571667576547579 0.6593310923946277 0.004629629629629629 0.011111111111111112
0 0.4590248686793001 0.5581301304734695 0.004629629629629629 0.011111111111111112
0 0.4100419939150938 0.60679698669081 0.004629629629629629 0.011111111111111112
0 0.2533477219295876 0.762480327889313 0.004629629629629629 0.011111111111111112
0 0.28097608738024427 0.7350302099576929 0.004629629629629629 0.011111111111111112
0 0.409003620038333 0.6078286613812691 0.004629629629629629 0.011111111111111112
0 0.24384086600620503 0.7719258492583512 0.004629629629629629 0.011111111111111112
0 0.2409321641672268 0.7748157852790134 0.004629629629629629 0.011111111111111112
