0 0.6385946792258914 0.37971883483363034 0.004629629629629629 0.011111111111111112
0 0.5717727244956946 0.4461096801784711 0.004629629629629629 0.011111111111111112
0 0.3289256705318657 0.6873899789554366 0.004629629629629629 0.011111111111111112
0 0.5720071276471849 0.44587678930537755 0.004629629629629629 0.011111111111111112
0 0.7156975514286577 0.30311340051604313 0.004629629629629629 0.011111111111111112
0 0.7171389624459884 0.301681288924631 0.004629629629629629 0.011111111111111112
0 0.36147775376708013 0.6550479091604493 0.004629629629629629 0.011111111111111112
0 0.25988418527555157 0.7559860352746132 0.004629629629629629 0.011111111111111112
0 0.340594559389156 0.6757963732520643 0.004629629629629629 0.011111111111111112
0 0.5441411531541204 0.4735629833178416 0.004629629629629629 0.011111111111111112
0 0.7927808336529946 0.22652742978992796 0.004629629629629629 0.011111111111111112
0 0.8363960721593632 0.1831935799190842 0.004629629629629629 0.011111111111111112
0 0.362901085106973 0.6536337606033944 0.004629629629629629 0.011111111111111112
0 0.6534300746030842 0.3649791516846776 0.004629629629629629 0.011111111111111112
0 0.6240947019613307 0.3941252638577748 0.004629629629629629 0.011111111111111112
0 0.41792309572078085 0.5989667307032241 0.004629629629629629 0.011111111111111112
0 0.8078062370451535 0.2115989644841702 0.004629629629629629 0.011111111111111112
0 0.7640880425444458 0.25503510611713115 0.004629629629629629 0.011111111111111112
0 0.28573969777813735 0.7302973325301089 0.004629629629629629 0.011111111111111112
0 0.42015238970116436 0.5967518192646496 0.004629629629629629 0.011111111111111112
0 0.6272672452696452 0.39097318857080404 0.004629629629629629 0.011111111111111112
0 0.44799323156662485 0.569090595733805 0.004629629629629629 0.011111111111111112
0 0.1602272727272729 0.8549999999999998 0.004629629629629629 0.011111111111111112
0 0.8352749912920266 0.18430742800663166 0.004629629629629629 0.011111111111111112
0 0.5102650192558749 0.5072205615135178 0.004629629629629629 0.011111111111111112
0 0.4032946353686422 0.6135008138918006 0.004629629629629629 0.011111111111111112
0 0.8647727272727275 0.155 0.004629629629629629 0.011111111111111112
0 0.4873875148956 0.5299504690714683 0.004629629629629629 0.011111111111111112
0 0.5943929487975309 0.4236353928076146 0.004629629629629629 0.011111111111111112
0 0.8428301645198804 0.17680099783186096 0.004629629629629629 0.011111111111111112
