0 0.8647727272727275 0.155 0.004629629629629629 0.011111111111111112
0 0.7302943356096716 0.28861078913619737 0.004629629629629629 0.011111111111111112
0 0.521647137313627 0.49591187647549334 0.004629629629629629 0.011111111111111112
0 0.4769709726020965 0.5402998078663043 0.004629629629629629 0.011111111111111112
0 0.5746970066926737 0.44320426431824694 0.004629629629629629 0.011111111111111112
0 0.49147877305624954 0.5258856061247587 0.004629629629629629 0.011111111111111112
0 0.5766811335498495 0.44123293827950455 0.004629629629629629 0.011111111111111112
0 0.4822646093590793 0.5350403236045278 0.004629629629629629 0.011111111111111112
0 0.41172907637037887 0.6051207886384624 0.004629629629629629 0.011111111111111112
0 0.6344474394049161 0.3838393182686641 0.004629629629629629 0.011111111111111112
0 0.5312457454195177 0.48637519487351155 0.004629629629629629 0.011111111111111112
0 0.5882661117052639 0.4297227019186412 0.004629629629629629 0.011111111111111112
0 0.37473887937819694 0.6418723391984367 0.004629629629629629 0.011111111111111112
0 0.6618152761768668 0.35664804818556467 0.004629629629629629 0.011111111111111112
0 0.608841758614816 0.40927980111818285 0.004629629629629629 0.011111111111111112
0 0.4309550453626692 0.5860188581557998 0.004629629629629629 0.011111111111111112
0 0.47653020970117166 0.5407377271356103 0.004629629629629629 0.011111111111111112
0 0.5638238252053188 0.4540072962476188 0.004629629629629629 0.011111111111111112
0 0.4214365032200655 0.5954759903490963 0.004629629629629629 0.011111111111111112
0 0.47916786596985106 0.538117088004148 0.004629629629629629 0.011111111111111112
0 0.4501407715734946 0.5669569108237538 0.004629629629629629 0.011111111111111112
0 0.3392420826600073 0.6771401243248961 0.004629629629629629 0.011111111111111112
0 0.45868579857560415 0.5584670130281095 0.004629629629629629 0.011111111111111112
0 0.16022727272727286 0.855 0.004629629629629629 0.011111111111111112
0 0.5017451028779699 0.5156855106889848 0.004629629629629629 0.011111111111111112
0 0.769060094554358 0.2500951318621218 0.004629629629629629 0.011111111111111112
0 0.6641459247117091 0.3543324360928826 0.004629629629629629 0.011111111111111112
0 0.6929145592731674 0.32574940562536925 0.004629629629629629 0.011111111111111112
0 0.6972767267616443 0.32141538115294704 0.004629629629629629 0.011111111111111112
0 0.38312568815655973 0.6335396388638053 0.004629629629629629 0.011111111111111112
