0 0.6348959012350945 0.3833937497406157 0.004629629629629629 0.011111111111111112
0 0.6681644369770954 0.3503398497130795 0.004629629629629629 0.011111111111111112
0 0.5243473157173429 0.4932291185776077 0.004629629629629629 0.011111111111111112
0 0.19490461391262032 0.8205463835964933 0.004629629629629629 0.011111111111111112
0 0.8565368444981751 0.16318274804697444 0.004629629629629629 0.011111111111111112
0 0.5360032061725329 0.4816484274156769 0.004629629629629629 0.011111111111111112
0 0.30306856587004327 0.7130802635871828 0.004629629629629629 0.011111111111111112
0 0.7320297906000678 0.2868865306296102 0.004629629629629629 0.011111111111111112
0 0.16022727272727275 0.855 0.004629629629629629 0.011111111111111112
0 0.2806092296519717 0.735394700861912 0.004629629629629629 0.011111111111111112
0 0.24474417562082826 0.7710283674476932 0.004629629629629629 0.011111111111111112
0 0.7543057331617714 0.2647543038263691 0.004629629629629629 0.011111111111111112
0 0.5467440087409731 0.4709769203476785 0.004629629629629629 0.011111111111111112
0 0.8146045210709537 0.20484454035531052 0.004629629629629629 0.011111111111111112
0 0.6622093567635049 0.3562565100543242 0.004629629629629629 0.011111111111111112
0 0.6146328754900007 0.4035260462873541 0.004629629629629629 0.011111111111111112
0 0.5289986633554716 0.4886077796339186 0.004629629629629629 0.011111111111111112
0 0.8145198714066471 0.20492864389275064 0.004629629629629629 0.011111111111111112
0 0.18964587700422927 0.8257711931699917 0.004629629629629629 0.011111111111111112
0 0.5267728930510186 0.4908191901299558 0.004629629629629629 0.011111111111111112
0 0.4902765685533338 0.527080054469591 0.004629629629629629 0.011111111111111112
0 0.8076375773356556 0.21176653606651008 0.004629629629629629 0.011111111111111112
0 0.74610535445942 0.2729017768596732 0.004629629629629629 0.011111111111111112
0 0.17115866416046197 0.8441391336728313 0.004629629629629629 0.011111111111111112
0 0.8511895710368385 0.16849552296985076 0.004629629629629629 0.011111111111111112
0 0.8647727272727272 0.155 0.004629629629629629 0.011111111111111112
0 0.5093392242032914 0.5081403836947944 0.004629629629629629 0.011111111111111112
0 0.33467372698824466 0.6816790067342602 0.004629629629629629 0.011111111111111112
0 0.23671313093843252 0.7790075989385896 0.004629629629629629 0.011111111111111112
0 0.8385889358885771 0.18101486369780082 0.004629629629629629 0.011111111111111112
