0 0.3231580020394799 0.6931204366833553 0.004629629629629629 0.011111111111111112
0 0.31092868401936397 0.7052708558775352 0.004629629629629629 0.011111111111111112
0 0.20799341044136574 0.8075420309163205 0.004629629629629629 0.011111111111111112
0 0.20764390599359728 0.8078892804966841 0.004629629629629629 0.011111111111111112
0 0.23044828022260266 0.7852320312627045 0.004629629629629629 0.011111111111111112
0 0.28833483132405113 0.7277189417812654 0.004629629629629629 0.011111111111111112
0 0.38801213971701237 0.6286847127972909 0.004629629629629629 0.011111111111111112
0 0.2706094988120287 0.7453299173093392 0.004629629629629629 0.011111111111111112
0 0.1808997295074449 0.8344609139087322 0.004629629629629629 0.011111111111111112
0 0.1772553675783234 0.8380817638254078 0.004629629629629629 0.011111111111111112
0 0.3556159872261307 0.6608718578527476 0.004629629629629629 0.011111111111111112
0 0.2663832135654821 0.7495289361994565 0.004629629629629629 0.011111111111111112
0 0.16022727272727275 0.855 0.004629629629629629 0.011111111111111112
0 0.39934394364355674 0.6174260172831759 0.004629629629629629 0.011111111111111112
0 0.22959113172893278 0.7860836497660926 0.004629629629629629 0.011111111111111112
0 0.43482387309237785 0.5821749906049923 0.004629629629629629 0.011111111111111112
0 0.1821302324908647 0.8332383496542377 0.004629629629629629 0.011111111111111112
0 0.30459965195360383 0.711559055478355 0.004629629629629629 0.011111111111111112
0 0.2240267941511223 0.7916120883917881 0.004629629629629629 0.011111111111111112
0 0.162128114078711 0.8531114221411517 0.004629629629629629 0.011111111111111112
0 0.3538282481309634 0.662648063147301 0.004629629629629629 0.011111111111111112
0 0.31647525252051945 0.6997600716892902 0.004629629629629629 0.011111111111111112
0 0.3239107978109533 0.6923724976587948 0.004629629629629629 0.011111111111111112
0 0.20779293883745026 0.8077412091550494 0.004629629629629629 0.011111111111111112
0 0.17915575492621674 0.8361936370410492 0.004629629629629629 0.011111111111111112
0 0.3342831269085211 0.6820670868134694 0.004629629629629629 0.011111111111111112
0 0.8647727272727272 0.155 0.004629629629629629 0.011111111111111112
0 0.23828899754862054 0.7774418992097577 0.004629629629629629 0.011111111111111112
0 0.47034117875280645 0.5468868288520503 0.004629629629629629 0.011111111111111112
0 0.24436791941950897 0.7714021961896492 0.004629629629629629 0.011111111111111112
