0 0.39927998737413795 0.6174895609315018 0.004629629629629629 0.011111111111111112
0 0.621367564528412 0.3968348068556422 0.004629629629629629 0.011111111111111112
0 0.2976213890246968 0.7184922973561076 0.004629629629629629 0.011111111111111112
0 0.2191416859372553 0.7964656797784689 0.004629629629629629 0.011111111111111112
0 0.35352796343106596 0.6629464105265538 0.004629629629629629 0.011111111111111112
0 0.7575746253388368 0.26150650127625247 0.004629629629629629 0.011111111111111112
0 0.3762651809687935 0.6403558847148761 0.004629629629629629 0.011111111111111112
0 0.4015244882904034 0.615259540666309 0.004629629629629629 0.011111111111111112
0 0.3681471752222651 0.6484215162307819 0.004629629629629629 0.011111111111111112
0 0.16022727272727272 0.855 0.004629629629629629 0.011111111111111112
0 0.5183153232957944 0.4992221949190172 0.004629629629629629 0.011111111111111112
0 0.2411077160414863 0.774641365997491 0.004629629629629629 0.011111111111111112
0 0.20479780515120918 0.8107170193981535 0.004629629629629629 0.011111111111111112
0 0.22381458996075784 0.79182292352286 0.004629629629629629 0.011111111111111112
0 0.4175662704931661 0.5993212538325963 0.004629629629629629 0.011111111111111112
0 0.23448115882681397 0.7812251712301332 0.004629629629629629 0.011111111111111112
0 0.2878607190752569 0.7281899952413576 0.004629629629629629 0.011111111111111112
0 0.24874849643573693 0.7670498809606227 0.004629629629629629 0.011111111111111112
0 0.18174737802744959 0.8336187340888566 0.004629629629629629 0.011111111111111112
0 0.8647727272727272 0.15500000000000022 0.004629629629629629 0.011111111111111112
0 0.17323036640314876 0.8420807972510652 0.004629629629629629 0.011111111111111112
0 0.19122221130903228 0.8242050287639292 0.004629629629629629 0.011111111111111112
0 0.1625506085093168 0.8526916534810659 0.004629629629629629 0.011111111111111112
0 0.3329718173418153 0.6833699363184546 0.004629629629629629 0.011111111111111112
0 0.3133503073432901 0.7028648559298925 0.004629629629629629 0.011111111111111112
0 0.4507480558221984 0.5663535445379448 0.004629629629629629 0.011111111111111112
0 0.5629714561571355 0.45485416614065255 0.004629629629629629 0.011111111111111112
0 0.4582417717568768 0.5589081751576837 0.004629629629629629 0.011111111111111112
0 0.37415360953157895 0.6424538331105603 0.004629629629629629 0.011111111111111112
0 0.29371216249490767 0.7223763030695757 0.004629629629629629 0.011111111111111112
