0 0.1673077696454983 0.8479651837070532 0.004629629629629629 0.011111111111111112
0 0.6865016699340367 0.3321209214848924 0.004629629629629629 0.011111111111111112
0 0.6951282388267366 0.3235500078753713 0.004629629629629629 0.011111111111111112
0 0.7247497694950844 0.29411958385649667 0.004629629629629629 0.011111111111111112
0 0.5655155654173681 0.4523264704885503 0.004629629629629629 0.011111111111111112
0 0.7383823097435654 0.2805749954805864 0.004629629629629629 0.011111111111111112
0 0.34176139785267395 0.6746370627786336 0.004629629629629629 0.011111111111111112
0 0.615140864507916 0.40302133461794154 0.004629629629629629 0.011111111111111112
0 0.34812161820403076 0.6683178761069629 0.004629629629629629 0.011111111111111112
0 0.6285462379873699 0.3897024474190001 0.004629629629629629 0.011111111111111112
0 0.7314987870861985 0.2874141083143574 0.004629629629629629 0.011111111111111112
0 0.1602272727272728 0.8549999999999999 0.004629629629629629 0.011111111111111112
0 0.7744041765788627 0.2447855277861621 0.004629629629629629 0.011111111111111112
0 0.8186749378931634 0.20080038428679234 0.004629629629629629 0.011111111111111112
0 0.8137741535992139 0.20566955061755504 0.004629629629629629 0.011111111111111112
0 0.38708094326108317 0.6296099015341495 0.004629629629629629 0.011111111111111112
0 0.7223482021929514 0.2965056571760352 0.004629629629629629 0.011111111111111112
0 0.22677050163075696 0.7888860822507316 0.004629629629629629 0.011111111111111112
0 0.8647727272727275 0.15499999999999967 0.004629629629629629 0.011111111111111112
0 0.6527216824732134 0.3656829735427428 0.004629629629629629 0.011111111111111112
0 0.8302274276197886 0.18932242675195188 0.004629629629629629 0.011111111111111112
0 0.7817888434178307 0.23744850395905848 0.004629629629629629 0.011111111111111112
0 0.8283005942674504 0.19123682892137173 0.004629629629629629 0.011111111111111112
0 0.8463562034703157 0.17329770751981516 0.004629629629629629 0.011111111111111112
0 0.861576197659899 0.15817590684113236 0.004629629629629629 0.011111111111111112
0 0.2969569701475492 0.7191524296598543 0.004629629629629629 0.011111111111111112
0 0.6753579684730939 0.3431927280977001 0.004629629629629629 0.011111111111111112
0 0.7271546201133813 0.29173024840347933 0.004629629629629629 0.011111111111111112
0 0.46817575161106184 0.5490382854961062 0.004629629629629629 0.011111111111111112
0 0.8566798168472752 0.16304069810012642 0.004629629629629629 0.011111111111111112
