0 0.6888467857924679 0.3297909354061933 0.004629629629629629 0.011111111111111112
0 0.16022727272727275 0.855 0.004629629629629629 0.011111111111111112
0 0.6204829866351553 0.3977136777947489 0.004629629629629629 0.011111111111111112
0 0.2936353896207524 0.7224525806348654 0.004629629629629629 0.011111111111111112
0 0.3356947365393286 0.6806645843415704 0.004629629629629629 0.011111111111111112
0 0.696860198803575 0.3218292218338675 0.004629629629629629 0.011111111111111112
0 0.43045336181454263 0.5865173050358737 0.004629629629629629 0.011111111111111112
0 0.3920043728637462 0.6247182359934393 0.004629629629629629 0.011111111111111112
0 0.8647727272727271 0.155 0.004629629629629629 0.011111111111111112
0 0.3192948292209144 0.6969586858063174 0.004629629629629629 0.011111111111111112
0 0.2181913082760262 0.797409925970916 0.004629629629629629 0.011111111111111112
0 0.23592466613951615 0.7797909768678355 0.004629629629629629 0.011111111111111112
0 0.2643005180864372 0.7515981949334753 0.004629629629629629 0.011111111111111112
0 0.2841526179665658 0.7318741731170896 0.004629629629629629 0.011111111111111112
0 0.3834836102646715 0.6331840259305845 0.004629629629629629 0.011111111111111112
0 0.26814825047824686 0.7477752866216129 0.004629629629629629 0.011111111111111112
0 0.2405730902112046 0.7751725426288677 0.004629629629629629 0.011111111111111112
0 0.17864506435823105 0.8367010328311769 0.004629629629629629 0.011111111111111112
0 0.7145381426522033 0.30426532923587546 0.004629629629629629 0.011111111111111112
0 0.262668587794482 0.7532195966429018 0.004629629629629629 0.011111111111111112
0 0.21674163506571026 0.7988502464508428 0.004629629629629629 0.011111111111111112
0 0.18574527134552146 0.8296466336309013 0.004629629629629629 0.011111111111111112
0 0.4104237904039003 0.6064176534051571 0.004629629629629629 0.011111111111111112
0 0.2843864890713119 0.7316418108581804 0.004629629629629629 0.011111111111111112
0 0.2256607865180526 0.7899886379110961 0.004629629629629629 0.011111111111111112
0 0.7145701901138669 0.30423348853202903 0.004629629629629629 0.011111111111111112
0 0.559033876784483 0.45876634177541675 0.004629629629629629 0.011111111111111112
0 0.18722063729971547 0.8281807861667344 0.004629629629629629 0.011111111111111112
0 0.7451228335462431 0.27387795892824873 0.004629629629629629 0.011111111111111112
0 0.3091662623006998 0.7070219071334982 0.004629629629629629 0.011111111111111112
