0 0.40829350494547995 0.6085341950864264 0.004629629629629629 0.011111111111111112
0 0.5748725801342173 0.443029823608584 0.004629629629629629 0.011111111111111112
0 0.257372680397956 0.758481336894934 0.004629629629629629 0.011111111111111112
0 0.4279200980372674 0.5890342251758762 0.004629629629629629 0.011111111111111112
0 0.5779661690687276 0.4399561933123611 0.004629629629629629 0.011111111111111112
0 0.8647727272727272 0.1550000000000001 0.004629629629629629 0.011111111111111112
0 0.18922920965581932 0.8261851723419602 0.004629629629629629 0.011111111111111112
0 0.393248632724969 0.623482003615192 0.004629629629629629 0.011111111111111112
0 0.32871199461869777 0.6876022763143261 0.004629629629629629 0.011111111111111112
0 0.1798264383451409 0.8355272806119245 0.004629629629629629 0.011111111111111112
0 0.21107351451762768 0.8044817984792603 0.004629629629629629 0.011111111111111112
0 0.1896960355051322 0.8257213582723202 0.004629629629629629 0.011111111111111112
0 0.6764181853024075 0.34213935137696294 0.004629629629629629 0.011111111111111112
0 0.2752029028209087 0.7407661481650326 0.004629629629629629 0.011111111111111112
0 0.4454382752565563 0.5716290684547763 0.004629629629629629 0.011111111111111112
0 0.32497970838130036 0.6913104832856758 0.004629629629629629 0.011111111111111112
0 0.25468484015252757 0.7611518362355533 0.004629629629629629 0.011111111111111112
0 0.21499863904536273 0.8005819973355751 0.004629629629629629 0.011111111111111112
0 0.19407423345471278 0.8213714067611241 0.004629629629629629 0.011111111111111112
0 0.4092570461933786 0.6075768702336755 0.004629629629629629 0.011111111111111112
0 0.22146205813571726 0.7941602777232228 0.004629629629629629 0.011111111111111112
0 0.17215070932832302 0.8431534887963757 0.004629629629629629 0.011111111111111112
0 0.19080887422182122 0.8246156991602551 0.004629629629629629 0.011111111111111112
0 0.21401731298910207 0.8015569922559889 0.004629629629629629 0.011111111111111112
0 0.16022727272727275 0.855 0.004629629629629629 0.011111111111111112
0 0.26458650288192187 0.7513140552011873 0.004629629629629629 0.011111111111111112
0 0.25296395542309474 0.7628616184828606 0.004629629629629629 0.011111111111111112
0 0.48428916585506554 0.5330288287633543 0.004629629629629629 0.011111111111111112
0 0.16766763066387677 0.8476076443726643 0.004629629629629629 0.011111111111111112
0 0.32421809433192117 0.6920671836960267 0.004629629629629629 0.011111111111111112
