0 0.34716323301512336 0.6692700781656195 0.004629629629629629 0.011111111111111112
0 0.7873401712707594 0.2319329911245359 0.004629629629629629 0.011111111111111112
0 0.433696150040729 0.5832954380240498 0.004629629629629629 0.011111111111111112
0 0.26235143470100264 0.7535347035873909 0.004629629629629629 0.011111111111111112
0 0.42921784257933393 0.5877448531792424 0.004629629629629629 0.011111111111111112
0 0.8647727272727271 0.1550000000000001 0.004629629629629629 0.011111111111111112
0 0.554754961163085 0.4630176514895801 0.004629629629629629 0.011111111111111112
0 0.6143657362106854 0.40379146208744815 0.004629629629629629 0.011111111111111112
0 0.31326140886679404 0.7029531808678305 0.004629629629629629 0.011111111111111112
0 0.24714596377830536 0.7686420746976838 0.004629629629629629 0.011111111111111112
0 0.5651133758939498 0.45272606524084985 0.004629629629629629 0.011111111111111112
0 0.44234414918177173 0.5747032324258526 0.004629629629629629 0.011111111111111112
0 0.16726397908756585 0.8480086917452572 0.004629629629629629 0.011111111111111112
0 0.8114418431916308 0.20798681386121848 0.004629629629629629 0.011111111111111112
0 0.6240382994010273 0.39418130253059225 0.004629629629629629 0.011111111111111112
0 0.43184938713771337 0.5851302863276913 0.004629629629629629 0.011111111111111112
0 0.16022727272727275 0.855 0.004629629629629629 0.011111111111111112
0 0.43378859878415066 0.5832035857241342 0.004629629629629629 0.011111111111111112
0 0.6298411137831137 0.3884159256606483 0.004629629629629629 0.011111111111111112
0 0.6812541584272654 0.33733457807871686 0.004629629629629629 0.011111111111111112
0 0.6751870534253717 0.3433625404676953 0.004629629629629629 0.011111111111111112
0 0.6027243748526837 0.4153577178883014 0.004629629629629629 0.011111111111111112
0 0.6686572804528362 0.34985018587266586 0.004629629629629629 0.011111111111111112
0 0.8412998483493933 0.17832144099479638 0.004629629629629629 0.011111111111111112
0 0.5901825346770257 0.4278186429660518 0.004629629629629629 0.011111111111111112
0 0.748748716249311 0.27027546901681365 0.004629629629629629 0.011111111111111112
0 0.5802081358848802 0.43772869079824817 0.004629629629629629 0.011111111111111112
0 0.46979705113279996 0.5474274459712827 0.004629629629629629 0.011111111111111112
0 0.23069880915481533 0.7849831186461835 0.004629629629629629 0.011111111111111112
0 0.1680075714491009 0.8472698967537965 0.004629629629629629 0.011111111111111112
