0 0.17556291006642444 0.8397633022565848 0.004629629629629629 0.011111111111111112
0 0.3564386465087304 0.6600545060493904 0.004629629629629629 0.011111111111111112
0 0.6055490960057177 0.4125512207427063 0.004629629629629629 0.011111111111111112
0 0.16053603931335902 0.8546932254564046 0.004629629629629629 0.011111111111111112
0 0.38936106436862566 0.6273444908853654 0.004629629629629629 0.011111111111111112
0 0.3042631028904376 0.7118934332572425 0.004629629629629629 0.011111111111111112
0 0.3065729034655412 0.7095985346213333 0.004629629629629629 0.011111111111111112
0 0.6058859817659598 0.41221650843898194 0.004629629629629629 0.011111111111111112
0 0.43558555380396957 0.5814182239625075 0.004629629629629629 0.011111111111111112
0 0.16049430537708617 0.8547346901414757 0.004629629629629629 0.011111111111111112
0 0.16924008336782842 0.8460453365248672 0.004629629629629629 0.011111111111111112
0 0.31272086650290903 0.703490235861626 0.004629629629629629 0.011111111111111112
0 0.7157263288059372 0.3030848087992623 0.004629629629629629 0.011111111111111112
0 0.5598675991410901 0.45793799827272336 0.004629629629629629 0.011111111111111112
0 0.679215915572494 0.3393596709795867 0.004629629629629629 0.011111111111111112
0 0.3516875075396856 0.6647749925089576 0.004629629629629629 0.011111111111111112
0 0.8647727272727275 0.1549999999999999 0.004629629629629629 0.011111111111111112
0 0.5496661308474486 0.46807365064188966 0.004629629629629629 0.011111111111111112
0 0.22464750188939486 0.790995385219569 0.004629629629629629 0.011111111111111112
0 0.33242550982535407 0.6839127192702933 0.004629629629629629 0.011111111111111112
0 0.28651274783450115 0.7295292698934633 0.004629629629629629 0.011111111111111112
0 0.24051470486375337 0.775230551296658 0.004629629629629629 0.011111111111111112
0 0.7553547193138502 0.26371208532688434 0.004629629629629629 0.011111111111111112
0 0.24464090692574217 0.7711309698931337 0.004629629629629629 0.011111111111111112
0 0.5745999745698362 0.44330067042738847 0.004629629629629629 0.011111111111111112
0 0.8551893513201094 0.16452154772066546 0.004629629629629629 0.011111111111111112
0 0.16022727272727272 0.855 0.004629629629629629 0.011111111111111112
0 0.23316897967425176 0.7825288847107433 0.004629629629629629 0.011111111111111112
0 0.2280684319681627 0.7875965256574384 0.004629629629629629 0.011111111111111112
0 0.27727403076140716 0.7387083823402792 0.004629629629629629 0.011111111111111112
