0 0.2723581576709887 0.743592540120437 0.004629629629629629 0.011111111111111112
0 0.3691621768038773 0.6474130630464703 0.004629629629629629 0.011111111111111112
0 0.38755574032924606 0.6291381676728781 0.004629629629629629 0.011111111111111112
0 0.19226232083244546 0.8231716296245382 0.004629629629629629 0.011111111111111112
0 0.2992376117365679 0.716886501887539 0.004629629629629629 0.011111111111111112
0 0.33462519469778734 0.6817272259131661 0.004629629629629629 0.011111111111111112
0 0.18072949441168543 0.8346300507135513 0.004629629629629629 0.011111111111111112
0 0.5645156094998781 0.45331997507754046 0.004629629629629629 0.011111111111111112
0 0.20573637657611438 0.8097845032727637 0.004629629629629629 0.011111111111111112
0 0.21382150863921837 0.8017515333520024 0.004629629629629629 0.011111111111111112
0 0.3970496501639587 0.6197055088693572 0.004629629629629629 0.011111111111111112
0 0.2930976690730449 0.7229868320177488 0.004629629629629629 0.011111111111111112
0 0.20203428026782003 0.8134627150887466 0.004629629629629629 0.011111111111111112
0 0.37642690040760285 0.6401952086272849 0.004629629629629629 0.011111111111111112
0 0.18188401397351386 0.8334829796650249 0.004629629629629629 0.011111111111111112
0 0.29617871679250507 0.7199256620255111 0.004629629629629629 0.011111111111111112
0 0.20522982029838144 0.8102877914454791 0.004629629629629629 0.011111111111111112
0 0.22420933786307992 0.7914307223811979 0.004629629629629629 0.011111111111111112
0 0.3440728175203567 0.6723405554959037 0.004629629629629629 0.011111111111111112
0 0.2668020455373369 0.7491128063693556 0.004629629629629629 0.011111111111111112
0 0.4155212920910503 0.601353038825666 0.004629629629629629 0.011111111111111112
0 0.16022727272727272 0.855 0.004629629629629629 0.011111111111111112
0 0.8647727272727272 0.155 0.004629629629629629 0.011111111111111112
0 0.44114577114005 0.5758938789963375 0.004629629629629629 0.011111111111111112
0 0.2178504156365805 0.7977486193030103 0.004629629629629629 0.011111111111111112
0 0.17372214108428413 0.8415921953098081 0.004629629629629629 0.011111111111111112
0 0.2680731272979522 0.747849925136228 0.004629629629629629 0.011111111111111112
0 0.324253092580442 0.6920324112426577 0.004629629629629629 0.011111111111111112
0 0.1861716191009926 0.8292230365061106 0.004629629629629629 0.011111111111111112
0 0.2145103074043431 0.8010671784498785 0.004629629629629629 0.011111111111111112
