0 0.8606731617756818 0.15907311668738702 0.004629629629629629 0.011111111111111112
0 0.549627918434413 0.46811161652322836 0.004629629629629629 0.011111111111111112
0 0.602850897138537 0.41523201187526 0.004629629629629629 0.011111111111111112
0 0.42568314487163456 0.5912567463856019 0.004629629629629629 0.011111111111111112
0 0.735292481332592 0.2836448895147153 0.004629629629629629 0.011111111111111112
0 0.4868912280233667 0.530443554092913 0.004629629629629629 0.011111111111111112
0 0.8050579896918614 0.21432948120937637 0.004629629629629629 0.011111111111111112
0 0.29372582471322345 0.722362728994604 0.004629629629629629 0.011111111111111112
0 0.5298227344495628 0.487789025127531 0.004629629629629629 0.011111111111111112
0 0.7328379902991728 0.28608354512211215 0.004629629629629629 0.011111111111111112
0 0.7321829439666929 0.2867343653492214 0.004629629629629629 0.011111111111111112
0 0.7114129202076441 0.30737038895498586 0.004629629629629629 0.011111111111111112
0 0.40238341510231784 0.6144061553176973 0.004629629629629629 0.011111111111111112
0 0.16022727272727272 0.855 0.004629629629629629 0.011111111111111112
0 0.8647727272727272 0.155 0.004629629629629629 0.011111111111111112
0 0.7729106630071766 0.246269405786418 0.004629629629629629 0.011111111111111112
0 0.4232393607504444 0.5936847641576231 0.004629629629629629 0.011111111111111112
0 0.4127406155575229 0.60411577551059 0.004629629629629629 0.011111111111111112
0 0.6992778999821092 0.31942711872745283 0.004629629629629629 0.011111111111111112
0 0.8359768937655225 0.1836100539361903 0.004629629629629629 0.011111111111111112
0 0.5696796499773745 0.44818925099022133 0.004629629629629629 0.011111111111111112
0 0.22975661559899077 0.785919233533906 0.004629629629629629 0.011111111111111112
0 0.6805851861277175 0.3379992344279453 0.004629629629629629 0.011111111111111112
0 0.45266095433420483 0.564452987306661 0.004629629629629629 0.011111111111111112
0 0.7808579250655121 0.23837341638652357 0.004629629629629629 0.011111111111111112
0 0.863196468143009 0.15656608971597824 0.004629629629629629 0.011111111111111112
0 0.6363319502880703 0.3819669655202399 0.004629629629629629 0.011111111111111112
0 0.47471114975522916 0.5425450512109337 0.004629629629629629 0.011111111111111112
0 0.44164866266686753 0.5753942319309833 0.004629629629629629 0.011111111111111112
0 0.8234840929289902 0.19602225605764828 0.004629629629629629 0.011111111111111112
