0 0.7322008258720076 0.28671659881103767 0.004629629629629629 0.011111111111111112
0 0.5654484527299175 0.4523931501909208 0.004629629629629629 0.011111111111111112
0 0.43756913592577973 0.5794474391447093 0.004629629629629629 0.011111111111111112
0 0.4147804177258332 0.602089133356269 0.004629629629629629 0.011111111111111112
0 0.3065840735852623 0.7095874365669008 0.004629629629629629 0.011111111111111112
0 0.49818599783785544 0.5192216537610984 0.004629629629629629 0.011111111111111112
0 0.19232970509452849 0.8231046800996298 0.004629629629629629 0.011111111111111112
0 0.27178531887926916 0.7441616831780165 0.004629629629629629 0.011111111111111112
0 0.5495400222323492 0.46819894565302084 0.004629629629629629 0.011111111111111112
0 0.8647727272727271 0.1550000000000001 0.004629629629629629 0.011111111111111112
0 0.8101429125774895 0.20927736427784918 0.004629629629629629 0.011111111111111112
0 0.17731935573161045 0.8380181884989161 0.004629629629629629 0.011111111111111112
0 0.37152947493399613 0.6450610378075134 0.004629629629629629 0.011111111111111112
0 0.7314745237074551 0.2874382151551737 0.004629629629629629 0.011111111111111112
0 0.46377334585837054 0.5534122886310383 0.004629629629629629 0.011111111111111112
0 0.2697509759709194 0.7461829012934091 0.004629629629629629 0.011111111111111112
0 0.16022727272727272 0.855 0.004629629629629629 0.011111111111111112
0 0.5438442149763428 0.47385800576544 0.004629629629629629 0.011111111111111112
0 0.20790331953860391 0.8076315405874516 0.004629629629629629 0.011111111111111112
0 0.5006136060822375 0.5168097075053898 0.004629629629629629 0.011111111111111112
0 0.6610233245186421 0.35743489047825255 0.004629629629629629 0.011111111111111112
0 0.3949305383632556 0.6218109489810235 0.004629629629629629 0.011111111111111112
0 0.21314672111920108 0.8024219674041486 0.004629629629629629 0.011111111111111112
0 0.5472450712795008 0.4704790904706896 0.004629629629629629 0.011111111111111112
0 0.195069099507914 0.8203829591985886 0.004629629629629629 0.011111111111111112
0 0.31010782439852136 0.7060864196298562 0.004629629629629629 0.011111111111111112
0 0.3092656132593298 0.706923197148795 0.004629629629629629 0.011111111111111112
0 0.24349103067079786 0.7722734275915945 0.004629629629629629 0.011111111111111112
0 0.21814522279580512 0.7974557141254581 0.004629629629629629 0.011111111111111112
0 0.24738347787022108 0.7684060929547482 0.004629629629629629 0.011111111111111112
