0 0.5143635265801115 0.5031484961720183 0.004629629629629629 0.011111111111111112
0 0.4403286431649237 0.5767057351780759 0.004629629629629629 0.011111111111111112
0 0.33393740327176097 0.6824105799751536 0.004629629629629629 0.011111111111111112
0 0.7987269169292948 0.22061970834121689 0.004629629629629629 0.011111111111111112
0 0.2336559054153765 0.782045100426013 0.004629629629629629 0.011111111111111112
0 0.44444165373694233 0.5726192601581348 0.004629629629629629 0.011111111111111112
0 0.446754536337826 0.5703212993804826 0.004629629629629629 0.011111111111111112
0 0.34177292344984755 0.6746256115401515 0.004629629629629629 0.011111111111111112
0 0.20935152125590833 0.8061926821070331 0.004629629629629629 0.011111111111111112
0 0.3281359821891765 0.6881745725346248 0.004629629629629629 0.011111111111111112
0 0.29106780808916305 0.7250035971243155 0.004629629629629629 0.011111111111111112
0 0.3985764395188401 0.6181885697683782 0.004629629629629629 0.011111111111111112
0 0.25680581132171226 0.7590445487513311 0.004629629629629629 0.011111111111111112
0 0.26139715223754284 0.7544828293897962 0.004629629629629629 0.011111111111111112
0 0.2365111185303005 0.7792083080408628 0.004629629629629629 0.011111111111111112
0 0.17334530344417765 0.8419666017393332 0.004629629629629629 0.011111111111111112
0 0.22915400833243524 0.786517953011645 0.004629629629629629 0.011111111111111112
0 0.1650147180700632 0.8502434414013565 0.004629629629629629 0.011111111111111112
0 0.345749132860681 0.670675055093259 0.004629629629629629 0.011111111111111112
0 0.16022727272727275 0.855 0.004629629629629629 0.011111111111111112
0 0.316268140649741 0.699965847354451 0.004629629629629629 0.011111111111111112
0 0.2115692751136641 0.8039892363386822 0.004629629629629629 0.011111111111111112
0 0.30573189972665676 0.7104341125296443 0.004629629629629629 0.011111111111111112
0 0.27242069520107426 0.7435304060582876 0.004629629629629629 0.011111111111111112
0 0.5145532621702618 0.5029599846824496 0.004629629629629629 0.011111111111111112
0 0.8647727272727272 0.155 0.004629629629629629 0.011111111111111112
0 0.3836276812794617 0.6330408844062123 0.004629629629629629 0.011111111111111112
0 0.19031081460116037 0.8251105454930407 0.004629629629629629 0.011111111111111112
0 0.38779014072317586 0.6289052795395544 0.004629629629629629 0.011111111111111112
0 0.17892242857637397 0.8364254580596027 0.004629629629629629 0.011111111111111112
