0 0.4296587489610878 0.5873067913547902 0.004629629629629629 0.011111111111111112
0 0.4130019820703853 0.6038560952332945 0.004629629629629629 0.011111111111111112
0 0.4770503071217267 0.5402209851822845 0.004629629629629629 0.011111111111111112
0 0.4773709386121821 0.5399024222820902 0.004629629629629629 0.011111111111111112
0 0.6134652466651975 0.404686142022965 0.004629629629629629 0.011111111111111112
0 0.619614269886764 0.39857678991895706 0.004629629629629629 0.011111111111111112
0 0.2938963165516382 0.7221933371035336 0.004629629629629629 0.011111111111111112
0 0.42213486511039183 0.5947821340193528 0.004629629629629629 0.011111111111111112
0 0.1623113441492987 0.8529293742000515 0.004629629629629629 0.011111111111111112
0 0.272441414952741 0.743509819982438 0.004629629629629629 0.011111111111111112
0 0.8334174599424252 0.1861529752830097 0.004629629629629629 0.011111111111111112
0 0.4236570587885383 0.5932697609455813 0.004629629629629629 0.011111111111111112
0 0.8490935384996032 0.17057803271652325 0.004629629629629629 0.011111111111111112
0 0.8647727272727272 0.155 0.004629629629629629 0.011111111111111112
0 0.5121141518287289 0.5053833588282306 0.004629629629629629 0.011111111111111112
0 0.7847365687962644 0.2345197961637116 0.004629629629629629 0.011111111111111112
0 0.8482442922667546 0.17142179994141815 0.004629629629629629 0.011111111111111112
0 0.5766924892310862 0.4412216558607273 0.004629629629629629 0.011111111111111112
0 0.31934084278473485 0.696912969104199 0.004629629629629629 0.011111111111111112
0 0.41993545286006617 0.5969673565132245 0.004629629629629629 0.011111111111111112
0 0.25854898053025466 0.7573126257957471 0.004629629629629629 0.011111111111111112
0 0.26307611493089167 0.7528146987138239 0.004629629629629629 0.011111111111111112
0 0.7847431577176811 0.2345132497514653 0.004629629629629629 0.011111111111111112
0 0.3269745369508913 0.6893285245778241 0.004629629629629629 0.011111111111111112
0 0.524348450137215 0.49322799147657354 0.004629629629629629 0.011111111111111112
0 0.8467884603445581 0.17286823939960028 0.004629629629629629 0.011111111111111112
0 0.5152596792946372 0.5022581250879089 0.004629629629629629 0.011111111111111112
0 0.16022727272727275 0.855 0.004629629629629629 0.011111111111111112
0 0.4311777849170241 0.5857975556308277 0.004629629629629629 0.011111111111111112
0 0.7320111968567983 0.28690500441324546 0.004629629629629629 0.011111111111111112
