0 0.36528547713424264 0.6512647517504945 0.004629629629629629 0.011111111111111112
0 0.168143097318377 0.8471352452449673 0.004629629629629629 0.011111111111111112
0 0.21532345947738382 0.8002592725192444 0.004629629629629629 0.011111111111111112
0 0.563837039695569 0.45399416701214457 0.004629629629629629 0.011111111111111112
0 0.8413239036050969 0.17829754093429084 0.004629629629629629 0.011111111111111112
0 0.569344227267296 0.44852250968281554 0.004629629629629629 0.011111111111111112
0 0.6944713630000794 0.3242026457934695 0.004629629629629629 0.011111111111111112
0 0.5445244411273953 0.473182168170201 0.004629629629629629 0.011111111111111112
0 0.18968008585096283 0.825737205025495 0.004629629629629629 0.011111111111111112
0 0.6271163498991207 0.3911231104228093 0.004629629629629629 0.011111111111111112
0 0.48980926783761464 0.5275443403419829 0.004629629629629629 0.011111111111111112
0 0.4915330564277077 0.5258316729686002 0.004629629629629629 0.011111111111111112
0 0.4399936477315754 0.5770385693505639 0.004629629629629629 0.011111111111111112
0 0.731374941235307 0.2875371551597595 0.004629629629629629 0.011111111111111112
0 0.16022727272727275 0.855 0.004629629629629629 0.011111111111111112
0 0.3110515207307653 0.7051488116610461 0.004629629629629629 0.011111111111111112
0 0.6092072794307246 0.4089166385010866 0.004629629629629629 0.011111111111111112
0 0.24614798697505136 0.7696336129409167 0.004629629629629629 0.011111111111111112
0 0.8561655976654534 0.16355159973883998 0.004629629629629629 0.011111111111111112
0 0.44433374142325194 0.5727264762633498 0.004629629629629629 0.011111111111111112
0 0.8647727272727272 0.155 0.004629629629629629 0.011111111111111112
0 0.537853020326692 0.4798105475463834 0.004629629629629629 0.011111111111111112
0 0.27206590436817796 0.7438829079180683 0.004629629629629629 0.011111111111111112
0 0.4797726488357014 0.5375162069632387 0.004629629629629629 0.011111111111111112
0 0.6287753574557652 0.38947480614072366 0.004629629629629629 0.011111111111111112
0 0.601338066674553 0.4167350821427023 0.004629629629629629 0.011111111111111112
0 0.6748797502668403 0.3436678610252038 0.004629629629629629 0.011111111111111112
0 0.26916277693012497 0.7467673055016824 0.004629629629629629 0.011111111111111112
0 0.5099903355789224 0.5074934730377159 0.004629629629629629 0.011111111111111112
0 0.3555034120567794 0.6609837067306837 0.004629629629629629 0.011111111111111112
