0 0.7198709834926244 0.29896689382023145 0.004629629629629629 0.011111111111111112
0 0.729316643608963 0.2895821734465787 0.004629629629629629 0.011111111111111112
0 0.8610090280994627 0.15873941724311474 0.004629629629629629 0.011111111111111112
0 0.5476294680151613 0.4700971737139689 0.004629629629629629 0.011111111111111112
0 0.753756345055298 0.26530014749344605 0.004629629629629629 0.011111111111111112
0 0.25944243690666285 0.7564249336540254 0.004629629629629629 0.011111111111111112
0 0.8026304925976863 0.21674131703197622 0.004629629629629629 0.011111111111111112
0 0.6521650869761442 0.3662359781011214 0.004629629629629629 0.011111111111111112
0 0.769056231309646 0.2500989701826745 0.004629629629629629 0.011111111111111112
0 0.7460619519132436 0.2729448993894225 0.004629629629629629 0.011111111111111112
0 0.578772749477003 0.43915481664865524 0.004629629629629629 0.011111111111111112
0 0.8355516091178062 0.1840325948119862 0.004629629629629629 0.011111111111111112
0 0.6797956819759412 0.33878364500454883 0.004629629629629629 0.011111111111111112
0 0.5137741335196322 0.5037340866966236 0.004629629629629629 0.011111111111111112
0 0.8647727272727272 0.155 0.004629629629629629 0.011111111111111112
0 0.16022727272727272 0.855 0.004629629629629629 0.011111111111111112
0 0.5817094561190813 0.43623705650104194 0.004629629629629629 0.011111111111111112
0 0.7273145316802324 0.2915713685241562 0.004629629629629629 0.011111111111111112
0 0.6696622804173019 0.34885166977893867 0.004629629629629629 0.011111111111111112
0 0.8165139327472664 0.20294744746400648 0.004629629629629629 0.011111111111111112
0 0.5590732139242134 0.45872725842368484 0.004629629629629629 0.011111111111111112
0 0.8148493073048378 0.2046013333874514 0.004629629629629629 0.011111111111111112
0 0.8624582021921446 0.15729959266070795 0.004629629629629629 0.011111111111111112
0 0.6587849722356547 0.35965880177876897 0.004629629629629629 0.011111111111111112
0 0.6297212171785873 0.38853504873869404 0.004629629629629629 0.011111111111111112
0 0.7097231972178073 0.30904921050617873 0.004629629629629629 0.011111111111111112
0 0.692351027087693 0.32630930211932446 0.004629629629629629 0.011111111111111112
0 0.8578826415129761 0.1618456335935591 0.004629629629629629 0.011111111111111112
0 0.8596905218222499 0.16004941702821635 0.004629629629629629 0.011111111111111112
0 0.8440884993218284 0.17555078131895765 0.004629629629629629 0.011111111111111112
