0 0.3666734857936641 0.6498856979856498 0.004629629629629629 0.011111111111111112
0 0.3538721425474199 0.662604451920628 0.004629629629629629 0.011111111111111112
0 0.636297381843878 0.3820013109422116 0.004629629629629629 0.011111111111111112
0 0.19393711289280025 0.82150764267425 0.004629629629629629 0.011111111111111112
0 0.44186447077608876 0.575179816132144 0.004629629629629629 0.011111111111111112
0 0.8647727272727272 0.155 0.004629629629629629 0.011111111111111112
0 0.16022727272727275 0.855 0.004629629629629629 0.011111111111111112
0 0.43044406983098193 0.5865265370711533 0.004629629629629629 0.011111111111111112
0 0.19089277511612096 0.8245323395620476 0.004629629629629629 0.011111111111111112
0 0.39623694598251563 0.6205129697980167 0.004629629629629629 0.011111111111111112
0 0.3672909728633806 0.64927219470348 0.004629629629629629 0.011111111111111112
0 0.46978236990331745 0.5474420324831556 0.004629629629629629 0.011111111111111112
0 0.22502093237253254 0.7906243639653548 0.004629629629629629 0.011111111111111112
0 0.16945091739508517 0.8458358627171413 0.004629629629629629 0.011111111111111112
0 0.23682231244979415 0.7788991218240756 0.004629629629629629 0.011111111111111112
0 0.20072497483514737 0.8147635733895955 0.004629629629629629 0.011111111111111112
0 0.1918256173690753 0.8236055156462091 0.004629629629629629 0.011111111111111112
0 0.19061983169775568 0.8248035220551331 0.004629629629629629 0.011111111111111112
0 0.5962965491702134 0.42174407372765893 0.004629629629629629 0.011111111111111112
0 0.37762693021108507 0.6390029209515672 0.004629629629629629 0.011111111111111112
0 0.18339524765202603 0.8319814958812128 0.004629629629629629 0.011111111111111112
0 0.7652349714437393 0.2538955767591235 0.004629629629629629 0.011111111111111112
0 0.23188938656177582 0.783800222383784 0.004629629629629629 0.011111111111111112
0 0.18737909494324792 0.8280233508305795 0.004629629629629629 0.011111111111111112
0 0.3328672773110773 0.6834738018973813 0.004629629629629629 0.011111111111111112
0 0.2256011558761503 0.7900478838391798 0.004629629629629629 0.011111111111111112
0 0.2188502105789659 0.7967552746505757 0.004629629629629629 0.011111111111111112
0 0.16955376184346468 0.8457336817813318 0.004629629629629629 0.011111111111111112
0 0.16326331099162472 0.851983549079289 0.004629629629629629 0.011111111111111112
0 0.28310670356757717 0.732913339681246 0.004629629629629629 0.011111111111111112
