0 0.6880295703954519 0.3306028784458092 0.004629629629629629 0.011111111111111112
0 0.4725184161636434 0.5447236381341866 0.004629629629629629 0.011111111111111112
0 0.41265862858199026 0.6041972335378935 0.004629629629629629 0.011111111111111112
0 0.4260764062058893 0.5908660222212454 0.004629629629629629 0.011111111111111112
0 0.33049199118637856 0.685833763595469 0.004629629629629629 0.011111111111111112
0 0.5720567523830807 0.44582748472906825 0.004629629629629629 0.011111111111111112
0 0.7571728706344919 0.2619056640147629 0.004629629629629629 0.011111111111111112
0 0.47605686795170044 0.5412080150673428 0.004629629629629629 0.011111111111111112
0 0.30193408725016024 0.7142074229901634 0.004629629629629629 0.011111111111111112
0 0.4150982533495446 0.6017733482849686 0.004629629629629629 0.011111111111111112
0 0.32341400774012075 0.6928660826323962 0.004629629629629629 0.011111111111111112
0 0.37696313015299426 0.6396624384286379 0.004629629629629629 0.011111111111111112
0 0.23113024310200103 0.7845544681438184 0.004629629629629629 0.011111111111111112
0 0.47657824720176395 0.5406899995543766 0.004629629629629629 0.011111111111111112
0 0.4515193765462337 0.5655872000766452 0.004629629629629629 0.011111111111111112
0 0.3840088773281415 0.6326621476868788 0.004629629629629629 0.011111111111111112
0 0.4094398360520451 0.6073952596644197 0.004629629629629629 0.011111111111111112
0 0.48931736735745923 0.5280330672706535 0.004629629629629629 0.011111111111111112
0 0.5436248356260686 0.4740759697650674 0.004629629629629629 0.011111111111111112
0 0.16022727272727272 0.855 0.004629629629629629 0.011111111111111112
0 0.5251896677915431 0.4923922010329185 0.004629629629629629 0.011111111111111112
0 0.20669714488720514 0.8088299334669058 0.004629629629629629 0.011111111111111112
0 0.4504157747062832 0.5666836819047251 0.004629629629629629 0.011111111111111112
0 0.5529620941151341 0.4647989516533506 0.004629629629629629 0.011111111111111112
0 0.8647727272727272 0.155 0.004629629629629629 0.011111111111111112
0 0.5193401520709957 0.4982039779423656 0.004629629629629629 0.011111111111111112
0 0.4765799685505538 0.5406882893110628 0.004629629629629629 0.011111111111111112
0 0.39271188541975033 0.6240152880345706 0.004629629629629629 0.011111111111111112
0 0.3440068056493109 0.6724061414839104 0.004629629629629629 0.011111111111111112
0 0.2745629221188864 0.7414019999592999 0.004629629629629629 0.011111111111111112
