0 0.4871921381331784 0.5301445853386486 0.004629629629629629 0.011111111111111112
0 0.3793796242082892 0.6372615346575707 0.004629629629629629 0.011111111111111112
0 0.3929189934718236 0.6238095161634786 0.004629629629629629 0.011111111111111112
0 0.8647727272727272 0.155 0.004629629629629629 0.011111111111111112
0 0.8526493464227943 0.1670451654896108 0.004629629629629629 0.011111111111111112
0 0.5039465303418331 0.513498285982953 0.004629629629629629 0.011111111111111112
0 0.7006708511606101 0.31804315433074876 0.004629629629629629 0.011111111111111112
0 0.5832499628998131 0.4347064884737341 0.004629629629629629 0.011111111111111112
0 0.5022738946011172 0.5151601305253416 0.004629629629629629 0.011111111111111112
0 0.6997875167767259 0.31892078978312394 0.004629629629629629 0.011111111111111112
0 0.6028972678301995 0.4151859403493502 0.004629629629629629 0.011111111111111112
0 0.41986669460126586 0.5970356711703553 0.004629629629629629 0.011111111111111112
0 0.7105742145884805 0.30820368357015493 0.004629629629629629 0.011111111111111112
0 0.43645035975240193 0.580558997407291 0.004629629629629629 0.011111111111111112
0 0.40253980323929955 0.614250776136438 0.004629629629629629 0.011111111111111112
0 0.42904292395177457 0.5879186432995273 0.004629629629629629 0.011111111111111112
0 0.5479379576176713 0.4697906743669589 0.004629629629629629 0.011111111111111112
0 0.3811214338678873 0.6355309624796475 0.004629629629629629 0.011111111111111112
0 0.7673161472514853 0.2518278278920727 0.004629629629629629 0.011111111111111112
0 0.5682675330473587 0.44959225748843074 0.004629629629629629 0.011111111111111112
0 0.49817671273793235 0.5192308789571511 0.004629629629629629 0.011111111111111112
0 0.34285814756509486 0.6735473888708091 0.004629629629629629 0.011111111111111112
0 0.4642619647348375 0.5529268221344196 0.004629629629629629 0.011111111111111112
0 0.7032113547994644 0.31551904103795164 0.004629629629629629 0.011111111111111112
0 0.5387158358150095 0.4789532986096036 0.004629629629629629 0.011111111111111112
0 0.48781266470258555 0.5295280621664634 0.004629629629629629 0.011111111111111112
0 0.609262870551164 0.40886140603303717 0.004629629629629629 0.011111111111111112
0 0.16022727272727275 0.855 0.004629629629629629 0.011111111111111112
0 0.5296945600708294 0.487916372574789 0.004629629629629629 0.011111111111111112
0 0.4388959366682665 0.5781291984070126 0.004629629629629629 0.011111111111111112
