0 0.432738453790584 0.5842469555887101 0.004629629629629629 0.011111111111111112
0 0.16022727272727272 0.855 0.004629629629629629 0.011111111111111112
0 0.38187343386384603 0.6347838140965659 0.004629629629629629 0.011111111111111112
0 0.41365627206186484 0.6032060264675665 0.004629629629629629 0.011111111111111112
0 0.4213087044605548 0.5956029646004811 0.004629629629629629 0.011111111111111112
0 0.2046705322393757 0.8108434711944268 0.004629629629629629 0.011111111111111112
0 0.4049366322696274 0.611869410519209 0.004629629629629629 0.011111111111111112
0 0.32963812106647794 0.6866821248758864 0.004629629629629629 0.011111111111111112
0 0.2712049942937767 0.7447382637339252 0.004629629629629629 0.011111111111111112
0 0.4346150664738312 0.5823824500840644 0.004629629629629629 0.011111111111111112
0 0.5760625171068121 0.4418475636487157 0.004629629629629629 0.011111111111111112
0 0.3961423273451826 0.6206069779925283 0.004629629629629629 0.011111111111111112
0 0.5567208837149309 0.4610644123090365 0.004629629629629629 0.011111111111111112
0 0.4809879544188668 0.5363087420612549 0.004629629629629629 0.011111111111111112
0 0.4785833635965175 0.5386978193944278 0.004629629629629629 0.011111111111111112
0 0.45281460103756727 0.5643003318723524 0.004629629629629629 0.011111111111111112
0 0.7118858129310167 0.3069005471524092 0.004629629629629629 0.011111111111111112
0 0.5686072571674866 0.44925472513681985 0.004629629629629629 0.011111111111111112
0 0.4950383552752632 0.5223489889523192 0.004629629629629629 0.011111111111111112
0 0.4464235992024278 0.5706501014375879 0.004629629629629629 0.011111111111111112
0 0.3330404931526957 0.6833017035773217 0.004629629629629629 0.011111111111111112
0 0.8647727272727271 0.155 0.004629629629629629 0.011111111111111112
0 0.46125184186989465 0.5559175248518465 0.004629629629629629 0.011111111111111112
0 0.3669071817756418 0.6496535097196849 0.004629629629629629 0.011111111111111112
0 0.25365881276359725 0.762171244092942 0.004629629629629629 0.011111111111111112
0 0.5523244641568964 0.4654324678699222 0.004629629629629629 0.011111111111111112
0 0.38787951601458437 0.6288164808629291 0.004629629629629629 0.011111111111111112
0 0.4753833117703608 0.5418772257249318 0.004629629629629629 0.011111111111111112
0 0.4568062615618706 0.5603344239965932 0.004629629629629629 0.011111111111111112
0 0.6435245572855467 0.37482076243887613 0.004629629629629629 0.011111111111111112
