0 0.3659402221000497 0.6506142309457572 0.004629629629629629 0.011111111111111112
0 0.295533504499971 0.7205667116580934 0.004629629629629629 0.011111111111111112
0 0.28322239029081275 0.7327983993239667 0.004629629629629629 0.011111111111111112
0 0.18144983676728405 0.8339143557279888 0.004629629629629629 0.011111111111111112
0 0.30942024591960277 0.7067695621185883 0.004629629629629629 0.011111111111111112
0 0.2348364150961769 0.7808722069367017 0.004629629629629629 0.011111111111111112
0 0.4026971932979859 0.6140944014974851 0.004629629629629629 0.011111111111111112
0 0.3937342286735997 0.6229995405436494 0.004629629629629629 0.011111111111111112
0 0.34464311746846843 0.6717739349022959 0.004629629629629629 0.011111111111111112
0 0.16698001631931333 0.84829082249565 0.004629629629629629 0.011111111111111112
0 0.16589458257384632 0.8493692534427592 0.004629629629629629 0.011111111111111112
0 0.16094861985638503 0.8542833067233336 0.004629629629629629 0.011111111111111112
0 0.3270539792623829 0.6892495947973745 0.004629629629629629 0.011111111111111112
0 0.1753552192572896 0.8399696531250155 0.004629629629629629 0.011111111111111112
0 0.27200751642341003 0.7439409191664185 0.004629629629629629 0.011111111111111112
0 0.18366032034865082 0.831718133331018 0.004629629629629629 0.011111111111111112
0 0.8647727272727272 0.155 0.004629629629629629 0.011111111111111112
0 0.4230366696727658 0.5938861475509295 0.004629629629629629 0.011111111111111112
0 0.28098358871539747 0.7350227570182504 0.004629629629629629 0.011111111111111112
0 0.22173724961549132 0.7938868616723507 0.004629629629629629 0.011111111111111112
0 0.3400926837771633 0.6762950109568829 0.004629629629629629 0.011111111111111112
0 0.1663361251523153 0.8489305595260868 0.004629629629629629 0.011111111111111112
0 0.16022727272727275 0.855 0.004629629629629629 0.011111111111111112
0 0.46517876148040205 0.5520159402065683 0.004629629629629629 0.011111111111111112
0 0.3484854643691996 0.6679563773364082 0.004629629629629629 0.011111111111111112
0 0.318445000212717 0.6978030320467199 0.004629629629629629 0.011111111111111112
0 0.18395708719365808 0.8314232811108171 0.004629629629629629 0.011111111111111112
0 0.2592487747447288 0.7566173463826565 0.004629629629629629 0.011111111111111112
0 0.30197041778939443 0.7141713268415049 0.004629629629629629 0.011111111111111112
0 0.27171063964349607 0.7442358806122684 0.004629629629629629 0.011111111111111112
