0 0.8219819190794112 0.19751473846303658 0.004629629629629629 0.011111111111111112
0 0.820099331445743 0.19938518037003586 0.004629629629629629 0.011111111111111112
0 0.21600511870742287 0.7995820110906895 0.004629629629629629 0.011111111111111112
0 0.44364491641306547 0.5734108572412124 0.004629629629629629 0.011111111111111112
0 0.33195697781243855 0.6843782284960289 0.004629629629629629 0.011111111111111112
0 0.7232394454467547 0.2956201638787084 0.004629629629629629 0.011111111111111112
0 0.5613120090396156 0.4565029071477368 0.004629629629629629 0.011111111111111112
0 0.5956476838097314 0.4223887528600087 0.004629629629629629 0.011111111111111112
0 0.2518646821630538 0.763953799657353 0.004629629629629629 0.011111111111111112
0 0.7072465197834137 0.3115099093764793 0.004629629629629629 0.011111111111111112
0 0.49525412789714257 0.5221346084118713 0.004629629629629629 0.011111111111111112
0 0.3846990114803585 0.6319764660130631 0.004629629629629629 0.011111111111111112
0 0.8566999018967937 0.16302074263157282 0.004629629629629629 0.011111111111111112
0 0.35354308482024116 0.6629313866947282 0.004629629629629629 0.011111111111111112
0 0.842145597418985 0.17748114837081494 0.004629629629629629 0.011111111111111112
0 0.8647727272727272 0.155 0.004629629629629629 0.011111111111111112
0 0.549074837770406 0.4686611289248869 0.004629629629629629 0.011111111111111112
0 0.4285283665672541 0.5884298809589864 0.004629629629629629 0.011111111111111112
0 0.3222576021926781 0.6940150274988875 0.004629629629629629 0.011111111111111112
0 0.41012067686437587 0.6067188113734588 0.004629629629629629 0.011111111111111112
0 0.439573920207915 0.5774555889547167 0.004629629629629629 0.011111111111111112
0 0.162606681659575 0.8526359420930675 0.004629629629629629 0.011111111111111112
0 0.8451226794604888 0.1745232733102241 0.004629629629629629 0.011111111111111112
0 0.5379327251587384 0.4797313569390599 0.004629629629629629 0.011111111111111112
0 0.33946822238128155 0.6769154435695655 0.004629629629629629 0.011111111111111112
0 0.5017478419827901 0.5156827892558086 0.004629629629629629 0.011111111111111112
0 0.4736531862103813 0.5435961891845245 0.004629629629629629 0.011111111111111112
0 0.244207913124179 0.7715611701862995 0.004629629629629629 0.011111111111111112
0 0.24078801349877116 0.7749590059431564 0.004629629629629629 0.011111111111111112
0 0.16022727272727272 0.855 0.004629629629629629 0.011111111111111112
