0 0.4661196621536783 0.5510811098602164 0.004629629629629629 0.011111111111111112
0 0.5059153275291369 0.5115421907129866 0.004629629629629629 0.011111111111111112
0 0.8047245599270866 0.21466075981437838 0.004629629629629629 0.011111111111111112
0 0.38518573519179783 0.6314928824546009 0.004629629629629629 0.011111111111111112
0 0.7797996450921126 0.23942486874719124 0.004629629629629629 0.011111111111111112
0 0.7129236882745509 0.3058693677788333 0.004629629629629629 0.011111111111111112
0 0.7181118649930518 0.30071466316819373 0.004629629629629629 0.011111111111111112
0 0.6529396729954684 0.3654663894109539 0.004629629629629629 0.011111111111111112
0 0.2124895661149149 0.8030748826987296 0.004629629629629629 0.011111111111111112
0 0.6263433594901333 0.39189111379689995 0.004629629629629629 0.011111111111111112
0 0.7555926354361824 0.26347570414727695 0.004629629629629629 0.011111111111111112
0 0.8647727272727272 0.155 0.004629629629629629 0.011111111111111112
0 0.30582792525483027 0.7103387065210075 0.004629629629629629 0.011111111111111112
0 0.2763403771676663 0.7396360123624477 0.004629629629629629 0.011111111111111112
0 0.750548268141755 0.2684875271365789 0.004629629629629629 0.011111111111111112
0 0.16022727272727275 0.855 0.004629629629629629 0.011111111111111112
0 0.34142524842969946 0.6749710434956535 0.004629629629629629 0.011111111111111112
0 0.4377406992993437 0.5792769826316199 0.004629629629629629 0.011111111111111112
0 0.2909334379032227 0.7251371004058303 0.004629629629629629 0.011111111111111112
0 0.8252531229119016 0.19426463917140097 0.004629629629629629 0.011111111111111112
0 0.6328726071683154 0.38540399029728667 0.004629629629629629 0.011111111111111112
0 0.1630149954006309 0.8522302626342119 0.004629629629629629 0.011111111111111112
0 0.32648501274341324 0.6898148905646088 0.004629629629629629 0.011111111111111112
0 0.8598623384222096 0.15987870892244974 0.004629629629629629 0.011111111111111112
0 0.7696772649420103 0.2494819432189057 0.004629629629629629 0.011111111111111112
0 0.6564855050365793 0.3619434337055922 0.004629629629629629 0.011111111111111112
0 0.5681097740510337 0.4497489986847794 0.004629629629629629 0.011111111111111112
0 0.4484917475987301 0.5685952959341649 0.004629629629629629 0.011111111111111112
0 0.4441371536144366 0.572921795763721 0.004629629629629629 0.011111111111111112
0 0.5107395915804896 0.5067490509458361 0.004629629629629629 0.011111111111111112
