0 0.25045253271137874 0.7653568384674043 0.004629629629629629 0.011111111111111112
0 0.32472271523053287 0.6915658184161158 0.004629629629629629 0.011111111111111112
0 0.22671516217367393 0.7889410646790596 0.004629629629629629 0.011111111111111112
0 0.30797477926986505 0.7082057031770373 0.004629629629629629 0.011111111111111112
0 0.16022727272727275 0.855 0.004629629629629629 0.011111111111111112
0 0.5467203253329953 0.47100045095947574 0.004629629629629629 0.011111111111111112
0 0.2964082260128313 0.7196976335098323 0.004629629629629629 0.011111111111111112
0 0.42375794675822437 0.5931695238660224 0.004629629629629629 0.011111111111111112
0 0.2576738197299321 0.7581821403973578 0.004629629629629629 0.011111111111111112
0 0.2354762035634436 0.7802365461369658 0.004629629629629629 0.011111111111111112
0 0.4560116989561479 0.5611238603919563 0.004629629629629629 0.011111111111111112
0 0.25413040832616096 0.761702691082395 0.004629629629629629 0.011111111111111112
0 0.20115614101180648 0.8143351889302052 0.004629629629629629 0.011111111111111112
0 0.5486250415223769 0.46910802326163853 0.004629629629629629 0.011111111111111112
0 0.8119492707892585 0.20748265999002719 0.004629629629629629 0.011111111111111112
0 0.6045374520494229 0.41355633796379926 0.004629629629629629 0.011111111111111112
0 0.4259521855311276 0.590989441472299 0.004629629629629629 0.011111111111111112
0 0.8647727272727272 0.1550000000000001 0.004629629629629629 0.011111111111111112
0 0.3184142547453292 0.6978335791562535 0.004629629629629629 0.011111111111111112
0 0.1650644923855971 0.8501939882104391 0.004629629629629629 0.011111111111111112
0 0.7170635760398217 0.30175618896688694 0.004629629629629629 0.011111111111111112
0 0.6580151092375708 0.3604236979188008 0.004629629629629629 0.011111111111111112
0 0.4718607801002881 0.54537703138423 0.004629629629629629 0.011111111111111112
0 0.2693793737862462 0.7465521060446328 0.004629629629629629 0.011111111111111112
0 0.49399840394582906 0.5233822309183377 0.004629629629629629 0.011111111111111112
0 0.6555977338570897 0.36282547732908504 0.004629629629629629 0.011111111111111112
0 0.30094564392495443 0.7151894892616582 0.004629629629629629 0.011111111111111112
0 0.33300153660032017 0.6833404087971013 0.004629629629629629 0.011111111111111112
0 0.49630774530795074 0.5210877885327457 0.004629629629629629 0.011111111111111112
0 0.2581361928426478 0.7577227503369822 0.004629629629629629 0.011111111111111112
