0 0.47769409886008757 0.5395813469390098 0.004629629629629629 0.011111111111111112
0 0.7944238292532665 0.22489503416127082 0.004629629629629629 0.011111111111111112
0 0.652423349702136 0.36597938158626503 0.004629629629629629 0.011111111111111112
0 0.7595091447698926 0.25958446261571966 0.004629629629629629 0.011111111111111112
0 0.8580545830859012 0.16167480132110473 0.004629629629629629 0.011111111111111112
0 0.6681741648365831 0.3503301846139756 0.004629629629629629 0.011111111111111112
0 0.48384475569866403 0.5334703717574564 0.004629629629629629 0.011111111111111112
0 0.6370229579519048 0.38128041597036566 0.004629629629629629 0.011111111111111112
0 0.8305005270311252 0.18905108927230163 0.004629629629629629 0.011111111111111112
0 0.8078054009306435 0.21159979520439298 0.004629629629629629 0.011111111111111112
0 0.5116520030262215 0.5058425260255607 0.004629629629629629 0.011111111111111112
0 0.7890800195103039 0.23020436771234334 0.004629629629629629 0.011111111111111112
0 0.7633144195564294 0.255803737989096 0.004629629629629629 0.011111111111111112
0 0.6601800787011795 0.3582726960001186 0.004629629629629629 0.011111111111111112
0 0.7539431517376158 0.2651145460155302 0.004629629629629629 0.011111111111111112
0 0.31438813628517137 0.7018337226586041 0.004629629629629629 0.011111111111111112
0 0.16022727272727275 0.855 0.004629629629629629 0.011111111111111112
0 0.8405649419619078 0.17905160605074957 0.004629629629629629 0.011111111111111112
0 0.708983174998866 0.3097844583882236 0.004629629629629629 0.011111111111111112
0 0.6328755342557288 0.38540108209430823 0.004629629629629629 0.011111111111111112
0 0.7395848935901513 0.2793801702394626 0.004629629629629629 0.011111111111111112
0 0.33099573317023934 0.6853332715598913 0.004629629629629629 0.011111111111111112
0 0.6891364507353942 0.3295031392693503 0.004629629629629629 0.011111111111111112
0 0.8647727272727275 0.1549999999999999 0.004629629629629629 0.011111111111111112
0 0.846698219819898 0.17295789772732711 0.004629629629629629 0.011111111111111112
0 0.7231946744651065 0.29566464601531367 0.004629629629629629 0.011111111111111112
0 0.5810580111024418 0.4368842986466062 0.004629629629629629 0.011111111111111112
0 0.25137747530931615 0.7644378632410667 0.004629629629629629 0.011111111111111112
0 0.8382160061514551 0.181385387436619 0.004629629629629629 0.011111111111111112
0 0.8362875900147856 0.1833013621788583 0.004629629629629629 0.011111111111111112
