0 0.30900467790383734 0.7071824490503811 0.004629629629629629 0.011111111111111112
0 0.23770076266756784 0.7780263390270616 0.004629629629629629 0.011111111111111112
0 0.26583029417284315 0.7500782883702075 0.004629629629629629 0.011111111111111112
0 0.3918162476239498 0.6249051475220112 0.004629629629629629 0.011111111111111112
0 0.3291616201370671 0.6871555516057526 0.004629629629629629 0.011111111111111112
0 0.1633146196004188 0.8519325714937774 0.004629629629629629 0.011111111111111112
0 0.17547836030602804 0.839847306534656 0.004629629629629629 0.011111111111111112
0 0.4232108352722523 0.593713105600472 0.004629629629629629 0.011111111111111112
0 0.17471873322778522 0.8406020327930391 0.004629629629629629 0.011111111111111112
0 0.18035628090723443 0.8350008563889412 0.004629629629629629 0.011111111111111112
0 0.2892528692264657 0.7268068267040275 0.004629629629629629 0.011111111111111112
0 0.23647860874514512 0.7792406080854687 0.004629629629629629 0.011111111111111112
0 0.48147355704633893 0.53582627235396 0.004629629629629629 0.011111111111111112
0 0.24426296751669763 0.7715064709834101 0.004629629629629629 0.011111111111111112
0 0.4132917014819978 0.6035682449791764 0.004629629629629629 0.011111111111111112
0 0.4742955582170969 0.5429579615133361 0.004629629629629629 0.011111111111111112
0 0.2055199569837419 0.8099995266097016 0.004629629629629629 0.011111111111111112
0 0.8495693461516491 0.17010529479126466 0.004629629629629629 0.011111111111111112
0 0.16367772276266457 0.8515718109325785 0.004629629629629629 0.011111111111111112
0 0.21766346538643527 0.7979343634225095 0.004629629629629629 0.011111111111111112
0 0.1744634592946273 0.8408556597975961 0.004629629629629629 0.011111111111111112
0 0.37950641703799176 0.6371355598461244 0.004629629629629629 0.011111111111111112
0 0.5244363491850063 0.49314065951941316 0.004629629629629629 0.011111111111111112
0 0.48553508639474424 0.5317909464207057 0.004629629629629629 0.011111111111111112
0 0.4337218480266629 0.5832699058315737 0.004629629629629629 0.011111111111111112
0 0.16022727272727275 0.855 0.004629629629629629 0.011111111111111112
0 0.24482256764038965 0.7709504811830968 0.004629629629629629 0.011111111111111112
0 0.23634183596450364 0.7793764984610739 0.004629629629629629 0.011111111111111112
0 0.8647727272727272 0.155 0.004629629629629629 0.011111111111111112
0 0.5825326845370851 0.4354191392341219 0.004629629629629629 0.011111111111111112
