0 0.3646667173566049 0.6518795195295668 0.004629629629629629 0.011111111111111112
0 0.7588053700454008 0.260283696858118 0.004629629629629629 0.011111111111111112
0 0.2592244844520661 0.7566414799637536 0.004629629629629629 0.011111111111111112
0 0.6837773079737104 0.3348277069164425 0.004629629629629629 0.011111111111111112
0 0.5046604620324731 0.5127889603032203 0.004629629629629629 0.011111111111111112
0 0.5513677264958198 0.46638303302995976 0.004629629629629629 0.011111111111111112
0 0.8111894070800973 0.20823762135267748 0.004629629629629629 0.011111111111111112
0 0.3767199293785606 0.6399040701658173 0.004629629629629629 0.011111111111111112
0 0.8636810608771927 0.15608462338653123 0.004629629629629629 0.011111111111111112
0 0.2242017269962552 0.7914382841456561 0.004629629629629629 0.011111111111111112
0 0.36856799338545604 0.6480034130234824 0.004629629629629629 0.011111111111111112
0 0.303035507139136 0.7131131090359552 0.004629629629629629 0.011111111111111112
0 0.22772715333726443 0.7879356024907179 0.004629629629629629 0.011111111111111112
0 0.16022727272727275 0.855 0.004629629629629629 0.011111111111111112
0 0.8327930368993602 0.18677336979031314 0.004629629629629629 0.011111111111111112
0 0.8275341706710148 0.19199830784944333 0.004629629629629629 0.011111111111111112
0 0.2808054143304457 0.735199781891041 0.004629629629629629 0.011111111111111112
0 0.7578346884992364 0.2612481159426942 0.004629629629629629 0.011111111111111112
0 0.5500452674832755 0.4676969600488745 0.004629629629629629 0.011111111111111112
0 0.42258045370199754 0.5943394201928541 0.004629629629629629 0.011111111111111112
0 0.8647727272727275 0.155 0.004629629629629629 0.011111111111111112
0 0.8561800300832018 0.1635372604334641 0.004629629629629629 0.011111111111111112
0 0.2291376660714666 0.7865341898386718 0.004629629629629629 0.011111111111111112
0 0.22763454937692368 0.7880276090061533 0.004629629629629629 0.011111111111111112
0 0.1867772152714758 0.828621347407695 0.004629629629629629 0.011111111111111112
0 0.34896983705242407 0.6674751296382367 0.004629629629629629 0.011111111111111112
0 0.5533352809459935 0.4644281724794646 0.004629629629629629 0.011111111111111112
0 0.45155300815018773 0.5655537854507812 0.004629629629629629 0.011111111111111112
0 0.2503507126568709 0.7654580016183348 0.004629629629629629 0.011111111111111112
0 0.42354630749572975 0.5933797977139202 0.004629629629629629 0.011111111111111112
