0 0.5185466061337016 0.49899240422845115 0.004629629629629629 0.011111111111111112
0 0.7643141503864618 0.2548104570353863 0.004629629629629629 0.011111111111111112
0 0.5683525598658011 0.4495077792301073 0.004629629629629629 0.011111111111111112
0 0.6330718859268191 0.3852059972081926 0.004629629629629629 0.011111111111111112
0 0.7952282094465292 0.22409584351764203 0.004629629629629629 0.011111111111111112
0 0.7168116150449677 0.3020065244069352 0.004629629629629629 0.011111111111111112
0 0.7017890113123432 0.3169322081154784 0.004629629629629629 0.011111111111111112
0 0.7678109989087661 0.25133616882612897 0.004629629629629629 0.011111111111111112
0 0.7340515472744366 0.2848778175466888 0.004629629629629629 0.011111111111111112
0 0.8171031619154849 0.20236201977429244 0.004629629629629629 0.011111111111111112
0 0.33223020324576974 0.6841067658074288 0.004629629629629629 0.011111111111111112
0 0.8126693476478318 0.20676722878860584 0.004629629629629629 0.011111111111111112
0 0.7693101451460342 0.24984669450006902 0.004629629629629629 0.011111111111111112
0 0.8095359403092889 0.20988042059593237 0.004629629629629629 0.011111111111111112
0 0.4491935333596976 0.5678980378232682 0.004629629629629629 0.011111111111111112
0 0.5947023815749324 0.4233279563707123 0.004629629629629629 0.011111111111111112
0 0.8018042909536834 0.21756218834279195 0.004629629629629629 0.011111111111111112
0 0.7900506837076073 0.2292399658646999 0.004629629629629629 0.011111111111111112
0 0.7173367589538096 0.3014847685233118 0.004629629629629629 0.011111111111111112
0 0.28788083838237877 0.7281700057362172 0.004629629629629629 0.011111111111111112
0 0.8634162330461194 0.15634774265095222 0.004629629629629629 0.011111111111111112
0 0.7487295213355833 0.27029454009238807 0.004629629629629629 0.011111111111111112
0 0.6868408141317116 0.33178396531429927 0.004629629629629629 0.011111111111111112
0 0.808281575922656 0.21112669230910286 0.004629629629629629 0.011111111111111112
0 0.518657170466291 0.4988825532141367 0.004629629629629629 0.011111111111111112
0 0.6763889569860912 0.34216839112349623 0.004629629629629629 0.011111111111111112
0 0.8647727272727271 0.1550000000000001 0.004629629629629629 0.011111111111111112
0 0.16022727272727272 0.855 0.004629629629629629 0.011111111111111112
0 0.23718240710818236 0.7785413503570318 0.004629629629629629 0.011111111111111112
0 0.5148714420638723 0.5026438575623462 0.004629629629629629 0.011111111111111112
