0 0.49492326314195567 0.5224633385557342 0.004629629629629629 0.011111111111111112
0 0.5097649501587436 0.5077174043584096 0.004629629629629629 0.011111111111111112
0 0.4717407068102733 0.5454963300078576 0.004629629629629629 0.011111111111111112
0 0.7328558298306059 0.28606582068443026 0.004629629629629629 0.011111111111111112
0 0.6293446659187552 0.38890917063555935 0.004629629629629629 0.011111111111111112
0 0.16022727272727275 0.855 0.004629629629629629 0.011111111111111112
0 0.7618554792098479 0.25725326581731245 0.004629629629629629 0.011111111111111112
0 0.19119805287645103 0.8242290313356552 0.004629629629629629 0.011111111111111112
0 0.2274219695240791 0.7882388173760764 0.004629629629629629 0.011111111111111112
0 0.7656285049219397 0.253504582206589 0.004629629629629629 0.011111111111111112
0 0.3229204064492956 0.6933564993987643 0.004629629629629629 0.011111111111111112
0 0.48769998474632925 0.5296400151552599 0.004629629629629629 0.011111111111111112
0 0.7960149932916926 0.22331413569728625 0.004629629629629629 0.011111111111111112
0 0.7554418644260267 0.26362550244123806 0.004629629629629629 0.011111111111111112
0 0.7775640574880517 0.2416460332054196 0.004629629629629629 0.011111111111111112
0 0.8449231155104094 0.17472154975094803 0.004629629629629629 0.011111111111111112
0 0.2202100487092611 0.7954042096695083 0.004629629629629629 0.011111111111111112
0 0.6746743533529135 0.3438719327977506 0.004629629629629629 0.011111111111111112
0 0.7881673041383915 0.2311111945979851 0.004629629629629629 0.011111111111111112
0 0.8647727272727272 0.155 0.004629629629629629 0.011111111111111112
0 0.864217890010049 0.15555125766743527 0.004629629629629629 0.011111111111111112
0 0.6325769924551257 0.38569769781877833 0.004629629629629629 0.011111111111111112
0 0.8229967734885527 0.19650643150169594 0.004629629629629629 0.011111111111111112
0 0.7162704112664411 0.3025442365481813 0.004629629629629629 0.011111111111111112
0 0.7748131424084174 0.24437920044583053 0.004629629629629629 0.011111111111111112
0 0.2594147172012761 0.7564524745226031 0.004629629629629629 0.011111111111111112
0 0.4157440583247656 0.6011317097934586 0.004629629629629629 0.011111111111111112
0 0.7426467305482508 0.27633808706818946 0.004629629629629629 0.011111111111111112
0 0.6977179406789755 0.32097701377701787 0.004629629629629629 0.011111111111111112
0 0.42347852268340486 0.5934471452048752 0.004629629629629629 0.011111111111111112
