0 0.2074144719737617 0.8081172342970367 0.004629629629629629 0.011111111111111112
0 0.24878110884568835 0.7670174789533161 0.004629629629629629 0.011111111111111112
0 0.25178747481753083 0.7640305088909694 0.004629629629629629 0.011111111111111112
0 0.2175612147920167 0.7980359543356738 0.004629629629629629 0.011111111111111112
0 0.4089417855664392 0.6078900969210863 0.004629629629629629 0.011111111111111112
0 0.18753280374687045 0.8278706336966577 0.004629629629629629 0.011111111111111112
0 0.3294658544857368 0.6868532800593325 0.004629629629629629 0.011111111111111112
0 0.3900954067749571 0.6266148861719781 0.004629629629629629 0.011111111111111112
0 0.5856217991886941 0.4323499543544588 0.004629629629629629 0.011111111111111112
0 0.3281103687248488 0.6882000207507953 0.004629629629629629 0.011111111111111112
0 0.4804518019250826 0.536841435506692 0.004629629629629629 0.011111111111111112
0 0.33347507314619584 0.682869927325715 0.004629629629629629 0.011111111111111112
0 0.2922628505845761 0.7238162645804858 0.004629629629629629 0.011111111111111112
0 0.6035642559616914 0.4145232553670937 0.004629629629629629 0.011111111111111112
0 0.6036286553840389 0.4144592714248904 0.004629629629629629 0.011111111111111112
0 0.5820548197405562 0.4358939210319635 0.004629629629629629 0.011111111111111112
0 0.34040593682655723 0.6759837788949044 0.004629629629629629 0.011111111111111112
0 0.20659910681662624 0.8089273390338036 0.004629629629629629 0.011111111111111112
0 0.8647727272727272 0.155 0.004629629629629629 0.011111111111111112
0 0.775146233443651 0.24404825838501779 0.004629629629629629 0.011111111111111112
0 0.1974287058657255 0.8180385761076018 0.004629629629629629 0.011111111111111112
0 0.2949688492888804 0.7211277239323381 0.004629629629629629 0.011111111111111112
0 0.7020746892500618 0.3166483732612289 0.004629629629629629 0.011111111111111112
0 0.36107803046035847 0.6554450536071278 0.004629629629629629 0.011111111111111112
0 0.5331875436309264 0.484445924392499 0.004629629629629629 0.011111111111111112
0 0.6694676835734815 0.34904501115925063 0.004629629629629629 0.011111111111111112
0 0.8204654992802635 0.19902137490864152 0.004629629629629629 0.011111111111111112
0 0.5688099964823434 0.44905329381754266 0.004629629629629629 0.011111111111111112
0 0.3507819170275105 0.6656747405016993 0.004629629629629629 0.011111111111111112
0 0.16022727272727266 0.855 0.004629629629629629 0.011111111111111112
