0 0.42366766800488515 0.5932592201757916 0.004629629629629629 0.011111111111111112
0 0.47425484341014834 0.5429984136441107 0.004629629629629629 0.011111111111111112
0 0.386113624390557 0.6305709796377692 0.004629629629629629 0.011111111111111112
0 0.38026430623765417 0.6363825602542017 0.004629629629629629 0.011111111111111112
0 0.3989057952351828 0.6178613389276248 0.004629629629629629 0.011111111111111112
0 0.5499023125177716 0.4678389927242786 0.004629629629629629 0.011111111111111112
0 0.16022727272727275 0.855 0.004629629629629629 0.011111111111111112
0 0.16982764443780043 0.8454615661714757 0.004629629629629629 0.011111111111111112
0 0.24824887251698413 0.7675462814992545 0.004629629629629629 0.011111111111111112
0 0.4103577473027866 0.6064832704217475 0.004629629629629629 0.011111111111111112
0 0.4163261604547616 0.6005533631610755 0.004629629629629629 0.011111111111111112
0 0.3447495947995633 0.6716681445217242 0.004629629629629629 0.011111111111111112
0 0.619515840413946 0.39867458436291814 0.004629629629629629 0.011111111111111112
0 0.28210158375731736 0.7339119748475685 0.004629629629629629 0.011111111111111112
0 0.6518764940600035 0.36652270912748053 0.004629629629629629 0.011111111111111112
0 0.19998920756777944 0.8154945937713676 0.004629629629629629 0.011111111111111112
0 0.533383091215121 0.48425163840562185 0.004629629629629629 0.011111111111111112
0 0.16198773063403224 0.8532508998861873 0.004629629629629629 0.011111111111111112
0 0.3524728760840077 0.6639946908584697 0.004629629629629629 0.011111111111111112
0 0.2567522172372608 0.7590977970674958 0.004629629629629629 0.011111111111111112
0 0.1932171817107665 0.8222229291389803 0.004629629629629629 0.011111111111111112
0 0.3270569099386594 0.6892466830286869 0.004629629629629629 0.011111111111111112
0 0.8647727272727272 0.155 0.004629629629629629 0.011111111111111112
0 0.24751624534474198 0.768274182044579 0.004629629629629629 0.011111111111111112
0 0.5790748851618837 0.43885463022625754 0.004629629629629629 0.011111111111111112
0 0.4015939263436052 0.6151905506005471 0.004629629629629629 0.011111111111111112
0 0.3830615799711887 0.6336033334479803 0.004629629629629629 0.011111111111111112
0 0.45852066498703825 0.5586310812386845 0.004629629629629629 0.011111111111111112
0 0.295992537694713 0.7201106399678335 0.004629629629629629 0.011111111111111112
0 0.5012716724670674 0.5161558867101393 0.004629629629629629 0.011111111111111112
