0 0.5839844736365436 0.4339767165159501 0.004629629629629629 0.011111111111111112
0 0.47201368383360837 0.5452251141266085 0.004629629629629629 0.011111111111111112
0 0.8594583391351833 0.16028010176246288 0.004629629629629629 0.011111111111111112
0 0.49858007710534963 0.5188301169404913 0.004629629629629629 0.011111111111111112
0 0.40791953409154436 0.6089057532251754 0.004629629629629629 0.011111111111111112
0 0.16022727272727272 0.855 0.004629629629629629 0.011111111111111112
0 0.7279806160229353 0.2909095814997934 0.004629629629629629 0.011111111111111112
0 0.395520123036757 0.6212251680796091 0.004629629629629629 0.011111111111111112
0 0.8647727272727272 0.155 0.004629629629629629 0.011111111111111112
0 0.5403825557691964 0.47729733168737914 0.004629629629629629 0.011111111111111112
0 0.5829877135204752 0.43496704592159247 0.004629629629629629 0.011111111111111112
0 0.327786405542201 0.6885218938483938 0.004629629629629629 0.011111111111111112
0 0.5209921881504457 0.4965626001602024 0.004629629629629629 0.011111111111111112
0 0.4202374487008432 0.5966673090327106 0.004629629629629629 0.011111111111111112
0 0.5309149338276204 0.4867038721970739 0.004629629629629629 0.011111111111111112
0 0.4899477856058915 0.5274067162367272 0.004629629629629629 0.011111111111111112
0 0.28010851886934984 0.7358921812523879 0.004629629629629629 0.011111111111111112
0 0.6026029314398117 0.4154783777952839 0.004629629629629629 0.011111111111111112
0 0.5352825553545716 0.4823644288735223 0.004629629629629629 0.011111111111111112
0 0.5998989753067381 0.41816488905007954 0.004629629629629629 0.011111111111111112
0 0.3376515627384145 0.6787203828276398 0.004629629629629629 0.011111111111111112
0 0.5152837236105832 0.502234235896582 0.004629629629629629 0.011111111111111112
0 0.4297172392901483 0.5872486783826915 0.004629629629629629 0.011111111111111112
0 0.6428521108627119 0.3754888704976928 0.004629629629629629 0.011111111111111112
0 0.4647402600495246 0.5524516125959562 0.004629629629629629 0.011111111111111112
0 0.3924467344679461 0.6242787283350729 0.004629629629629629 0.011111111111111112
0 0.33427393101915115 0.6820762233745209 0.004629629629629629 0.011111111111111112
0 0.5905896848282305 0.4274141195900162 0.004629629629629629 0.011111111111111112
0 0.6847482619654195 0.3338630171440349 0.004629629629629629 0.011111111111111112
0 0.5183619570940935 0.49917586198393304 0.004629629629629629 0.011111111111111112
