0 0.5423193103021989 0.475373072344912 0.004629629629629629 0.011111111111111112
0 0.6308389984145049 0.3874244789946209 0.004629629629629629 0.011111111111111112
0 0.17006200979208938 0.8452287128517305 0.004629629629629629 0.011111111111111112
0 0.3553958897108464 0.6610905353840623 0.004629629629629629 0.011111111111111112
0 0.345412120138093 0.6710098935402172 0.004629629629629629 0.011111111111111112
0 0.16022727272727272 0.855 0.004629629629629629 0.011111111111111112
0 0.46376032804193984 0.5534252224615565 0.004629629629629629 0.011111111111111112
0 0.5866176932294682 0.4313604854365284 0.004629629629629629 0.011111111111111112
0 0.7525388882910234 0.2665097496979508 0.004629629629629629 0.011111111111111112
0 0.26551145481775196 0.7503950706972013 0.004629629629629629 0.011111111111111112
0 0.257277986294391 0.7585754200687986 0.004629629629629629 0.011111111111111112
0 0.3597298021244768 0.656784583695681 0.004629629629629629 0.011111111111111112
0 0.31138317822851114 0.7048192938890923 0.004629629629629629 0.011111111111111112
0 0.4626815052377943 0.5544970851185785 0.004629629629629629 0.011111111111111112
0 0.21195265638578348 0.8036083284941248 0.004629629629629629 0.011111111111111112
0 0.21002346881792044 0.8055250696905824 0.004629629629629629 0.011111111111111112
0 0.7704496322013095 0.24871455897418288 0.004629629629629629 0.011111111111111112
0 0.4909447573658824 0.5264161765526071 0.004629629629629629 0.011111111111111112
0 0.3986279298022997 0.6181374116802957 0.004629629629629629 0.011111111111111112
0 0.19948859954087111 0.81599197206907 0.004629629629629629 0.011111111111111112
0 0.8647727272727271 0.1550000000000001 0.004629629629629629 0.011111111111111112
0 0.2893216428147833 0.7267384968162799 0.004629629629629629 0.011111111111111112
0 0.24164660097175858 0.7741059577441882 0.004629629629629629 0.011111111111111112
0 0.38648464020978734 0.6302023574689855 0.004629629629629629 0.011111111111111112
0 0.3769584151382275 0.6396671230239547 0.004629629629629629 0.011111111111111112
0 0.26295327059551266 0.7529367505051037 0.004629629629629629 0.011111111111111112
0 0.311501271789993 0.7047019622215552 0.004629629629629629 0.011111111111111112
0 0.2143416756702148 0.8012347222373349 0.004629629629629629 0.011111111111111112
0 0.30981788687931633 0.7063744865844213 0.004629629629629629 0.011111111111111112
0 0.17218328167411748 0.8431211265947478 0.004629629629629629 0.011111111111111112
