0 0.2519649724227408 0.7638541564315995 0.004629629629629629 0.011111111111111112
0 0.6962015685219484 0.3224836028878707 0.004629629629629629 0.011111111111111112
0 0.695655793733711 0.323025856548442 0.004629629629629629 0.011111111111111112
0 0.16022727272727275 0.855 0.004629629629629629 0.011111111111111112
0 0.3240404502571139 0.6922436816800288 0.004629629629629629 0.011111111111111112
0 0.3059167219197467 0.7102504827378001 0.004629629629629629 0.011111111111111112
0 0.667606796673623 0.3508938923371745 0.004629629629629629 0.011111111111111112
0 0.2723861699475884 0.7435647085682026 0.004629629629629629 0.011111111111111112
0 0.5459278718748345 0.47178779181468056 0.004629629629629629 0.011111111111111112
0 0.8647727272727272 0.155 0.004629629629629629 0.011111111111111112
0 0.24849272929427874 0.7673039979914908 0.004629629629629629 0.011111111111111112
0 0.4390972500096249 0.577929183861405 0.004629629629629629 0.011111111111111112
0 0.5576957445021865 0.4600958409462147 0.004629629629629629 0.011111111111111112
0 0.7698014116026763 0.24935859750443773 0.004629629629629629 0.011111111111111112
0 0.44295009574617683 0.5741011951941212 0.004629629629629629 0.011111111111111112
0 0.45412637330732614 0.5629970226494955 0.004629629629629629 0.011111111111111112
0 0.3369752865653153 0.6793922959286545 0.004629629629629629 0.011111111111111112
0 0.7325420644919954 0.2863775617305337 0.004629629629629629 0.011111111111111112
0 0.7922161807287794 0.22708843979205143 0.004629629629629629 0.011111111111111112
0 0.3848062988973259 0.6318698707729794 0.004629629629629629 0.011111111111111112
0 0.5368150995574583 0.4808417720525898 0.004629629629629629 0.011111111111111112
0 0.25580877126583906 0.7600351562907148 0.004629629629629629 0.011111111111111112
0 0.3647166223175447 0.651829936536117 0.004629629629629629 0.011111111111111112
0 0.3047045918016056 0.7114547926616306 0.004629629629629629 0.011111111111111112
0 0.1930838007759065 0.82235544955168 0.004629629629629629 0.011111111111111112
0 0.5316684097589479 0.4859552574007873 0.004629629629629629 0.011111111111111112
0 0.2531060950765122 0.7627203958594653 0.004629629629629629 0.011111111111111112
0 0.21415803071468087 0.8014171823867042 0.004629629629629629 0.011111111111111112
0 0.265566154515597 0.7503407239006328 0.004629629629629629 0.011111111111111112
0 0.7098005244362181 0.3089723821730478 0.004629629629629629 0.011111111111111112
