0 0.4105864583081182 0.6062560349712891 0.004629629629629629 0.011111111111111112
0 0.1752995744294642 0.8400249389539517 0.004629629629629629 0.011111111111111112
0 0.31709174990369166 0.6991475517085903 0.004629629629629629 0.011111111111111112
0 0.46932460781611307 0.5478968412665716 0.004629629629629629 0.011111111111111112
0 0.16304867205527032 0.8521968032483122 0.004629629629629629 0.011111111111111112
0 0.2108015919734369 0.8047519666844563 0.004629629629629629 0.011111111111111112
0 0.22785782752002953 0.7878057713671965 0.004629629629629629 0.011111111111111112
0 0.22094561869872753 0.7946733852928771 0.004629629629629629 0.011111111111111112
0 0.23061850259805758 0.7850629070961235 0.004629629629629629 0.011111111111111112
0 0.17129052233370387 0.8440081261974813 0.004629629629629629 0.011111111111111112
0 0.4977226415614158 0.5196820206422063 0.004629629629629629 0.011111111111111112
0 0.16022727272727275 0.855 0.004629629629629629 0.011111111111111112
0 0.1972275215559385 0.8182384624540998 0.004629629629629629 0.011111111111111112
0 0.8647727272727272 0.1550000000000001 0.004629629629629629 0.011111111111111112
0 0.20871319000061875 0.8068268950961595 0.004629629629629629 0.011111111111111112
0 0.43216859760064247 0.5848131352871037 0.004629629629629629 0.011111111111111112
0 0.3500672075601251 0.6663848389402629 0.004629629629629629 0.011111111111111112
0 0.35980749450976324 0.6567073925515902 0.004629629629629629 0.011111111111111112
0 0.17747680740901814 0.837861752638782 0.004629629629629629 0.011111111111111112
0 0.18640853843957314 0.8289876456793919 0.004629629629629629 0.011111111111111112
0 0.23862742841008028 0.7771056517732107 0.004629629629629629 0.011111111111111112
0 0.17598706818307946 0.8393418806439081 0.004629629629629629 0.011111111111111112
0 0.22467046549628625 0.7909725697649801 0.004629629629629629 0.011111111111111112
0 0.1912894124882941 0.8241382611406627 0.004629629629629629 0.011111111111111112
0 0.36204517752169124 0.6544841462042552 0.004629629629629629 0.011111111111111112
0 0.7883003102125415 0.23097904662753957 0.004629629629629629 0.011111111111111112
0 0.17961986883161407 0.8357325174189125 0.004629629629629629 0.011111111111111112
0 0.20368337681232046 0.8118242578767914 0.004629629629629629 0.011111111111111112
0 0.43978618934330976 0.5772446892976149 0.004629629629629629 0.011111111111111112
0 0.5133143968591547 0.5041908573141302 0.004629629629629629 0.011111111111111112
