0 0.7719442485085823 0.2472295853527635 0.004629629629629629 0.011111111111111112
0 0.7787554683549821 0.24046230886021136 0.004629629629629629 0.011111111111111112
0 0.48932088264146983 0.5280295746658944 0.004629629629629629 0.011111111111111112
0 0.782266645124324 0.23697378484422008 0.004629629629629629 0.011111111111111112
0 0.76917492518898 0.2499810420703036 0.004629629629629629 0.011111111111111112
0 0.1602272727272728 0.8549999999999999 0.004629629629629629 0.011111111111111112
0 0.7892867056032979 0.2299990150780136 0.004629629629629629 0.011111111111111112
0 0.8647727272727275 0.155 0.004629629629629629 0.011111111111111112
0 0.852162780451939 0.1675285923251704 0.004629629629629629 0.011111111111111112
0 0.6747914519275449 0.34375558969779424 0.004629629629629629 0.011111111111111112
0 0.7213682958559899 0.2974792415366294 0.004629629629629629 0.011111111111111112
0 0.5005665090477429 0.516856500688049 0.004629629629629629 0.011111111111111112
0 0.730097939907112 0.288805917769708 0.004629629629629629 0.011111111111111112
0 0.5887485046897326 0.4292434211469754 0.004629629629629629 0.011111111111111112
0 0.8288991344403696 0.19064215029795537 0.004629629629629629 0.011111111111111112
0 0.7850390974782158 0.23421921927970835 0.004629629629629629 0.011111111111111112
0 0.7335934587078639 0.28533295070315445 0.004629629629629629 0.011111111111111112
0 0.6645790848666016 0.35390207051963446 0.004629629629629629 0.011111111111111112
0 0.4301656965979198 0.5868031143478732 0.004629629629629629 0.011111111111111112
0 0.8289053759801971 0.19063594902612682 0.004629629629629629 0.011111111111111112
0 0.6162059215616335 0.4019631489000544 0.004629629629629629 0.011111111111111112
0 0.4387500860156106 0.578274108087716 0.004629629629629629 0.011111111111111112
0 0.6070797305714728 0.41103046123866577 0.004629629629629629 0.011111111111111112
0 0.5179660058098157 0.49956925874379615 0.004629629629629629 0.011111111111111112
0 0.6731702641828712 0.3453663181666957 0.004629629629629629 0.011111111111111112
0 0.7991382044375159 0.22021107430079065 0.004629629629629629 0.011111111111111112
0 0.30758598736204334 0.7085919867499698 0.004629629629629629 0.011111111111111112
0 0.7820984670223463 0.23714087792618488 0.004629629629629629 0.011111111111111112
0 0.8313050045781545 0.1882518019029949 0.004629629629629629 0.011111111111111112
0 0.6291953315114706 0.389057541595055 0.004629629629629629 0.011111111111111112
