0 0.7613762719512581 0.2577293814161694 0.004629629629629629 0.011111111111111112
0 0.7498523543117935 0.26917895119989543 0.004629629629629629 0.011111111111111112
0 0.6996143168124889 0.3190928723282368 0.004629629629629629 0.011111111111111112
0 0.7903691346830272 0.22892356941170192 0.004629629629629629 0.011111111111111112
0 0.7279493082844792 0.29094068725284 0.004629629629629629 0.011111111111111112
0 0.8192235121728976 0.20025534919595975 0.004629629629629629 0.011111111111111112
0 0.5053336053821788 0.5121201598138353 0.004629629629629629 0.011111111111111112
0 0.7933143723998038 0.22599733322858195 0.004629629629629629 0.011111111111111112
0 0.7468162062792493 0.2721955111806167 0.004629629629629629 0.011111111111111112
0 0.701632359398209 0.31708784937210205 0.004629629629629629 0.011111111111111112
0 0.8498500856309849 0.16982636653437636 0.004629629629629629 0.011111111111111112
0 0.7612564933272741 0.2578483872748373 0.004629629629629629 0.011111111111111112
0 0.8584267396101255 0.1613050458067139 0.004629629629629629 0.011111111111111112
0 0.8647727272727272 0.155 0.004629629629629629 0.011111111111111112
0 0.7326263483633448 0.2862938216260961 0.004629629629629629 0.011111111111111112
0 0.466538176206775 0.550665295897785 0.004629629629629629 0.011111111111111112
0 0.4990326629799618 0.5183804509747476 0.004629629629629629 0.011111111111111112
0 0.7508645379215992 0.26817329780692717 0.004629629629629629 0.011111111111111112
0 0.7941006957637238 0.22521608291862277 0.004629629629629629 0.011111111111111112
0 0.8608996385562339 0.15884810104735492 0.004629629629629629 0.011111111111111112
0 0.8619647734574213 0.1577898379842395 0.004629629629629629 0.011111111111111112
0 0.7508678951774244 0.26816996221081696 0.004629629629629629 0.011111111111111112
0 0.16022727272727275 0.855 0.004629629629629629 0.011111111111111112
0 0.3570288511911714 0.6594681091390941 0.004629629629629629 0.011111111111111112
0 0.7762304497943289 0.24297103697853778 0.004629629629629629 0.011111111111111112
0 0.7558650666947534 0.2632050305097289 0.004629629629629629 0.011111111111111112
0 0.8433407668350525 0.17629368972517365 0.004629629629629629 0.011111111111111112
0 0.7332819916536382 0.28564240829251436 0.004629629629629629 0.011111111111111112
0 0.8220127256130234 0.1974841306812541 0.004629629629629629 0.011111111111111112
0 0.6429147022571458 0.3754266829187068 0.004629629629629629 0.011111111111111112
