0 0.3935874835718579 0.6231453389027992 0.004629629629629629 0.011111111111111112
0 0.6418827383005384 0.376451989043336 0.004629629629629629 0.011111111111111112
0 0.4258329401961433 0.5911079174825415 0.004629629629629629 0.011111111111111112
0 0.5539359085091234 0.46383141993287097 0.004629629629629629 0.011111111111111112
0 0.3870179180754721 0.62967252010566 0.004629629629629629 0.011111111111111112
0 0.46267561139117985 0.5545029409403762 0.004629629629629629 0.011111111111111112
0 0.3485895187673825 0.6678529942569232 0.004629629629629629 0.011111111111111112
0 0.5712707837927776 0.44660838255427265 0.004629629629629629 0.011111111111111112
0 0.6272421547220575 0.3909981172438912 0.004629629629629629 0.011111111111111112
0 0.8647727272727272 0.155 0.004629629629629629 0.011111111111111112
0 0.7320239798300637 0.28689230391077536 0.004629629629629629 0.011111111111111112
0 0.7070831633726398 0.31167221187492566 0.004629629629629629 0.011111111111111112
0 0.5713666795070654 0.44651310552201245 0.004629629629629629 0.011111111111111112
0 0.1832513896288698 0.8321244257880906 0.004629629629629629 0.011111111111111112
0 0.5385367320428965 0.4791312468735092 0.004629629629629629 0.011111111111111112
0 0.5790724086273383 0.43885709078316065 0.004629629629629629 0.011111111111111112
0 0.550344818899185 0.4673993412227453 0.004629629629629629 0.011111111111111112
0 0.5261799624261609 0.49140829539594333 0.004629629629629629 0.011111111111111112
0 0.16022727272727266 0.855 0.004629629629629629 0.011111111111111112
0 0.2801451716619874 0.7358557649293802 0.004629629629629629 0.011111111111111112
0 0.45957947120833476 0.5575791060252675 0.004629629629629629 0.011111111111111112
0 0.3461556209537604 0.6702711895040059 0.004629629629629629 0.011111111111111112
0 0.38087112864469386 0.6357796528304331 0.004629629629629629 0.011111111111111112
0 0.8450076935284859 0.17463751739750433 0.004629629629629629 0.011111111111111112
0 0.734856491656516 0.28407806635417127 0.004629629629629629 0.011111111111111112
0 0.2336407385327682 0.7820601694577658 0.004629629629629629 0.011111111111111112
0 0.3578421687221993 0.658660038817944 0.004629629629629629 0.011111111111111112
0 0.40559454735337963 0.6112157400489002 0.004629629629629629 0.011111111111111112
0 0.5581984364656304 0.4595963921567285 0.004629629629629629 0.011111111111111112
0 0.5393066628078843 0.47836628340377946 0.004629629629629629 0.011111111111111112
