0 0.3478009210335879 0.668636504263403 0.004629629629629629 0.011111111111111112
0 0.16022727272727275 0.855 0.004629629629629629 0.011111111111111112
0 0.21708877809656632 0.7985053430524438 0.004629629629629629 0.011111111111111112
0 0.6965439228363306 0.3221434573110007 0.004629629629629629 0.011111111111111112
0 0.759215459224239 0.2598762534159173 0.004629629629629629 0.011111111111111112
0 0.5437424655082608 0.47395909878534087 0.004629629629629629 0.011111111111111112
0 0.6467972427505885 0.37156919107360886 0.004629629629629629 0.011111111111111112
0 0.4758945823225378 0.5413692536924464 0.004629629629629629 0.011111111111111112
0 0.28491800124480327 0.7311137277954858 0.004629629629629629 0.011111111111111112
0 0.21320056614694954 0.802368469763676 0.004629629629629629 0.011111111111111112
0 0.7975092031849252 0.22182956586788077 0.004629629629629629 0.011111111111111112
0 0.3893039010947825 0.6274012853638935 0.004629629629629629 0.011111111111111112
0 0.4555753902732143 0.5615573541801613 0.004629629629629629 0.011111111111111112
0 0.21976220328096094 0.7958491657724647 0.004629629629629629 0.011111111111111112
0 0.5998843636704783 0.4181794064177184 0.004629629629629629 0.011111111111111112
0 0.7329705471924167 0.2859518434346312 0.004629629629629629 0.011111111111111112
0 0.5810251282329087 0.436916969368594 0.004629629629629629 0.011111111111111112
0 0.8099048057393221 0.20951393494286707 0.004629629629629629 0.011111111111111112
0 0.2977994594574924 0.718315375764814 0.004629629629629629 0.011111111111111112
0 0.3416262087079537 0.6747713797353234 0.004629629629629629 0.011111111111111112
0 0.43247097138821783 0.5845127122981578 0.004629629629629629 0.011111111111111112
0 0.48191484908052984 0.535387827365151 0.004629629629629629 0.011111111111111112
0 0.7336687919288406 0.2852581035029582 0.004629629629629629 0.011111111111111112
0 0.2973502657748666 0.7187616714236811 0.004629629629629629 0.011111111111111112
0 0.497427234916701 0.5199755214376003 0.004629629629629629 0.011111111111111112
0 0.6013222943812362 0.41675075267928785 0.004629629629629629 0.011111111111111112
0 0.8647727272727272 0.155 0.004629629629629629 0.011111111111111112
0 0.43781751814565817 0.5792006593907654 0.004629629629629629 0.011111111111111112
0 0.4569593298612358 0.5601823432346432 0.004629629629629629 0.011111111111111112
0 0.6326080946268771 0.38566679630619954 0.004629629629629629 0.011111111111111112
