0 0.6661016462134419 0.3523893321492255 0.004629629629629629 0.011111111111111112
0 0.3990692199587911 0.6176989685570722 0.004629629629629629 0.011111111111111112
0 0.3488789872868337 0.6675653932763072 0.004629629629629629 0.011111111111111112
0 0.6306647634666691 0.3875975898460191 0.004629629629629629 0.011111111111111112
0 0.25814921046188105 0.7577098167023891 0.004629629629629629 0.011111111111111112
0 0.2039012962493307 0.8116077443716327 0.004629629629629629 0.011111111111111112
0 0.31430727137588255 0.7019140658588006 0.004629629629629629 0.011111111111111112
0 0.4575529746569602 0.5595925284053427 0.004629629629629629 0.011111111111111112
0 0.32752451968533614 0.6887820901190854 0.004629629629629629 0.011111111111111112
0 0.24505936147049245 0.7707152150551237 0.004629629629629629 0.011111111111111112
0 0.44326245253889907 0.5737908536065133 0.004629629629629629 0.011111111111111112
0 0.8647727272727271 0.15500000000000022 0.004629629629629629 0.011111111111111112
0 0.6407114669263562 0.37761570382800735 0.004629629629629629 0.011111111111111112
0 0.4846636648934449 0.5326567458478031 0.004629629629629629 0.011111111111111112
0 0.47234627163405934 0.5448946720539024 0.004629629629629629 0.011111111111111112
0 0.47311527573074535 0.5441306292739692 0.004629629629629629 0.011111111111111112
0 0.2064906993785552 0.8090350470690485 0.004629629629629629 0.011111111111111112
0 0.8567135179525064 0.1630072144213807 0.004629629629629629 0.011111111111111112
0 0.16022727272727272 0.855 0.004629629629629629 0.011111111111111112
0 0.4059655098414002 0.610847170867254 0.004629629629629629 0.011111111111111112
0 0.3540937057005007 0.6623843182072444 0.004629629629629629 0.011111111111111112
0 0.5337885606736512 0.4838487848790821 0.004629629629629629 0.011111111111111112
0 0.20567854581455283 0.8098419609326379 0.004629629629629629 0.011111111111111112
0 0.3850026702551945 0.6316747663270971 0.004629629629629629 0.011111111111111112
0 0.17253322684738395 0.8427734391322766 0.004629629629629629 0.011111111111111112
0 0.8117169805344268 0.20771345159805354 0.004629629629629629 0.011111111111111112
0 0.34826376661411335 0.668176644783397 0.004629629629629629 0.011111111111111112
0 0.28466109834178943 0.7313689732604157 0.004629629629629629 0.011111111111111112
0 0.5464424012197221 0.47127658201395356 0.004629629629629629 0.011111111111111112
0 0.23573719775302085 0.7799772357808696 0.004629629629629629 0.011111111111111112
