0 0.24281743320574445 0.7729426792665506 0.004629629629629629 0.011111111111111112
0 0.28826853411107656 0.7277848112702853 0.004629629629629629 0.011111111111111112
0 0.25002648242298153 0.7657801400442635 0.004629629629629629 0.011111111111111112
0 0.8647727272727272 0.155 0.004629629629629629 0.011111111111111112
0 0.18877858630843172 0.8266328884419453 0.004629629629629629 0.011111111111111112
0 0.20243986117158141 0.8130597508359771 0.004629629629629629 0.011111111111111112
0 0.2557017701355549 0.7601414670911261 0.004629629629629629 0.011111111111111112
0 0.4046572789708181 0.6121469615386711 0.004629629629629629 0.011111111111111112
0 0.32505407945928333 0.6912365920210992 0.004629629629629629 0.011111111111111112
0 0.17292654748283817 0.8423826560493092 0.004629629629629629 0.011111111111111112
0 0.4763231366551321 0.540943464226514 0.004629629629629629 0.011111111111111112
0 0.22300472700294635 0.792627561558363 0.004629629629629629 0.011111111111111112
0 0.16407940826924228 0.851172716945398 0.004629629629629629 0.011111111111111112
0 0.20256135875595074 0.8129390371069908 0.004629629629629629 0.011111111111111112
0 0.1780146966379149 0.8373273336629748 0.004629629629629629 0.011111111111111112
0 0.19659271507784506 0.8188691734065281 0.004629629629629629 0.011111111111111112
0 0.5212143998594155 0.4963418220751614 0.004629629629629629 0.011111111111111112
0 0.194011629639856 0.8214336066804012 0.004629629629629629 0.011111111111111112
0 0.22875968911566247 0.7869097282334708 0.004629629629629629 0.011111111111111112
0 0.18192949676382184 0.8334377903120738 0.004629629629629629 0.011111111111111112
0 0.331130782614213 0.6851990934026528 0.004629629629629629 0.011111111111111112
0 0.18541538304643543 0.8299743936183803 0.004629629629629629 0.011111111111111112
0 0.3059344252633561 0.7102328936093107 0.004629629629629629 0.011111111111111112
0 0.5325978123895074 0.4850318509162314 0.004629629629629629 0.011111111111111112
0 0.4050065576527163 0.6117999362676239 0.004629629629629629 0.011111111111111112
0 0.28162798562438685 0.7343825175086737 0.004629629629629629 0.011111111111111112
0 0.42359861232669976 0.5933278303334726 0.004629629629629629 0.011111111111111112
0 0.16022727272727275 0.855 0.004629629629629629 0.011111111111111112
0 0.25276726714179604 0.7630570378075058 0.004629629629629629 0.011111111111111112
0 0.7610604692797358 0.25804314665110134 0.004629629629629629 0.011111111111111112
