0 0.4733951411383369 0.5438525694496522 0.004629629629629629 0.011111111111111112
0 0.6219297556891649 0.3962762427346362 0.004629629629629629 0.011111111111111112
0 0.6269429848702595 0.3912953569676131 0.004629629629629629 0.011111111111111112
0 0.27108117974322715 0.7448612794809227 0.004629629629629629 0.011111111111111112
0 0.8464000606566915 0.1732541332830291 0.004629629629629629 0.011111111111111112
0 0.16022727272727275 0.855 0.004629629629629629 0.011111111111111112
0 0.7298553448514657 0.2890469476959629 0.004629629629629629 0.011111111111111112
0 0.7400491376223206 0.2789189213300813 0.004629629629629629 0.011111111111111112
0 0.31719949325425373 0.699040503476419 0.004629629629629629 0.011111111111111112
0 0.2954704118786063 0.720629397230288 0.004629629629629629 0.011111111111111112
0 0.5913801412505306 0.4266287628865695 0.004629629629629629 0.011111111111111112
0 0.2971487494615031 0.7189618876317968 0.004629629629629629 0.011111111111111112
0 0.4842107138311053 0.5331067746452244 0.004629629629629629 0.011111111111111112
0 0.3629123404047487 0.6536225779204433 0.004629629629629629 0.011111111111111112
0 0.47294391575720984 0.5443008836992882 0.004629629629629629 0.011111111111111112
0 0.5139698648745749 0.5035396181246159 0.004629629629629629 0.011111111111111112
0 0.4649373630209565 0.5522557812565981 0.004629629629629629 0.011111111111111112
0 0.6373635177209461 0.3809420533611245 0.004629629629629629 0.011111111111111112
0 0.7112900696194174 0.30749244695877226 0.004629629629629629 0.011111111111111112
0 0.1887423753554956 0.8266688657758302 0.004629629629629629 0.011111111111111112
0 0.3168128290229881 0.6994246730997409 0.004629629629629629 0.011111111111111112
0 0.664844166830225 0.35363869876222803 0.004629629629629629 0.011111111111111112
0 0.5986702827016863 0.4193856546060665 0.004629629629629629 0.011111111111111112
0 0.3420689381482081 0.6743315066140383 0.004629629629629629 0.011111111111111112
0 0.8647727272727271 0.155 0.004629629629629629 0.011111111111111112
0 0.4466564393302152 0.5704187635041733 0.004629629629629629 0.011111111111111112
0 0.8452480285480193 0.17439873292648395 0.004629629629629629 0.011111111111111112
0 0.8448465250056686 0.17479764612340012 0.004629629629629629 0.011111111111111112
0 0.377876723269587 0.6387547394611846 0.004629629629629629 0.011111111111111112
0 0.4341209244082586 0.5828734041363108 0.004629629629629629 0.011111111111111112
