0 0.5786238613794698 0.43930274417781723 0.004629629629629629 0.011111111111111112
0 0.810450999665394 0.2089712648485763 0.004629629629629629 0.011111111111111112
0 0.6948188797521451 0.3238573710849655 0.004629629629629629 0.011111111111111112
0 0.16022727272727272 0.855 0.004629629629629629 0.011111111111111112
0 0.6279386325727758 0.39030613279866155 0.004629629629629629 0.011111111111111112
0 0.8646617634696664 0.15511024790755756 0.004629629629629629 0.011111111111111112
0 0.7776485541219206 0.24156208171112417 0.004629629629629629 0.011111111111111112
0 0.8350644537571424 0.18451660723483906 0.004629629629629629 0.011111111111111112
0 0.7458768432953704 0.27312881375814824 0.004629629629629629 0.011111111111111112
0 0.4217842526311271 0.5951304844826223 0.004629629629629629 0.011111111111111112
0 0.5833009814980592 0.43465579902773493 0.004629629629629629 0.011111111111111112
0 0.7994827563888937 0.21986874526522843 0.004629629629629629 0.011111111111111112
0 0.8215636680240902 0.19793029112445243 0.004629629629629629 0.011111111111111112
0 0.7550138093810848 0.2640507958407286 0.004629629629629629 0.011111111111111112
0 0.7372637796477891 0.2816863092531646 0.004629629629629629 0.011111111111111112
0 0.7484163251574647 0.2706057156500028 0.004629629629629629 0.011111111111111112
0 0.2725537743167782 0.7433981855175237 0.004629629629629629 0.011111111111111112
0 0.8044682338347545 0.21491543218998596 0.004629629629629629 0.011111111111111112
0 0.6627870192195507 0.35568257445283347 0.004629629629629629 0.011111111111111112
0 0.7636931978286785 0.2554274034476357 0.004629629629629629 0.011111111111111112
0 0.8647727272727275 0.155 0.004629629629629629 0.011111111111111112
0 0.5486244183745373 0.4691086423891695 0.004629629629629629 0.011111111111111112
0 0.7340895003320415 0.2848401093475202 0.004629629629629629 0.011111111111111112
0 0.7953196449927281 0.22400499787819286 0.004629629629629629 0.011111111111111112
0 0.6980485177320747 0.32064856947910014 0.004629629629629629 0.011111111111111112
0 0.7873916173648987 0.23188187694068144 0.004629629629629629 0.011111111111111112
0 0.6231167682939422 0.3950968882756963 0.004629629629629629 0.011111111111111112
0 0.6768432922705294 0.3417169870344417 0.004629629629629629 0.011111111111111112
0 0.27796439399875245 0.738022473059304 0.004629629629629629 0.011111111111111112
0 0.7279297293970028 0.29096013982491353 0.004629629629629629 0.011111111111111112
