0 0.5586464493769159 0.4591512696513224 0.004629629629629629 0.011111111111111112
0 0.3789967115063169 0.6376419769550143 0.004629629629629629 0.011111111111111112
0 0.1602272727272728 0.855 0.004629629629629629 0.011111111111111112
0 0.5435146557642812 0.4741854387890369 0.004629629629629629 0.011111111111111112
0 0.5321091972694687 0.48551731368065704 0.004629629629629629 0.011111111111111112
0 0.5089712885837773 0.5085059455361183 0.004629629629629629 0.011111111111111112
0 0.570043697053691 0.44782755260472 0.004629629629629629 0.011111111111111112
0 0.7222066929191141 0.2966462534868158 0.004629629629629629 0.011111111111111112
0 0.7198973092168734 0.29894073793936443 0.004629629629629629 0.011111111111111112
0 0.7329457820306948 0.28597644882111617 0.004629629629629629 0.011111111111111112
0 0.471387858126435 0.5458469022485742 0.004629629629629629 0.011111111111111112
0 0.52276788616019 0.4947983582666501 0.004629629629629629 0.011111111111111112
0 0.5185449314620036 0.49899406809581587 0.004629629629629629 0.011111111111111112
0 0.5732622505755407 0.44462976394430165 0.004629629629629629 0.011111111111111112
0 0.6091596406421489 0.40896396994263934 0.004629629629629629 0.011111111111111112
0 0.5372451844689079 0.4804144618825045 0.004629629629629629 0.011111111111111112
0 0.29758438912171875 0.7185290585500343 0.004629629629629629 0.011111111111111112
0 0.8647727272727275 0.155 0.004629629629629629 0.011111111111111112
0 0.39380858682326497 0.6229256621239819 0.004629629629629629 0.011111111111111112
0 0.7434830349756182 0.27550717815325687 0.004629629629629629 0.011111111111111112
0 0.7132502048617143 0.30554495775029683 0.004629629629629629 0.011111111111111112
0 0.42886121582792586 0.5880991791128996 0.004629629629629629 0.011111111111111112
0 0.39726568583710126 0.6194908669747511 0.004629629629629629 0.011111111111111112
0 0.8561198747099695 0.16359702770751425 0.004629629629629629 0.011111111111111112
0 0.7531600854628552 0.2658925602498084 0.004629629629629629 0.011111111111111112
0 0.30731412568733457 0.7088620944783902 0.004629629629629629 0.011111111111111112
0 0.283473507651334 0.732548902075449 0.004629629629629629 0.011111111111111112
0 0.7843700744783995 0.23488392600210659 0.004629629629629629 0.011111111111111112
0 0.6979076234002886 0.32078855481519725 0.004629629629629629 0.011111111111111112
0 0.5610427150271474 0.45677046377947944 0.004629629629629629 0.011111111111111112
