0 0.6847334880687651 0.3338776957252269 0.004629629629629629 0.011111111111111112
0 0.3636080435407302 0.6529313631917908 0.004629629629629629 0.011111111111111112
0 0.2398873696677604 0.7758538391688059 0.004629629629629629 0.011111111111111112
0 0.5981972937464674 0.41985559201963896 0.004629629629629629 0.011111111111111112
0 0.6171511199906404 0.4010240485254283 0.004629629629629629 0.011111111111111112
0 0.5967540050181184 0.421289569207805 0.004629629629629629 0.011111111111111112
0 0.29770848845507847 0.7184057598575351 0.004629629629629629 0.011111111111111112
0 0.3415758013674944 0.6748214618671347 0.004629629629629629 0.011111111111111112
0 0.8337214514063869 0.18585094505429947 0.004629629629629629 0.011111111111111112
0 0.5935798291170971 0.4244432665546262 0.004629629629629629 0.011111111111111112
0 0.4264857369836676 0.5904593322871949 0.004629629629629629 0.011111111111111112
0 0.29634068665777535 0.7197647371271135 0.004629629629629629 0.011111111111111112
0 0.5488189372905046 0.4689153784339503 0.004629629629629629 0.011111111111111112
0 0.24160809032267025 0.7741442199374761 0.004629629629629629 0.011111111111111112
0 0.22879942406512244 0.7868702496385236 0.004629629629629629 0.011111111111111112
0 0.728341962685923 0.29055056610559904 0.004629629629629629 0.011111111111111112
0 0.5022212355375437 0.5152124498530211 0.004629629629629629 0.011111111111111112
0 0.5639002081574922 0.4539314060886852 0.004629629629629629 0.011111111111111112
0 0.8321514445562758 0.18741082282795832 0.004629629629629629 0.011111111111111112
0 0.8647727272727272 0.155 0.004629629629629629 0.011111111111111112
0 0.7251535664310602 0.2937183920620435 0.004629629629629629 0.011111111111111112
0 0.8402237571061211 0.1793905897139184 0.004629629629629629 0.011111111111111112
0 0.6213400222125162 0.39686217147917763 0.004629629629629629 0.011111111111111112
0 0.6662405070006291 0.35225136723808465 0.004629629629629629 0.011111111111111112
0 0.24828304993207354 0.7675123245836173 0.004629629629629629 0.011111111111111112
0 0.5899307678456897 0.4280687854952503 0.004629629629629629 0.011111111111111112
0 0.4720673256238459 0.545171818412437 0.004629629629629629 0.011111111111111112
0 0.3545007989023138 0.661979851413185 0.004629629629629629 0.011111111111111112
0 0.32919650364129116 0.6871208931563947 0.004629629629629629 0.011111111111111112
0 0.16022727272727272 0.855 0.004629629629629629 0.011111111111111112
