0 0.684844561398339 0.3337673389977792 0.004629629629629629 0.011111111111111112
0 0.7228379035221005 0.2960191152103 0.004629629629629629 0.011111111111111112
0 0.7104552074671066 0.308321922903649 0.004629629629629629 0.011111111111111112
0 0.26761745560933586 0.7483026570074987 0.004629629629629629 0.011111111111111112
0 0.5690019946522358 0.44886253434552054 0.004629629629629629 0.011111111111111112
0 0.8481480449149549 0.17151742634256106 0.004629629629629629 0.011111111111111112
0 0.3889702084326304 0.6277328251701607 0.004629629629629629 0.011111111111111112
0 0.7286339456833072 0.29026046686948825 0.004629629629629629 0.011111111111111112
0 0.40882014803237304 0.608010949696868 0.004629629629629629 0.011111111111111112
0 0.7454009932554112 0.2736015937978493 0.004629629629629629 0.011111111111111112
0 0.8511632321593408 0.16852169191910663 0.004629629629629629 0.011111111111111112
0 0.7967526235561384 0.22258126433777192 0.004629629629629629 0.011111111111111112
0 0.2599637639863969 0.7559069699748057 0.004629629629629629 0.011111111111111112
0 0.21488258075246242 0.8006973068652953 0.004629629629629629 0.011111111111111112
0 0.6163185187741171 0.4018512781211998 0.004629629629629629 0.011111111111111112
0 0.1602272727272728 0.8549999999999999 0.004629629629629629 0.011111111111111112
0 0.6962650225683031 0.3224205582224599 0.004629629629629629 0.011111111111111112
0 0.7589858603323273 0.2601043710246554 0.004629629629629629 0.011111111111111112
0 0.7968387318722896 0.22249571155914463 0.004629629629629629 0.011111111111111112
0 0.4749072185336494 0.542350247392374 0.004629629629629629 0.011111111111111112
0 0.609226060362332 0.4088979787367798 0.004629629629629629 0.011111111111111112
0 0.8232267872501319 0.19627790169986883 0.004629629629629629 0.011111111111111112
0 0.8299563200230424 0.18959178526742881 0.004629629629629629 0.011111111111111112
0 0.8563429865791342 0.1633753552697633 0.004629629629629629 0.011111111111111112
0 0.6606591446384925 0.3577967208107882 0.004629629629629629 0.011111111111111112
0 0.8647727272727275 0.15499999999999978 0.004629629629629629 0.011111111111111112
0 0.7196735722399747 0.29916303145189616 0.004629629629629629 0.011111111111111112
0 0.792092079564081 0.2272117403040745 0.004629629629629629 0.011111111111111112
0 0.6819787871359072 0.3366146243940018 0.004629629629629629 0.011111111111111112
0 0.644294477132435 0.3740558098168065 0.004629629629629629 0.011111111111111112
