0 0.30166234260093044 0.7144774144481078 0.004629629629629629 0.011111111111111112
0 0.3628702379155794 0.6536644087806502 0.004629629629629629 0.011111111111111112
0 0.253518752627041 0.7623104006157141 0.004629629629629629 0.011111111111111112
0 0.6827247302578813 0.3358734938082987 0.004629629629629629 0.011111111111111112
0 0.5019157114289753 0.5155160028383083 0.004629629629629629 0.011111111111111112
0 0.8616709485625268 0.1580817672346509 0.004629629629629629 0.011111111111111112
0 0.5528784324626022 0.46488207355328565 0.004629629629629629 0.011111111111111112
0 0.8064826146116127 0.2129140474181395 0.004629629629629629 0.011111111111111112
0 0.3711155921748589 0.6454722503553015 0.004629629629629629 0.011111111111111112
0 0.7711131828742972 0.24805528927327897 0.004629629629629629 0.011111111111111112
0 0.16022727272727275 0.855 0.004629629629629629 0.011111111111111112
0 0.5325094257564653 0.4851196673129314 0.004629629629629629 0.011111111111111112
0 0.3458302186889759 0.6705944923993401 0.004629629629629629 0.011111111111111112
0 0.819300110026933 0.20017924552162777 0.004629629629629629 0.011111111111111112
0 0.340416646167938 0.6759731386460487 0.004629629629629629 0.011111111111111112
0 0.40218483889033524 0.6146034503928283 0.004629629629629629 0.011111111111111112
0 0.4024286360548133 0.6143612261132824 0.004629629629629629 0.011111111111111112
0 0.7322577699231061 0.28666002214091396 0.004629629629629629 0.011111111111111112
0 0.16294747247425728 0.8522973499288025 0.004629629629629629 0.011111111111111112
0 0.6626969845843423 0.3557720282194275 0.004629629629629629 0.011111111111111112
0 0.29910485523712166 0.7170184018934405 0.004629629629629629 0.011111111111111112
0 0.28477267180562243 0.7312581196253816 0.004629629629629629 0.011111111111111112
0 0.8647727272727272 0.155 0.004629629629629629 0.011111111111111112
0 0.656862454469254 0.3615689162047413 0.004629629629629629 0.011111111111111112
0 0.6030558727379979 0.4150283586990215 0.004629629629629629 0.011111111111111112
0 0.8034765642712274 0.21590070388536128 0.004629629629629629 0.011111111111111112
0 0.25008333347672584 0.7657236557715111 0.004629629629629629 0.011111111111111112
0 0.8232910606954225 0.19621404292196734 0.004629629629629629 0.011111111111111112
0 0.25360592220222994 0.7622237934248812 0.004629629629629629 0.011111111111111112
0 0.5267361593608118 0.49085568682861286 0.004629629629629629 0.011111111111111112
