0 0.6053296850567385 0.41276921613717604 0.004629629629629629 0.011111111111111112
0 0.26587279097882055 0.7500360657371719 0.004629629629629629 0.011111111111111112
0 0.47707638830738064 0.5401950722623444 0.004629629629629629 0.011111111111111112
0 0.5203757174261415 0.49717509365402707 0.004629629629629629 0.011111111111111112
0 0.45538402996052496 0.561747479910188 0.004629629629629629 0.011111111111111112
0 0.35660234253562795 0.6598918661258922 0.004629629629629629 0.011111111111111112
0 0.4755772207412551 0.5416845677796562 0.004629629629629629 0.011111111111111112
0 0.8647727272727272 0.155 0.004629629629629629 0.011111111111111112
0 0.6879532403832468 0.3306787160063225 0.004629629629629629 0.011111111111111112
0 0.1925495818421764 0.8228862219116441 0.004629629629629629 0.011111111111111112
0 0.5032233157666129 0.5142168346576877 0.004629629629629629 0.011111111111111112
0 0.29391366447430955 0.7221761011029441 0.004629629629629629 0.011111111111111112
0 0.2921468244566068 0.7239315421527908 0.004629629629629629 0.011111111111111112
0 0.4831502000746234 0.5341604463774708 0.004629629629629629 0.011111111111111112
0 0.4529472385922828 0.5641685500437965 0.004629629629629629 0.011111111111111112
0 0.5405713414024085 0.4771097640259942 0.004629629629629629 0.011111111111111112
0 0.6134373242575201 0.4047138842860769 0.004629629629629629 0.011111111111111112
0 0.3516008675522312 0.6648610735287509 0.004629629629629629 0.011111111111111112
0 0.2012508631978126 0.8142410778550765 0.004629629629629629 0.011111111111111112
0 0.16022727272727272 0.855 0.004629629629629629 0.011111111111111112
0 0.3700541412038851 0.6465268532554949 0.004629629629629629 0.011111111111111112
0 0.494300716202215 0.5230818690636058 0.004629629629629629 0.011111111111111112
0 0.5395168539585827 0.47815744832502105 0.004629629629629629 0.011111111111111112
0 0.5336579151909403 0.483978587487711 0.004629629629629629 0.011111111111111112
0 0.25289045725691883 0.7629346424673193 0.004629629629629629 0.011111111111111112
0 0.6217709959592767 0.3964339782082026 0.004629629629629629 0.011111111111111112
0 0.1965424018286421 0.8189191620541233 0.004629629629629629 0.011111111111111112
0 0.5178239023031402 0.49971044545365423 0.004629629629629629 0.011111111111111112
0 0.39327647986234754 0.6234543361367644 0.004629629629629629 0.011111111111111112
0 0.5560916267518363 0.46168960954978844 0.004629629629629629 0.011111111111111112
