0 0.7021632834782983 0.31656035060865817 0.004629629629629629 0.011111111111111112
0 0.8462032525237829 0.17344967168604786 0.004629629629629629 0.011111111111111112
0 0.8615180552617581 0.15823367412702738 0.004629629629629629 0.011111111111111112
0 0.2693426558513133 0.7465885870896628 0.004629629629629629 0.011111111111111112
0 0.8571430828547015 0.16258042090565142 0.004629629629629629 0.011111111111111112
0 0.7289017358338099 0.2899944043973758 0.004629629629629629 0.011111111111111112
0 0.5955343279728573 0.4225013773689029 0.004629629629629629 0.011111111111111112
0 0.31412433967142106 0.7020958173587171 0.004629629629629629 0.011111111111111112
0 0.16022727272727272 0.8549999999999999 0.004629629629629629 0.011111111111111112
0 0.6401167135379853 0.37820662009774353 0.004629629629629629 0.011111111111111112
0 0.8433962333932348 0.17623858101575365 0.004629629629629629 0.011111111111111112
0 0.780265839069101 0.23896168247328 0.004629629629629629 0.011111111111111112
0 0.8647727272727271 0.15499999999999978 0.004629629629629629 0.011111111111111112
0 0.8331632705358663 0.18640552475791333 0.004629629629629629 0.011111111111111112
0 0.688634585485444 0.3300017666789781 0.004629629629629629 0.011111111111111112
0 0.6589540977582602 0.35949076738856706 0.004629629629629629 0.011111111111111112
0 0.8209688260498872 0.1985212954084991 0.004629629629629629 0.011111111111111112
0 0.7340619199061089 0.28486751183522074 0.004629629629629629 0.011111111111111112
0 0.6486423582848262 0.3697359795105597 0.004629629629629629 0.011111111111111112
0 0.7196624149089191 0.2991741168001704 0.004629629629629629 0.011111111111111112
0 0.667535832822146 0.35096439835735166 0.004629629629629629 0.011111111111111112
0 0.8215207062447087 0.19797297573106334 0.004629629629629629 0.011111111111111112
0 0.7147793543205985 0.3040256737717923 0.004629629629629629 0.011111111111111112
0 0.6773952169255596 0.34116862318363744 0.004629629629629629 0.011111111111111112
0 0.7742367358970104 0.24495188820555086 0.004629629629629629 0.011111111111111112
0 0.825548764400266 0.19397090504747735 0.004629629629629629 0.011111111111111112
0 0.5910187492585744 0.4269878233172872 0.004629629629629629 0.011111111111111112
0 0.8416213637638695 0.17800199987331666 0.004629629629629629 0.011111111111111112
0 0.42042863825929744 0.5964773529552786 0.004629629629629629 0.011111111111111112
0 0.38340836739612777 0.6332587833612664 0.004629629629629629 0.011111111111111112
