0 0.16163155580213753 0.8536047768159408 0.004629629629629629 0.011111111111111112
0 0.5295164972852345 0.48809328656821854 0.004629629629629629 0.011111111111111112
0 0.1908172562760949 0.8246073711837509 0.004629629629629629 0.011111111111111112
0 0.40759467754316864 0.6092285139248518 0.004629629629629629 0.011111111111111112
0 0.18658088897784403 0.8288164070800776 0.004629629629629629 0.011111111111111112
0 0.7294614139412897 0.28943833711639616 0.004629629629629629 0.011111111111111112
0 0.4572705459195157 0.5598731350219005 0.004629629629629629 0.011111111111111112
0 0.3780027684848834 0.6386295074408256 0.004629629629629629 0.011111111111111112
0 0.3418436702868005 0.6745553211344048 0.004629629629629629 0.011111111111111112
0 0.16022727272727275 0.855 0.004629629629629629 0.011111111111111112
0 0.21469228757284048 0.8008863723469843 0.004629629629629629 0.011111111111111112
0 0.1866449647363044 0.8287527447136073 0.004629629629629629 0.011111111111111112
0 0.37125272582802366 0.6453360014353829 0.004629629629629629 0.011111111111111112
0 0.3201180563496996 0.6961407698202985 0.004629629629629629 0.011111111111111112
0 0.401020112621698 0.615760662298442 0.004629629629629629 0.011111111111111112
0 0.27100997081878986 0.7449320289929443 0.004629629629629629 0.011111111111111112
0 0.8647727272727272 0.1550000000000001 0.004629629629629629 0.011111111111111112
0 0.46078504203187626 0.5563813130780069 0.004629629629629629 0.011111111111111112
0 0.32986150982144297 0.6864601773386955 0.004629629629629629 0.011111111111111112
0 0.17220711204756578 0.8430974499656444 0.004629629629629629 0.011111111111111112
0 0.26162351949211354 0.7542579225691258 0.004629629629629629 0.011111111111111112
0 0.22889799650605738 0.7867723131488205 0.004629629629629629 0.011111111111111112
0 0.2071963438011783 0.8083339551910874 0.004629629629629629 0.011111111111111112
0 0.2622286955681579 0.7536566508548626 0.004629629629629629 0.011111111111111112
0 0.5909325291635836 0.42707348715360094 0.004629629629629629 0.011111111111111112
0 0.3811586636965514 0.6354939728434263 0.004629629629629629 0.011111111111111112
0 0.32980837339216973 0.6865129709522959 0.004629629629629629 0.011111111111111112
0 0.21092928315940132 0.8046250993125947 0.004629629629629629 0.011111111111111112
0 0.7420271173551589 0.27695370275681 0.004629629629629629 0.011111111111111112
0 0.2818409862354691 0.7341708910950823 0.004629629629629629 0.011111111111111112
