0 0.277133603359701 0.7388479037587486 0.004629629629629629 0.011111111111111112
0 0.4795437708860007 0.5377436082810058 0.004629629629629629 0.011111111111111112
0 0.2940020255278902 0.7220883101206769 0.004629629629629629 0.011111111111111112
0 0.48695108433875345 0.530384083947303 0.004629629629629629 0.011111111111111112
0 0.3148884555380516 0.7013366312718713 0.004629629629629629 0.011111111111111112
0 0.3490675665877659 0.6673780306160261 0.004629629629629629 0.011111111111111112
0 0.5120757015594526 0.5054215610312536 0.004629629629629629 0.011111111111111112
0 0.534783052992828 0.4828607086393838 0.004629629629629629 0.011111111111111112
0 0.6706464635821614 0.3478738361828848 0.004629629629629629 0.011111111111111112
0 0.27404770257919914 0.741913895501957 0.004629629629629629 0.011111111111111112
0 0.8647727272727272 0.155 0.004629629629629629 0.011111111111111112
0 0.7858036224631981 0.23345962671398376 0.004629629629629629 0.011111111111111112
0 0.16022727272727275 0.855 0.004629629629629629 0.011111111111111112
0 0.6665050844660242 0.3519884967240791 0.004629629629629629 0.011111111111111112
0 0.2571219598090345 0.7587304399316689 0.004629629629629629 0.011111111111111112
0 0.4319360360516289 0.5850441964390268 0.004629629629629629 0.011111111111111112
0 0.49655971647377156 0.5208374429873496 0.004629629629629629 0.011111111111111112
0 0.6050826598578922 0.4130146476250619 0.004629629629629629 0.011111111111111112
0 0.5397968894641063 0.47787921950017836 0.004629629629629629 0.011111111111111112
0 0.3492003985421864 0.6672460556419567 0.004629629629629629 0.011111111111111112
0 0.5620798898488837 0.45573998040820596 0.004629629629629629 0.011111111111111112
0 0.28399679807718087 0.7320289877168654 0.004629629629629629 0.011111111111111112
0 0.48503601909585153 0.5322867939305733 0.004629629629629629 0.011111111111111112
0 0.2669716887138056 0.7489442576649932 0.004629629629629629 0.011111111111111112
0 0.6118187202181871 0.40632204571870445 0.004629629629629629 0.011111111111111112
0 0.2606974996221228 0.7551779681173748 0.004629629629629629 0.011111111111111112
0 0.24657685740562169 0.7692075094163502 0.004629629629629629 0.011111111111111112
0 0.39360985609850735 0.6231231107150315 0.004629629629629629 0.011111111111111112
0 0.6705594639057294 0.34796027457108186 0.004629629629629629 0.011111111111111112
0 0.2771630722845564 0.738818624955989 0.004629629629629629 0.011111111111111112
