0 0.16360418715762676 0.8516448721143579 0.004629629629629629 0.011111111111111112
0 0.16189938921972696 0.8533386713558841 0.004629629629629629 0.011111111111111112
0 0.18218991555189532 0.8331790516452137 0.004629629629629629 0.011111111111111112
0 0.26969296880056376 0.7462405342239561 0.004629629629629629 0.011111111111111112
0 0.207988009481263 0.8075473970315192 0.004629629629629629 0.011111111111111112
0 0.3079463571444151 0.708233941933936 0.004629629629629629 0.011111111111111112
0 0.29378181821399485 0.7223070967422245 0.004629629629629629 0.011111111111111112
0 0.17829775279515217 0.837046103674494 0.004629629629629629 0.011111111111111112
0 0.16022727272727275 0.855 0.004629629629629629 0.011111111111111112
0 0.37448123266860917 0.6421283236711883 0.004629629629629629 0.011111111111111112
0 0.3700725642781149 0.6465085490398085 0.004629629629629629 0.011111111111111112
0 0.2635356259832196 0.7523581522489302 0.004629629629629629 0.011111111111111112
0 0.7579414681319311 0.26114202521085556 0.004629629629629629 0.011111111111111112
0 0.21984002726477167 0.795771843878872 0.004629629629629629 0.011111111111111112
0 0.18755098218880895 0.8278525725349898 0.004629629629629629 0.011111111111111112
0 0.19009552634989016 0.825324444787851 0.004629629629629629 0.011111111111111112
0 0.8647727272727275 0.155 0.004629629629629629 0.011111111111111112
0 0.35945810623791935 0.6570545267055511 0.004629629629629629 0.011111111111111112
0 0.20681629640965282 0.8087115506639578 0.004629629629629629 0.011111111111111112
0 0.29539444082636374 0.7207048781467096 0.004629629629629629 0.011111111111111112
0 0.20425060859222757 0.8112606856567545 0.004629629629629629 0.011111111111111112
0 0.17792084876301373 0.8374205760677154 0.004629629629629629 0.011111111111111112
0 0.26308098113541417 0.7528098639041692 0.004629629629629629 0.011111111111111112
0 0.2165333287594418 0.7990572088454578 0.004629629629629629 0.011111111111111112
0 0.32393332988327445 0.6923501109546822 0.004629629629629629 0.011111111111111112
0 0.3151419457193998 0.701084776511048 0.004629629629629629 0.011111111111111112
0 0.41433895127495757 0.6025277516364939 0.004629629629629629 0.011111111111111112
0 0.404460989018848 0.6123419851038542 0.004629629629629629 0.011111111111111112
0 0.30664595525904 0.709525954129728 0.004629629629629629 0.011111111111111112
0 0.30443608955939105 0.7117215626313147 0.004629629629629629 0.011111111111111112
