0 0.7130741489243237 0.30571987784293003 0.004629629629629629 0.011111111111111112
0 0.6642721984419765 0.35420697703184273 0.004629629629629629 0.011111111111111112
0 0.8238008865673037 0.19570750624925962 0.004629629629629629 0.011111111111111112
0 0.652966615117861 0.36543962110870587 0.004629629629629629 0.011111111111111112
0 0.8599223478208046 0.15981908668126504 0.004629629629629629 0.011111111111111112
0 0.6031570559058986 0.4149278283257523 0.004629629629629629 0.011111111111111112
0 0.16022727272727272 0.855 0.004629629629629629 0.011111111111111112
0 0.8029619796627805 0.21641196859310832 0.004629629629629629 0.011111111111111112
0 0.5699371286309246 0.447933433489275 0.004629629629629629 0.011111111111111112
0 0.7232710687537475 0.29558874459305107 0.004629629629629629 0.011111111111111112
0 0.7169270131074356 0.3018918708480963 0.004629629629629629 0.011111111111111112
0 0.7621534618315549 0.2569572056641326 0.004629629629629629 0.011111111111111112
0 0.6406075992584924 0.3777189013818851 0.004629629629629629 0.011111111111111112
0 0.781732360777683 0.23750462219507643 0.004629629629629629 0.011111111111111112
0 0.3597474407966561 0.6567670588213869 0.004629629629629629 0.011111111111111112
0 0.8393073087523687 0.18030112549764646 0.004629629629629629 0.011111111111111112
0 0.5875419785063094 0.4304421632905054 0.004629629629629629 0.011111111111111112
0 0.8051596412441473 0.21422848547355683 0.004629629629629629 0.011111111111111112
0 0.8395981339950872 0.18001217654681648 0.004629629629629629 0.011111111111111112
0 0.5841259648870811 0.4338361381121903 0.004629629629629629 0.011111111111111112
0 0.6990014593146681 0.319701775906717 0.004629629629629629 0.011111111111111112
0 0.7917353319416502 0.22756618632894118 0.004629629629629629 0.011111111111111112
0 0.8281681172678378 0.1913684512306644 0.004629629629629629 0.011111111111111112
0 0.839050265125499 0.18055651077853657 0.004629629629629629 0.011111111111111112
0 0.6272971892236419 0.39094343780360746 0.004629629629629629 0.011111111111111112
0 0.7739070319485611 0.24527946503175202 0.004629629629629629 0.011111111111111112
0 0.8647727272727271 0.1549999999999999 0.004629629629629629 0.011111111111111112
0 0.31322289310730167 0.702991448138552 0.004629629629629629 0.011111111111111112
0 0.8262387076373582 0.1932854130570762 0.004629629629629629 0.011111111111111112
0 0.5306086184911585 0.4870082113055587 0.004629629629629629 0.011111111111111112
