0 0.3194457391812272 0.6968087494586517 0.004629629629629629 0.011111111111111112
0 0.48006554794313766 0.5372251975274632 0.004629629629629629 0.011111111111111112
0 0.5334565202912604 0.48417868306545747 0.004629629629629629 0.011111111111111112
0 0.27155646859036275 0.744389057013446 0.004629629629629629 0.011111111111111112
0 0.2077322786604119 0.8078014779761069 0.004629629629629629 0.011111111111111112
0 0.26306699614736273 0.7528237586664912 0.004629629629629629 0.011111111111111112
0 0.18789056828561 0.8275151773162327 0.004629629629629629 0.011111111111111112
0 0.38030017153935686 0.6363469263415422 0.004629629629629629 0.011111111111111112
0 0.22539898529617072 0.7902487500928369 0.004629629629629629 0.011111111111111112
0 0.5546786917343015 0.4630934288575328 0.004629629629629629 0.011111111111111112
0 0.331142815508033 0.685187138140406 0.004629629629629629 0.011111111111111112
0 0.34675190094529934 0.6696787564801543 0.004629629629629629 0.011111111111111112
0 0.1996218416521551 0.8158595895843105 0.004629629629629629 0.011111111111111112
0 0.18091019336884856 0.8344505175561118 0.004629629629629629 0.011111111111111112
0 0.3331935015006122 0.683149682380037 0.004629629629629629 0.011111111111111112
0 0.1907907017242559 0.8246337544159006 0.004629629629629629 0.011111111111111112
0 0.24858658504507883 0.7672107477616636 0.004629629629629629 0.011111111111111112
0 0.45749207614136206 0.5596530340272919 0.004629629629629629 0.011111111111111112
0 0.17541883591638704 0.8399064468959768 0.004629629629629629 0.011111111111111112
0 0.2848328756860478 0.7311983041570881 0.004629629629629629 0.011111111111111112
0 0.2844470175159516 0.7315816729196353 0.004629629629629629 0.011111111111111112
0 0.21968119122603214 0.7959296551689746 0.004629629629629629 0.011111111111111112
0 0.31819956825662254 0.6980468805708395 0.004629629629629629 0.011111111111111112
0 0.21163840029001676 0.8039205571312092 0.004629629629629629 0.011111111111111112
0 0.18566010107572084 0.8297312544150902 0.004629629629629629 0.011111111111111112
0 0.8647727272727275 0.155 0.004629629629629629 0.011111111111111112
0 0.16022727272727275 0.855 0.004629629629629629 0.011111111111111112
0 0.2792900737633631 0.7367053460673683 0.004629629629629629 0.011111111111111112
0 0.1747024284399189 0.8406182323887258 0.004629629629629629 0.011111111111111112
0 0.2974408414380404 0.7186716801196243 0.004629629629629629 0.011111111111111112
