0 0.17037812096328564 0.8449146411074453 0.004629629629629629 0.011111111111111112
0 0.3317583170623678 0.6845756075638412 0.004629629629629629 0.011111111111111112
0 0.39075687654119057 0.6259576839526236 0.004629629629629629 0.011111111111111112
0 0.22161483684251035 0.7940084846855059 0.004629629629629629 0.011111111111111112
0 0.19257304364695604 0.8228629114733469 0.004629629629629629 0.011111111111111112
0 0.4888245662735509 0.52852268899273 0.004629629629629629 0.011111111111111112
0 0.3631042110427548 0.6534319451575211 0.004629629629629629 0.011111111111111112
0 0.32493101747298114 0.6913588600591026 0.004629629629629629 0.011111111111111112
0 0.8647727272727272 0.155 0.004629629629629629 0.011111111111111112
0 0.36161888931418273 0.6549076841652636 0.004629629629629629 0.011111111111111112
0 0.46043227384247293 0.5567318053436077 0.004629629629629629 0.011111111111111112
0 0.21467452214926339 0.8009040231549254 0.004629629629629629 0.011111111111111112
0 0.26291884749896044 0.7529709515171619 0.004629629629629629 0.011111111111111112
0 0.8605642183144397 0.15918135728758898 0.004629629629629629 0.011111111111111112
0 0.5207240841630703 0.49682897444443347 0.004629629629629629 0.011111111111111112
0 0.8274871033179108 0.19204507154220482 0.004629629629629629 0.011111111111111112
0 0.2033835008656023 0.8121221991399823 0.004629629629629629 0.011111111111111112
0 0.815587949469746 0.20386745665586545 0.004629629629629629 0.011111111111111112
0 0.43412986132748715 0.5828645248746257 0.004629629629629629 0.011111111111111112
0 0.5561137665773367 0.46166761256187205 0.004629629629629629 0.011111111111111112
0 0.3434534811832043 0.6729558961147519 0.004629629629629629 0.011111111111111112
0 0.16022727272727275 0.855 0.004629629629629629 0.011111111111111112
0 0.22278061157087564 0.7928502310844203 0.004629629629629629 0.011111111111111112
0 0.266758755812976 0.7491558168051723 0.004629629629629629 0.011111111111111112
0 0.4847779827394348 0.5325431655363037 0.004629629629629629 0.011111111111111112
0 0.7668196178868865 0.2523211538414162 0.004629629629629629 0.011111111111111112
0 0.26796075405803277 0.747961573387503 0.004629629629629629 0.011111111111111112
0 0.29962296924178106 0.716503630559779 0.004629629629629629 0.011111111111111112
0 0.46601402841205775 0.5511860620938267 0.004629629629629629 0.011111111111111112
0 0.3017080625992348 0.7144319894175344 0.004629629629629629 0.011111111111111112
