0 0.4290787721162799 0.5878830264135027 0.004629629629629629 0.011111111111111112
0 0.26879630715196945 0.7471314109586884 0.004629629629629629 0.011111111111111112
0 0.42171247464971967 0.5952017993802785 0.004629629629629629 0.011111111111111112
0 0.46208674839976593 0.5550880048157164 0.004629629629629629 0.011111111111111112
0 0.482206163757049 0.5350983921381578 0.004629629629629629 0.011111111111111112
0 0.2967322538722685 0.719375696152714 0.004629629629629629 0.011111111111111112
0 0.8647727272727272 0.155 0.004629629629629629 0.011111111111111112
0 0.7309128940931214 0.28799622135264075 0.004629629629629629 0.011111111111111112
0 0.24781566962005655 0.7679766895387825 0.004629629629629629 0.011111111111111112
0 0.36728651440385846 0.6492766243987471 0.004629629629629629 0.011111111111111112
0 0.3372430534488774 0.6791262565733734 0.004629629629629629 0.011111111111111112
0 0.531460740322637 0.48616158703428336 0.004629629629629629 0.011111111111111112
0 0.16022727272727272 0.855 0.004629629629629629 0.011111111111111112
0 0.42779189887711955 0.5891615972446682 0.004629629629629629 0.011111111111111112
0 0.39944990095859667 0.6173207435637169 0.004629629629629629 0.011111111111111112
0 0.2336808320147272 0.7820203346434323 0.004629629629629629 0.011111111111111112
0 0.6394694544025334 0.37884970336780555 0.004629629629629629 0.011111111111111112
0 0.3451331267053108 0.6712870870153685 0.004629629629629629 0.011111111111111112
0 0.20669599064754804 0.8088310802598555 0.004629629629629629 0.011111111111111112
0 0.3439668218334567 0.6724458673396624 0.004629629629629629 0.011111111111111112
0 0.17943168037030655 0.8359194917611148 0.004629629629629629 0.011111111111111112
0 0.49962137124181727 0.5177955408307107 0.004629629629629629 0.011111111111111112
0 0.266578776754395 0.7493346347085366 0.004629629629629629 0.011111111111111112
0 0.4172133975393775 0.599671850186683 0.004629629629629629 0.011111111111111112
0 0.248812748725689 0.7669860432015735 0.004629629629629629 0.011111111111111112
0 0.3138703410520223 0.7023481772773456 0.004629629629629629 0.011111111111111112
0 0.3256084258425918 0.6906858220660701 0.004629629629629629 0.011111111111111112
0 0.18042372633149398 0.8349338460964512 0.004629629629629629 0.011111111111111112
0 0.5636173378249397 0.45421245145135014 0.004629629629629629 0.011111111111111112
0 0.24749618189091185 0.7682941160567714 0.004629629629629629 0.011111111111111112
