0 0.48349390502684647 0.5338189588765524 0.004629629629629629 0.011111111111111112
0 0.16022727272727266 0.855 0.004629629629629629 0.011111111111111112
0 0.4894301962937643 0.5279209662629696 0.004629629629629629 0.011111111111111112
0 0.8647727272727272 0.155 0.004629629629629629 0.011111111111111112
0 0.4116895451485181 0.605160064820182 0.004629629629629629 0.011111111111111112
0 0.4543026949970937 0.5628218385190166 0.004629629629629629 0.011111111111111112
0 0.607237015096474 0.41087419145253556 0.004629629629629629 0.011111111111111112
0 0.34453337754607216 0.6718829668251928 0.004629629629629629 0.011111111111111112
0 0.6363404235543885 0.38195854692015585 0.004629629629629629 0.011111111111111112
0 0.5239051958860195 0.49366838602292257 0.004629629629629629 0.011111111111111112
0 0.5316164224191907 0.48600690933835233 0.004629629629629629 0.011111111111111112
0 0.44888026837351885 0.56820928174502 0.004629629629629629 0.011111111111111112
0 0.4156920425585747 0.6011833899740612 0.004629629629629629 0.011111111111111112
0 0.1720964753067587 0.8432073729210268 0.004629629629629629 0.011111111111111112
0 0.46728954245906834 0.5499187771696997 0.004629629629629629 0.011111111111111112
0 0.4620123627801349 0.5551619105281239 0.004629629629629629 0.011111111111111112
0 0.7548065768732055 0.26425669136468605 0.004629629629629629 0.011111111111111112
0 0.16674397753127232 0.8485253384528003 0.004629629629629629 0.011111111111111112
0 0.4934853435520386 0.5238919812450713 0.004629629629629629 0.011111111111111112
0 0.6349166875057858 0.3833730975748966 0.004629629629629629 0.011111111111111112
0 0.39728219951599975 0.6194744598357163 0.004629629629629629 0.011111111111111112
0 0.4733526771929462 0.5438947594341049 0.004629629629629629 0.011111111111111112
0 0.803731735841918 0.2156471785828685 0.004629629629629629 0.011111111111111112
0 0.5737423933516039 0.44415271886356766 0.004629629629629629 0.011111111111111112
0 0.7927276556734629 0.22658026468572062 0.004629629629629629 0.011111111111111112
0 0.7527043356727584 0.2663453697186787 0.004629629629629629 0.011111111111111112
0 0.6414672951640028 0.37686475190157126 0.004629629629629629 0.011111111111111112
0 0.3247530668126064 0.6915356626507008 0.004629629629629629 0.011111111111111112
0 0.4882907485172228 0.5290530627635333 0.004629629629629629 0.011111111111111112
0 0.44300411838088205 0.574047521092543 0.004629629629629629 0.011111111111111112
