0 0.5522471878026562 0.4655092456670383 0.004629629629629629 0.011111111111111112
0 0.38063452282200594 0.6360147321639426 0.004629629629629629 0.011111111111111112
0 0.1624412998402029 0.8528002569329597 0.004629629629629629 0.011111111111111112
0 0.8488665581352299 0.1708035486914489 0.004629629629629629 0.011111111111111112
0 0.5084637877381546 0.5090101721827367 0.004629629629629629 0.011111111111111112
0 0.7502941842664087 0.2687399717611165 0.004629629629629629 0.011111111111111112
0 0.4665920567660793 0.5506117629549921 0.004629629629629629 0.011111111111111112
0 0.4265806496763604 0.5903650319344548 0.004629629629629629 0.011111111111111112
0 0.34089536497706663 0.6754975083453661 0.004629629629629629 0.011111111111111112
0 0.7036775480345527 0.31505585550115406 0.004629629629629629 0.011111111111111112
0 0.31308815556780717 0.7031253164035981 0.004629629629629629 0.011111111111111112
0 0.20798672211805455 0.8075486760891587 0.004629629629629629 0.011111111111111112
0 0.5661548282377356 0.4516913319444435 0.004629629629629629 0.011111111111111112
0 0.2000268014667661 0.8154572424136647 0.004629629629629629 0.011111111111111112
0 0.4036943463727394 0.613103681668375 0.004629629629629629 0.011111111111111112
0 0.27048503120338296 0.745453581901155 0.004629629629629629 0.011111111111111112
0 0.521000945983759 0.49655389882903944 0.004629629629629629 0.011111111111111112
0 0.48717900008470605 0.5301576386255179 0.004629629629629629 0.011111111111111112
0 0.5553231269638995 0.4624531512745772 0.004629629629629629 0.011111111111111112
0 0.7147637304160157 0.3040411968769908 0.004629629629629629 0.011111111111111112
0 0.6534059584539375 0.3650031122457655 0.004629629629629629 0.011111111111111112
0 0.17780611942947808 0.8375345652120024 0.004629629629629629 0.011111111111111112
0 0.6464062550459188 0.3719576562769581 0.004629629629629629 0.011111111111111112
0 0.6181286580313491 0.4000528171817564 0.004629629629629629 0.011111111111111112
0 0.3900723381558137 0.6266378059613205 0.004629629629629629 0.011111111111111112
0 0.6903172654913896 0.3283299426730708 0.004629629629629629 0.011111111111111112
0 0.16022727272727272 0.855 0.004629629629629629 0.011111111111111112
0 0.8647727272727271 0.155 0.004629629629629629 0.011111111111111112
0 0.8119110085849722 0.20752067534138247 0.004629629629629629 0.011111111111111112
0 0.21978920549712408 0.7958223377641477 0.004629629629629629 0.011111111111111112
