0 0.16675609009622516 0.8485133040334278 0.004629629629629629 0.011111111111111112
0 0.366230065876984 0.6503262571286739 0.004629629629629629 0.011111111111111112
0 0.16817542952461143 0.8471031216336119 0.004629629629629629 0.011111111111111112
0 0.17224997278820522 0.8430548657459123 0.004629629629629629 0.011111111111111112
0 0.2966209771073363 0.7194862550030336 0.004629629629629629 0.011111111111111112
0 0.43673558184446043 0.5802756154577619 0.004629629629629629 0.011111111111111112
0 0.8647727272727271 0.1550000000000001 0.004629629629629629 0.011111111111111112
0 0.3990793624802214 0.6176888914712639 0.004629629629629629 0.011111111111111112
0 0.20048327219573642 0.8150037166571393 0.004629629629629629 0.011111111111111112
0 0.30456329195287213 0.7115951808984367 0.004629629629629629 0.011111111111111112
0 0.1672486028692456 0.8480239687621689 0.004629629629629629 0.011111111111111112
0 0.17007514078550068 0.8452156665744057 0.004629629629629629 0.011111111111111112
0 0.28922151534721874 0.7268379783001826 0.004629629629629629 0.011111111111111112
0 0.25497439615244843 0.7608641483388577 0.004629629629629629 0.011111111111111112
0 0.16329683363199335 0.8519502427140195 0.004629629629629629 0.011111111111111112
0 0.18584925748195302 0.8295433183727693 0.004629629629629629 0.011111111111111112
0 0.2785014637095049 0.7374888683144274 0.004629629629629629 0.011111111111111112
0 0.16022727272727272 0.855 0.004629629629629629 0.011111111111111112
0 0.3373034806129932 0.6790662192619293 0.004629629629629629 0.011111111111111112
0 0.26570451179139537 0.7502032592524202 0.004629629629629629 0.011111111111111112
0 0.38808054483875515 0.6286167489989142 0.004629629629629629 0.011111111111111112
0 0.17821858640167398 0.8371247593170464 0.004629629629629629 0.011111111111111112
0 0.19031867677148648 0.8251027340463941 0.004629629629629629 0.011111111111111112
0 0.18465011944339615 0.8307347200368838 0.004629629629629629 0.011111111111111112
0 0.1922272189524783 0.8232065050407634 0.004629629629629629 0.011111111111111112
0 0.25958263844927976 0.7562856366374898 0.004629629629629629 0.011111111111111112
0 0.27457534209261986 0.7413896601144293 0.004629629629629629 0.011111111111111112
0 0.20278313701171688 0.8127186896786813 0.004629629629629629 0.011111111111111112
0 0.2594155649599419 0.7564516322333481 0.004629629629629629 0.011111111111111112
0 0.16147470952605808 0.8537606111805617 0.004629629629629629 0.011111111111111112
