0 0.6406417545300349 0.377684966466933 0.004629629629629629 0.011111111111111112
0 0.22711857824781892 0.7885402512892637 0.004629629629629629 0.011111111111111112
0 0.8388359881339568 0.18076940533787525 0.004629629629629629 0.011111111111111112
0 0.7837649969039262 0.23548509985029273 0.004629629629629629 0.011111111111111112
0 0.740275900139363 0.27869362179702034 0.004629629629629629 0.011111111111111112
0 0.7872633282940581 0.232009338340097 0.004629629629629629 0.011111111111111112
0 0.6391287637257066 0.37918819604026566 0.004629629629629629 0.011111111111111112
0 0.8456746145618179 0.17397489908051625 0.004629629629629629 0.011111111111111112
0 0.8469962713189148 0.1726617691412073 0.004629629629629629 0.011111111111111112
0 0.770827803487925 0.24833882750231964 0.004629629629629629 0.011111111111111112
0 0.6453653541345129 0.37299184169861294 0.004629629629629629 0.011111111111111112
0 0.5941537716889361 0.42387302683808936 0.004629629629629629 0.011111111111111112
0 0.5187417774080514 0.49879849212361344 0.004629629629629629 0.011111111111111112
0 0.21747392277647842 0.7981226831769181 0.004629629629629629 0.011111111111111112
0 0.8647727272727271 0.15500000000000022 0.004629629629629629 0.011111111111111112
0 0.3543909905461476 0.6620889513283439 0.004629629629629629 0.011111111111111112
0 0.8438837786501191 0.17575418121213965 0.004629629629629629 0.011111111111111112
0 0.20016701686600602 0.8153179316299038 0.004629629629629629 0.011111111111111112
0 0.7427757354359672 0.2762099144700712 0.004629629629629629 0.011111111111111112
0 0.3920376716405121 0.6246851520474913 0.004629629629629629 0.011111111111111112
0 0.6875564172371037 0.33107297900313554 0.004629629629629629 0.011111111111111112
0 0.6074831202800017 0.41062967404438516 0.004629629629629629 0.011111111111111112
0 0.3435035827311835 0.672906117802566 0.004629629629629629 0.011111111111111112
0 0.4834727161737176 0.5338400110274031 0.004629629629629629 0.011111111111111112
0 0.16022727272727272 0.855 0.004629629629629629 0.011111111111111112
0 0.809739896422753 0.20967778032836146 0.004629629629629629 0.011111111111111112
0 0.6105596601036704 0.4075729828647402 0.004629629629629629 0.011111111111111112
0 0.49533412462240184 0.5220551277945169 0.004629629629629629 0.011111111111111112
0 0.6724737974839426 0.3460582915320827 0.004629629629629629 0.011111111111111112
0 0.39747437908924704 0.6192835201306837 0.004629629629629629 0.011111111111111112
