0 0.7469006908414811 0.2721115716800768 0.004629629629629629 0.011111111111111112
0 0.33683263778698064 0.6795340243922903 0.004629629629629629 0.011111111111111112
0 0.49676736989589043 0.5206311292647282 0.004629629629629629 0.011111111111111112
0 0.4006964589160573 0.6160822279156591 0.004629629629629629 0.011111111111111112
0 0.5268433726490535 0.4907491652390049 0.004629629629629629 0.011111111111111112
0 0.6836695101663255 0.33493480925410246 0.004629629629629629 0.011111111111111112
0 0.17102667704950222 0.844270269254043 0.004629629629629629 0.011111111111111112
0 0.8647727272727272 0.155 0.004629629629629629 0.011111111111111112
0 0.509453742410874 0.5080266043143574 0.004629629629629629 0.011111111111111112
0 0.17265214122056471 0.8426552919486002 0.004629629629629629 0.011111111111111112
0 0.6548013256165862 0.3636167474519078 0.004629629629629629 0.011111111111111112
0 0.43592449612990114 0.5810814683612595 0.004629629629629629 0.011111111111111112
0 0.5765241167119748 0.44138894210552176 0.004629629629629629 0.011111111111111112
0 0.5474944606345973 0.47023131007917435 0.004629629629629629 0.011111111111111112
0 0.38858069809111934 0.6281198225417266 0.004629629629629629 0.011111111111111112
0 0.6104170286972472 0.40771469406854133 0.004629629629629629 0.011111111111111112
0 0.686266576241201 0.332354498444226 0.004629629629629629 0.011111111111111112
0 0.4636696157084215 0.5535153495542133 0.004629629629629629 0.011111111111111112
0 0.5640955821569918 0.45373729256660156 0.004629629629629629 0.011111111111111112
0 0.5579873354501192 0.4598061312302041 0.004629629629629629 0.011111111111111112
0 0.48638063826017763 0.5309508497285977 0.004629629629629629 0.011111111111111112
0 0.44323140291663693 0.5738217029086317 0.004629629629629629 0.011111111111111112
0 0.3653709508217662 0.6511798295061162 0.004629629629629629 0.011111111111111112
0 0.3849210135677101 0.6317558961972429 0.004629629629629629 0.011111111111111112
0 0.39234019387182745 0.624384581572507 0.004629629629629629 0.011111111111111112
0 0.16022727272727272 0.855 0.004629629629629629 0.011111111111111112
0 0.4043377963629175 0.6124643829684562 0.004629629629629629 0.011111111111111112
0 0.24495283827858477 0.770821051000632 0.004629629629629629 0.011111111111111112
0 0.3010317463627833 0.7151039423234282 0.004629629629629629 0.011111111111111112
0 0.5673318849785702 0.45052186911806574 0.004629629629629629 0.011111111111111112
