0 0.3110127051947808 0.7051873767742177 0.004629629629629629 0.011111111111111112
0 0.6338736567615647 0.38440939908850974 0.004629629629629629 0.011111111111111112
0 0.5996363217961156 0.4184258480219238 0.004629629629629629 0.011111111111111112
0 0.5687565252678193 0.44910642005648915 0.004629629629629629 0.011111111111111112
0 0.6708900562277723 0.34763181510272945 0.004629629629629629 0.011111111111111112
0 0.5990165715149302 0.4190415999141984 0.004629629629629629 0.011111111111111112
0 0.16022727272727272 0.855 0.004629629629629629 0.011111111111111112
0 0.5917120599045179 0.4262989856432531 0.004629629629629629 0.011111111111111112
0 0.5748679162686411 0.44303445738470487 0.004629629629629629 0.011111111111111112
0 0.483100865210731 0.5342094629519188 0.004629629629629629 0.011111111111111112
0 0.8647727272727271 0.155 0.004629629629629629 0.011111111111111112
0 0.4667275550371653 0.5504771388663002 0.004629629629629629 0.011111111111111112
0 0.41299690452069 0.6038611400246048 0.004629629629629629 0.011111111111111112
0 0.36798714346657724 0.6485805155235297 0.004629629629629629 0.011111111111111112
0 0.5039454280636536 0.5134993811496602 0.004629629629629629 0.011111111111111112
0 0.46632723487406785 0.550874876318668 0.004629629629629629 0.011111111111111112
0 0.42912832229679265 0.5878337959115738 0.004629629629629629 0.011111111111111112
0 0.43515312691393954 0.5818478610016342 0.004629629629629629 0.011111111111111112
0 0.3561411781459613 0.660350055261432 0.004629629629629629 0.011111111111111112
0 0.2936488614064299 0.7224391957639341 0.004629629629629629 0.011111111111111112
0 0.7188549800024759 0.2999763424491529 0.004629629629629629 0.011111111111111112
0 0.32339023488898494 0.6928897021102988 0.004629629629629629 0.011111111111111112
0 0.2835380835832252 0.7324847427624729 0.004629629629629629 0.011111111111111112
0 0.6532671462804038 0.3651410288568891 0.004629629629629629 0.011111111111111112
0 0.2927521024901199 0.7233301691388485 0.004629629629629629 0.011111111111111112
0 0.6440217264346298 0.3743268008326902 0.004629629629629629 0.011111111111111112
0 0.3110190363763013 0.7051810864390298 0.004629629629629629 0.011111111111111112
0 0.5607695488338299 0.4570418676102593 0.004629629629629629 0.011111111111111112
0 0.43875382629918325 0.5782703919350051 0.004629629629629629 0.011111111111111112
0 0.45708466211934345 0.5600578195717489 0.004629629629629629 0.011111111111111112
