0 0.2846829984614797 0.7313472144318202 0.004629629629629629 0.011111111111111112
0 0.5204352166413093 0.4971159783047636 0.004629629629629629 0.011111111111111112
0 0.8110366130862288 0.20838942957884388 0.004629629629629629 0.011111111111111112
0 0.3829144140151391 0.6337495499462489 0.004629629629629629 0.011111111111111112
0 0.2637894686306385 0.7521059472960108 0.004629629629629629 0.011111111111111112
0 0.39754913760691146 0.6192092439260364 0.004629629629629629 0.011111111111111112
0 0.624848584585219 0.3933762449927501 0.004629629629629629 0.011111111111111112
0 0.32935628852888643 0.6869621391390419 0.004629629629629629 0.011111111111111112
0 0.25694391369699077 0.7589073373591189 0.004629629629629629 0.011111111111111112
0 0.3192932798924047 0.6969602251391593 0.004629629629629629 0.011111111111111112
0 0.5083516693461981 0.509121567230229 0.004629629629629629 0.011111111111111112
0 0.36599894521284665 0.6505558866917525 0.004629629629629629 0.011111111111111112
0 0.35554725678188076 0.6609401448747765 0.004629629629629629 0.011111111111111112
0 0.36389793325003034 0.6526433437386796 0.004629629629629629 0.011111111111111112
0 0.50883942406789 0.5086369593131933 0.004629629629629629 0.011111111111111112
0 0.253418616512327 0.7624098906909784 0.004629629629629629 0.011111111111111112
0 0.521995910867846 0.49556535307323696 0.004629629629629629 0.011111111111111112
0 0.8322753831859321 0.1872876838023642 0.004629629629629629 0.011111111111111112
0 0.3414339790862716 0.6749623691658979 0.004629629629629629 0.011111111111111112
0 0.6216865782568353 0.39651785128030564 0.004629629629629629 0.011111111111111112
0 0.2772412369546972 0.7387409645740428 0.004629629629629629 0.011111111111111112
0 0.8647727272727272 0.155 0.004629629629629629 0.011111111111111112
0 0.3220846386045044 0.6941868751929441 0.004629629629629629 0.011111111111111112
0 0.2499924437383777 0.7658139591244505 0.004629629629629629 0.011111111111111112
0 0.3925480890740705 0.6241780276296333 0.004629629629629629 0.011111111111111112
0 0.2614178660696918 0.7544622491952739 0.004629629629629629 0.011111111111111112
0 0.16022727272727275 0.855 0.004629629629629629 0.011111111111111112
0 0.30096456099857394 0.7151706942336751 0.004629629629629629 0.011111111111111112
0 0.30453509052535116 0.711623200381264 0.004629629629629629 0.011111111111111112
0 0.35961749847460034 0.6568961628058809 0.004629629629629629 0.011111111111111112
