0 0.5561013524049396 0.4616799466428341 0.004629629629629629 0.011111111111111112
0 0.33408556517024596 0.6822633739598846 0.004629629629629629 0.011111111111111112
0 0.581944639565315 0.4360033903673645 0.004629629629629629 0.011111111111111112
0 0.3220969660295957 0.6941746272996275 0.004629629629629629 0.011111111111111112
0 0.37865372683226683 0.6379827488247155 0.004629629629629629 0.011111111111111112
0 0.3437420394741186 0.6726691994902305 0.004629629629629629 0.011111111111111112
0 0.42463756336951 0.592295582200616 0.004629629629629629 0.011111111111111112
0 0.19813612908353972 0.8173357169105476 0.004629629629629629 0.011111111111111112
0 0.2709692759333213 0.7449724613307647 0.004629629629629629 0.011111111111111112
0 0.1648811353377037 0.8503761623096363 0.004629629629629629 0.011111111111111112
0 0.7585066174093015 0.2605805220578553 0.004629629629629629 0.011111111111111112
0 0.3968531904805859 0.6199007010709018 0.004629629629629629 0.011111111111111112
0 0.16022727272727275 0.855 0.004629629629629629 0.011111111111111112
0 0.49446493407657366 0.5229187106594043 0.004629629629629629 0.011111111111111112
0 0.6858506286144845 0.33276776253786694 0.004629629629629629 0.011111111111111112
0 0.47621612642138994 0.5410497840716513 0.004629629629629629 0.011111111111111112
0 0.2751868873658237 0.740782060294601 0.004629629629629629 0.011111111111111112
0 0.6132085379788547 0.40494119452423477 0.004629629629629629 0.011111111111111112
0 0.24884080860318192 0.7669581643555483 0.004629629629629629 0.011111111111111112
0 0.23801283022666078 0.7777162848070596 0.004629629629629629 0.011111111111111112
0 0.41408044395051896 0.6027845911717424 0.004629629629629629 0.011111111111111112
0 0.22775003055107837 0.7879128728718319 0.004629629629629629 0.011111111111111112
0 0.3303833093835642 0.685941744225362 0.004629629629629629 0.011111111111111112
0 0.3638130739733004 0.6527276555362048 0.004629629629629629 0.011111111111111112
0 0.3645557132007022 0.651989807529625 0.004629629629629629 0.011111111111111112
0 0.7241987727040465 0.29466702582952803 0.004629629629629629 0.011111111111111112
0 0.21174829345317434 0.803811372956201 0.004629629629629629 0.011111111111111112
0 0.8647727272727271 0.155 0.004629629629629629 0.011111111111111112
0 0.2622758304928908 0.7536098200264182 0.004629629629629629 0.011111111111111112
0 0.44521980081686574 0.5718461333819528 0.004629629629629629 0.011111111111111112
