0 0.28992699040819936 0.7261370546912083 0.004629629629629629 0.011111111111111112
0 0.5939630152662381 0.42406255257418923 0.004629629629629629 0.011111111111111112
0 0.5078385477408781 0.5096313783735791 0.004629629629629629 0.011111111111111112
0 0.4073118507567726 0.6095095160223033 0.004629629629629629 0.011111111111111112
0 0.27093200738891793 0.745009489432946 0.004629629629629629 0.011111111111111112
0 0.26767803645990007 0.7482424670011314 0.004629629629629629 0.011111111111111112
0 0.8647727272727272 0.155 0.004629629629629629 0.011111111111111112
0 0.6142627923292207 0.4038937418148388 0.004629629629629629 0.011111111111111112
0 0.4576988018838521 0.5594476419992696 0.004629629629629629 0.011111111111111112
0 0.7461074042407619 0.27289974030272673 0.004629629629629629 0.011111111111111112
0 0.2548599266926012 0.7609778792860606 0.004629629629629629 0.011111111111111112
0 0.39724794331143765 0.6195084950325072 0.004629629629629629 0.011111111111111112
0 0.40992002402782846 0.6069181696755769 0.004629629629629629 0.011111111111111112
0 0.2370008830699914 0.7787217032723956 0.004629629629629629 0.011111111111111112
0 0.23738866189017563 0.7783364262510513 0.004629629629629629 0.011111111111111112
0 0.16638869380567242 0.848878330025332 0.004629629629629629 0.011111111111111112
0 0.39063360443564166 0.6260801607542658 0.004629629629629629 0.011111111111111112
0 0.16022727272727272 0.855 0.004629629629629629 0.011111111111111112
0 0.6487256322208403 0.3696532428257457 0.004629629629629629 0.011111111111111112
0 0.3835745657848181 0.6330936572202452 0.004629629629629629 0.011111111111111112
0 0.37053571779963884 0.6460483836055202 0.004629629629629629 0.011111111111111112
0 0.3391453672983069 0.6772362157165209 0.004629629629629629 0.011111111111111112
0 0.21202710784758358 0.8035343573643363 0.004629629629629629 0.011111111111111112
0 0.7417413977793301 0.27723757898053647 0.004629629629629629 0.011111111111111112
0 0.2714694545123764 0.7444755097102841 0.004629629629629629 0.011111111111111112
0 0.7872620659609436 0.23201059252912695 0.004629629629629629 0.011111111111111112
0 0.1925235782989874 0.8229120576900384 0.004629629629629629 0.011111111111111112
0 0.18725946152309983 0.8281422124222105 0.004629629629629629 0.011111111111111112
0 0.2878978817152871 0.7281530723602955 0.004629629629629629 0.011111111111111112
0 0.290354997168976 0.7257118092643723 0.004629629629629629 0.011111111111111112
