0 0.6390245862157162 0.37929170143728835 0.004629629629629629 0.011111111111111112
0 0.6044675930210756 0.4136257462887378 0.004629629629629629 0.011111111111111112
0 0.6871349033137771 0.3314917734817957 0.004629629629629629 0.011111111111111112
0 0.3972569061447061 0.6194995900239694 0.004629629629629629 0.011111111111111112
0 0.3133238854024938 0.7028911074065546 0.004629629629629629 0.011111111111111112
0 0.8431477135889002 0.17648549746651213 0.004629629629629629 0.011111111111111112
0 0.8647727272727272 0.1549999999999999 0.004629629629629629 0.011111111111111112
0 0.5999944996047863 0.41806998103782517 0.004629629629629629 0.011111111111111112
0 0.782804490268086 0.2364394096691275 0.004629629629629629 0.011111111111111112
0 0.40862152588505446 0.6082082904109781 0.004629629629629629 0.011111111111111112
0 0.42598913454310616 0.5909527308410429 0.004629629629629629 0.011111111111111112
0 0.5091035745610814 0.5083745130167321 0.004629629629629629 0.011111111111111112
0 0.4211145649082429 0.5957958516395522 0.004629629629629629 0.011111111111111112
0 0.26526986568567035 0.7506351011897211 0.004629629629629629 0.011111111111111112
0 0.4332156357163573 0.5837728522560063 0.004629629629629629 0.011111111111111112
0 0.8612618775919395 0.15848819903768593 0.004629629629629629 0.011111111111111112
0 0.16414346681992179 0.8511090716756906 0.004629629629629629 0.011111111111111112
0 0.18589060805767432 0.8295022345749559 0.004629629629629629 0.011111111111111112
0 0.6894021126174984 0.32923919133487256 0.004629629629629629 0.011111111111111112
0 0.6184779794346876 0.3997057494648911 0.004629629629629629 0.011111111111111112
0 0.5665261103589011 0.45132244519180154 0.004629629629629629 0.011111111111111112
0 0.16022727272727275 0.855 0.004629629629629629 0.011111111111111112
0 0.33132447018792693 0.6850066554261887 0.004629629629629629 0.011111111111111112
0 0.24049971322355504 0.775245446216597 0.004629629629629629 0.011111111111111112
0 0.3862231860752152 0.6304621248026895 0.004629629629629629 0.011111111111111112
0 0.5082069384835017 0.5092653643454241 0.004629629629629629 0.011111111111111112
0 0.8213800026379635 0.19811277157260396 0.004629629629629629 0.011111111111111112
0 0.6617738602709016 0.35668919689213646 0.004629629629629629 0.011111111111111112
0 0.2759038100061506 0.740069762961631 0.004629629629629629 0.011111111111111112
0 0.4410772757017322 0.5759619325286015 0.004629629629629629 0.011111111111111112
