0 0.3031238434225375 0.7130253426640595 0.004629629629629629 0.011111111111111112
0 0.5268464407067112 0.4907461169752676 0.004629629629629629 0.011111111111111112
0 0.5316475440616095 0.48597598848072343 0.004629629629629629 0.011111111111111112
0 0.42850793974956997 0.5884501759907498 0.004629629629629629 0.011111111111111112
0 0.2240774497422698 0.7915617596109061 0.004629629629629629 0.011111111111111112
0 0.5151359141772401 0.5023810917206775 0.004629629629629629 0.011111111111111112
0 0.16022727272727272 0.855 0.004629629629629629 0.011111111111111112
0 0.4547521235009422 0.5623753095539026 0.004629629629629629 0.011111111111111112
0 0.8647727272727272 0.1549999999999999 0.004629629629629629 0.011111111111111112
0 0.7552252196975054 0.26384074946183317 0.004629629629629629 0.011111111111111112
0 0.5892956894030124 0.42869976665765214 0.004629629629629629 0.011111111111111112
0 0.29350365125898453 0.7225834690717186 0.004629629629629629 0.011111111111111112
0 0.5679445686207143 0.44991313827361284 0.004629629629629629 0.011111111111111112
0 0.575468825822162 0.44243742466701325 0.004629629629629629 0.011111111111111112
0 0.22742088869333751 0.7882398912337162 0.004629629629629629 0.011111111111111112
0 0.528290391427414 0.4893114820656661 0.004629629629629629 0.011111111111111112
0 0.49070228884302963 0.5266570807624092 0.004629629629629629 0.011111111111111112
0 0.8124461977934536 0.20698893896650405 0.004629629629629629 0.011111111111111112
0 0.8566216087568495 0.16309853065448499 0.004629629629629629 0.011111111111111112
0 0.4336375420836943 0.5833536678652328 0.004629629629629629 0.011111111111111112
0 0.7384559847877 0.2805017957593174 0.004629629629629629 0.011111111111111112
0 0.5054793924620514 0.5119753132957682 0.004629629629629629 0.011111111111111112
0 0.32888309220886586 0.6874322825795784 0.004629629629629629 0.011111111111111112
0 0.3032407820987509 0.7129091584309185 0.004629629629629629 0.011111111111111112
0 0.1869629524729188 0.8284368085107774 0.004629629629629629 0.011111111111111112
0 0.287070697541209 0.7289749198622826 0.004629629629629629 0.011111111111111112
0 0.501929868810268 0.5155019367949594 0.004629629629629629 0.011111111111111112
0 0.19261304130408144 0.8228231718656223 0.004629629629629629 0.011111111111111112
0 0.40883979753649974 0.6079914269637356 0.004629629629629629 0.011111111111111112
0 0.5160006057307124 0.5015219788223889 0.004629629629629629 0.011111111111111112
