0 0.5364523854814482 0.48120214603778666 0.004629629629629629 0.011111111111111112
0 0.45746496617604804 0.5596799690896037 0.004629629629629629 0.011111111111111112
0 0.8600661007325254 0.15967626120768433 0.004629629629629629 0.011111111111111112
0 0.7494033073082921 0.26962510112595467 0.004629629629629629 0.011111111111111112
0 0.6381444984800608 0.3801661111875521 0.004629629629629629 0.011111111111111112
0 0.48369763145144284 0.5336165468159857 0.004629629629629629 0.011111111111111112
0 0.2131991405692393 0.8023698861441105 0.004629629629629629 0.011111111111111112
0 0.5137166092025564 0.5037912398890728 0.004629629629629629 0.011111111111111112
0 0.2740569806001804 0.7419046773391753 0.004629629629629629 0.011111111111111112
0 0.2900679421664186 0.7259970122991708 0.004629629629629629 0.011111111111111112
0 0.7218565948416615 0.29699409286699413 0.004629629629629629 0.011111111111111112
0 0.16022727272727252 0.855 0.004629629629629629 0.011111111111111112
0 0.7585123999321348 0.2605747768416206 0.004629629629629629 0.011111111111111112
0 0.7627125096189146 0.25640176463669107 0.004629629629629629 0.011111111111111112
0 0.19945814784910965 0.8160222272983038 0.004629629629629629 0.011111111111111112
0 0.40207415866818225 0.6147134165490318 0.004629629629629629 0.011111111111111112
0 0.5027981781894476 0.5146392294117745 0.004629629629629629 0.011111111111111112
0 0.6463961946830833 0.3719676517342266 0.004629629629629629 0.011111111111111112
0 0.4480781179812277 0.5690062569734896 0.004629629629629629 0.011111111111111112
0 0.4012202532561859 0.6155618128938536 0.004629629629629629 0.011111111111111112
0 0.6270291965722269 0.3912097014701742 0.004629629629629629 0.011111111111111112
0 0.5678027691564889 0.45005402290258484 0.004629629629629629 0.011111111111111112
0 0.778014664654435 0.24119833318204495 0.004629629629629629 0.011111111111111112
0 0.4648623506776505 0.5523303096493019 0.004629629629629629 0.011111111111111112
0 0.7160964697521573 0.3027170558591465 0.004629629629629629 0.011111111111111112
0 0.8647727272727267 0.15500000000000022 0.004629629629629629 0.011111111111111112
0 0.592371351742969 0.4256439473005339 0.004629629629629629 0.011111111111111112
0 0.2136054610108484 0.8019661871247054 0.004629629629629629 0.011111111111111112
0 0.8136562636513437 0.20578667998511627 0.004629629629629629 0.011111111111111112
0 0.48413401351782226 0.5331829801177764 0.004629629629629629 0.011111111111111112
