0 0.2463259122736068 0.7694568355475133 0.004629629629629629 0.011111111111111112
0 0.16255559950546447 0.8526866946848933 0.004629629629629629 0.011111111111111112
0 0.282286431976286 0.7337283191977546 0.004629629629629629 0.011111111111111112
0 0.16643058634187546 0.848836707763556 0.004629629629629629 0.011111111111111112
0 0.24415762387260845 0.7716111349910858 0.004629629629629629 0.011111111111111112
0 0.3115113806213697 0.7046919186084456 0.004629629629629629 0.011111111111111112
0 0.16022727272727275 0.855 0.004629629629629629 0.011111111111111112
0 0.33204248778932527 0.6842932701964123 0.004629629629629629 0.011111111111111112
0 0.3903519134962593 0.6263600343327488 0.004629629629629629 0.011111111111111112
0 0.2896213277897579 0.7264407452927567 0.004629629629629629 0.011111111111111112
0 0.18750708466694865 0.8278961868470317 0.004629629629629629 0.011111111111111112
0 0.22950251231703026 0.7861716974398538 0.004629629629629629 0.011111111111111112
0 0.2551582507505491 0.7606814798994544 0.004629629629629629 0.011111111111111112
0 0.2220073842702385 0.7936184698218276 0.004629629629629629 0.011111111111111112
0 0.17507711031483525 0.8402459678162283 0.004629629629629629 0.011111111111111112
0 0.8647727272727272 0.155 0.004629629629629629 0.011111111111111112
0 0.22028383968723414 0.795330894762361 0.004629629629629629 0.011111111111111112
0 0.22324304334674858 0.7923907827393595 0.004629629629629629 0.011111111111111112
0 0.19316799100746465 0.8222718024829061 0.004629629629629629 0.011111111111111112
0 0.40984797782120314 0.6069897510679659 0.004629629629629629 0.011111111111111112
0 0.2367352312650713 0.7789856411947034 0.004629629629629629 0.011111111111111112
0 0.32610063305952863 0.690196790379565 0.004629629629629629 0.011111111111111112
0 0.24923994826051232 0.7665615997927813 0.004629629629629629 0.011111111111111112
0 0.424755645667336 0.5921782617240662 0.004629629629629629 0.011111111111111112
0 0.1652875851058122 0.8499723347980963 0.004629629629629629 0.011111111111111112
0 0.2089299948151438 0.8066114890223732 0.004629629629629629 0.011111111111111112
0 0.2632437598184331 0.752648135406202 0.004629629629629629 0.011111111111111112
0 0.2561603167093765 0.759685878882297 0.004629629629629629 0.011111111111111112
0 0.518454967304645 0.4990834518392559 0.004629629629629629 0.011111111111111112
0 0.27186865719373876 0.7440788825300918 0.004629629629629629 0.011111111111111112
