0 0.21064487259061326 0.8049076749744875 0.004629629629629629 0.011111111111111112
0 0.39581689032551004 0.6209303154185255 0.004629629629629629 0.011111111111111112
0 0.4671159401684745 0.5500912594455156 0.004629629629629629 0.011111111111111112
0 0.2388045778555598 0.7769296452273793 0.004629629629629629 0.011111111111111112
0 0.16250509247950323 0.8527368758590742 0.004629629629629629 0.011111111111111112
0 0.5471281553835058 0.4705952520705813 0.004629629629629629 0.011111111111111112
0 0.2062282986110148 0.8092957549284111 0.004629629629629629 0.011111111111111112
0 0.47034203000933644 0.546885983087498 0.004629629629629629 0.011111111111111112
0 0.6464961903488033 0.3718683012018341 0.004629629629629629 0.011111111111111112
0 0.2338512465066077 0.7818510195998866 0.004629629629629629 0.011111111111111112
0 0.8647727272727272 0.155 0.004629629629629629 0.011111111111111112
0 0.23273268122928206 0.7829623683270359 0.004629629629629629 0.011111111111111112
0 0.2105294951227558 0.8050223080715846 0.004629629629629629 0.011111111111111112
0 0.1847473982567208 0.8306380688288064 0.004629629629629629 0.011111111111111112
0 0.32796825262824136 0.6883412199693603 0.004629629629629629 0.011111111111111112
0 0.24611587849308195 0.7696655142713896 0.004629629629629629 0.011111111111111112
0 0.22345311283772037 0.7921820685354262 0.004629629629629629 0.011111111111111112
0 0.30211829412719937 0.714024404544589 0.004629629629629629 0.011111111111111112
0 0.5016776058714942 0.5157525722309025 0.004629629629629629 0.011111111111111112
0 0.3094838148776894 0.7067064032828119 0.004629629629629629 0.011111111111111112
0 0.16022727272727272 0.855 0.004629629629629629 0.011111111111111112
0 0.2554902417495482 0.7603516307778683 0.004629629629629629 0.011111111111111112
0 0.2290959008101854 0.7865756856466545 0.004629629629629629 0.011111111111111112
0 0.2420485888822329 0.773706563304104 0.004629629629629629 0.011111111111111112
0 0.2019699682509174 0.8135266121894111 0.004629629629629629 0.011111111111111112
0 0.18286332218113627 0.832509989574871 0.004629629629629629 0.011111111111111112
0 0.4431385742027629 0.5739139327275776 0.004629629629629629 0.011111111111111112
0 0.33347673763192065 0.6828682735786079 0.004629629629629629 0.011111111111111112
0 0.31441314329090014 0.701808876988396 0.004629629629629629 0.011111111111111112
0 0.5683804213498594 0.4494800974975591 0.004629629629629629 0.011111111111111112
