0 0.32004739055813103 0.6962109797035343 0.004629629629629629 0.011111111111111112
0 0.37814334244308023 0.6384898404113912 0.004629629629629629 0.011111111111111112
0 0.8647727272727272 0.155 0.004629629629629629 0.011111111111111112
0 0.21794219010811772 0.7976574369248378 0.004629629629629629 0.011111111111111112
0 0.25873884076066567 0.7571239904700483 0.004629629629629629 0.011111111111111112
0 0.214038301615196 0.8015361390403859 0.004629629629629629 0.011111111111111112
0 0.46836573836891043 0.5488495244592762 0.004629629629629629 0.011111111111111112
0 0.420407498536461 0.5964983562928066 0.004629629629629629 0.011111111111111112
0 0.36203455269559187 0.6544947024830894 0.004629629629629629 0.011111111111111112
0 0.733662533091986 0.2852643219602204 0.004629629629629629 0.011111111111111112
0 0.5031769664710423 0.5142628849255452 0.004629629629629629 0.011111111111111112
0 0.288215631321071 0.7278373727519682 0.004629629629629629 0.011111111111111112
0 0.3514317951324549 0.6650290551587221 0.004629629629629629 0.011111111111111112
0 0.23016399879842359 0.7855144786131791 0.004629629629629629 0.011111111111111112
0 0.7793348156246438 0.23988669931487017 0.004629629629629629 0.011111111111111112
0 0.4828210499091865 0.5344874729934534 0.004629629629629629 0.011111111111111112
0 0.22588680151224413 0.7897640810781574 0.004629629629629629 0.011111111111111112
0 0.7945622593611673 0.22475749715084042 0.004629629629629629 0.011111111111111112
0 0.31781038052276406 0.6984335574160925 0.004629629629629629 0.011111111111111112
0 0.2719239155526521 0.7440239806767198 0.004629629629629629 0.011111111111111112
0 0.21837124038031197 0.7972311547189158 0.004629629629629629 0.011111111111111112
0 0.4559729129203507 0.5611623961952646 0.004629629629629629 0.011111111111111112
0 0.5504596679540485 0.46728523312952597 0.004629629629629629 0.011111111111111112
0 0.22147068772643355 0.7941517038072855 0.004629629629629629 0.011111111111111112
0 0.35775614302979064 0.6587455095058855 0.004629629629629629 0.011111111111111112
0 0.2666938541030646 0.7492202997943745 0.004629629629629629 0.011111111111111112
0 0.24048301798982696 0.7752620337391397 0.004629629629629629 0.011111111111111112
0 0.36978718688533946 0.6467920852881143 0.004629629629629629 0.011111111111111112
0 0.28512976516900596 0.730903330090149 0.004629629629629629 0.011111111111111112
0 0.16022727272727275 0.855 0.004629629629629629 0.011111111111111112
