0 0.25418336207093506 0.761650078974684 0.004629629629629629 0.011111111111111112
0 0.27759746886725756 0.7383870309318861 0.004629629629629629 0.011111111111111112
0 0.2789734848737361 0.73701989244803 0.004629629629629629 0.011111111111111112
0 0.2554629360906036 0.7603787602712712 0.004629629629629629 0.011111111111111112
0 0.16022727272727275 0.855 0.004629629629629629 0.011111111111111112
0 0.2084310725954805 0.8071071923890065 0.004629629629629629 0.011111111111111112
0 0.17044096220607666 0.8448522052920271 0.004629629629629629 0.011111111111111112
0 0.198369017646168 0.8171043308547751 0.004629629629629629 0.011111111111111112
0 0.3153558903085238 0.7008722122095957 0.004629629629629629 0.011111111111111112
0 0.40020158143191703 0.6165739126418373 0.004629629629629629 0.011111111111111112
0 0.7456183991324241 0.273385590539398 0.004629629629629629 0.011111111111111112
0 0.1744358408438193 0.8408831000648506 0.004629629629629629 0.011111111111111112
0 0.2451076949690779 0.7706671933855614 0.004629629629629629 0.011111111111111112
0 0.19322757475556374 0.8222126031460851 0.004629629629629629 0.011111111111111112
0 0.21021526438681148 0.8053345115124583 0.004629629629629629 0.011111111111111112
0 0.6784507478401661 0.3401199021458993 0.004629629629629629 0.011111111111111112
0 0.7277778737998193 0.2911110157085667 0.004629629629629629 0.011111111111111112
0 0.2068310593710423 0.8086968829474807 0.004629629629629629 0.011111111111111112
0 0.2878523018111544 0.7281983582005305 0.004629629629629629 0.011111111111111112
0 0.3795549656735338 0.6370873244275859 0.004629629629629629 0.011111111111111112
0 0.30667351944543386 0.7094985677767948 0.004629629629629629 0.011111111111111112
0 0.7715409588344175 0.24763027315806255 0.004629629629629629 0.011111111111111112
0 0.32416146305317173 0.6921234496116875 0.004629629629629629 0.011111111111111112
0 0.8647727272727272 0.1550000000000001 0.004629629629629629 0.011111111111111112
0 0.3220404694797366 0.6942307593556165 0.004629629629629629 0.011111111111111112
0 0.24598143301563116 0.7697990923586633 0.004629629629629629 0.011111111111111112
0 0.3333367282329542 0.6830073796911295 0.004629629629629629 0.011111111111111112
0 0.19946376912329 0.8160166422904086 0.004629629629629629 0.011111111111111112
0 0.39185426208628893 0.6248673783142679 0.004629629629629629 0.011111111111111112
0 0.3515135122788427 0.6649478652197306 0.004629629629629629 0.011111111111111112
