0 0.4652702188153188 0.5519250729189735 0.004629629629629629 0.011111111111111112
0 0.4535182478268363 0.5636012247397885 0.004629629629629629 0.011111111111111112
0 0.18248684835612441 0.8328840345364957 0.004629629629629629 0.011111111111111112
0 0.4435425654862776 0.5735125478394404 0.004629629629629629 0.011111111111111112
0 0.21380308773284948 0.8017698354138141 0.004629629629629629 0.011111111111111112
0 0.3505843097871528 0.6658710728566353 0.004629629629629629 0.011111111111111112
0 0.33660201940077994 0.6797631549179348 0.004629629629629629 0.011111111111111112
0 0.22676105043107309 0.7888954724749339 0.004629629629629629 0.011111111111111112
0 0.16747043776551648 0.8478035650587772 0.004629629629629629 0.011111111111111112
0 0.3630267903088559 0.6535088664028141 0.004629629629629629 0.011111111111111112
0 0.22938865947276657 0.7862848157496384 0.004629629629629629 0.011111111111111112
0 0.3045061246403464 0.7116519793895913 0.004629629629629629 0.011111111111111112
0 0.16022727272727275 0.855 0.004629629629629629 0.011111111111111112
0 0.38675586567190173 0.6299328818485621 0.004629629629629629 0.011111111111111112
0 0.6284542622942232 0.3897938297205783 0.004629629629629629 0.011111111111111112
0 0.6194791628964061 0.3987110252513127 0.004629629629629629 0.011111111111111112
0 0.42224337527196043 0.5946743239233425 0.004629629629629629 0.011111111111111112
0 0.4344270715152976 0.5825692321718979 0.004629629629629629 0.011111111111111112
0 0.39459006487923615 0.6221492258619203 0.004629629629629629 0.011111111111111112
0 0.1975258877028166 0.8179420212501047 0.004629629629629629 0.011111111111111112
0 0.607926696901433 0.4101889592076086 0.004629629629629629 0.011111111111111112
0 0.18096957616714993 0.8343915178726381 0.004629629629629629 0.011111111111111112
0 0.7775615712828179 0.24164850337061966 0.004629629629629629 0.011111111111111112
0 0.8647727272727271 0.155 0.004629629629629629 0.011111111111111112
0 0.2258942609445321 0.7897566697712392 0.004629629629629629 0.011111111111111112
0 0.16576988125384942 0.849493150238111 0.004629629629629629 0.011111111111111112
0 0.3021818045633426 0.7139613038531952 0.004629629629629629 0.011111111111111112
0 0.16209503535486017 0.8531442874538809 0.004629629629629629 0.011111111111111112
0 0.25719046620615194 0.7586623755113071 0.004629629629629629 0.011111111111111112
0 0.7160581964670628 0.30275508221982145 0.004629629629629629 0.011111111111111112
