0 0.31380045887786595 0.7024176085987655 0.004629629629629629 0.011111111111111112
0 0.4618189282617863 0.5553540970818381 0.004629629629629629 0.011111111111111112
0 0.419928496001812 0.5969742684885223 0.004629629629629629 0.011111111111111112
0 0.513439963006664 0.5040661012707984 0.004629629629629629 0.011111111111111112
0 0.21814973417735065 0.7974512318496 0.004629629629629629 0.011111111111111112
0 0.8647727272727272 0.155 0.004629629629629629 0.011111111111111112
0 0.3459430256590163 0.6704824132162032 0.004629629629629629 0.011111111111111112
0 0.16022727272727272 0.855 0.004629629629629629 0.011111111111111112
0 0.4143809119154764 0.6024860617097847 0.004629629629629629 0.011111111111111112
0 0.17478113039728996 0.8405400381859183 0.004629629629629629 0.011111111111111112
0 0.2819436007366756 0.7340689386229159 0.004629629629629629 0.011111111111111112
0 0.3730445516532382 0.6435557357767827 0.004629629629629629 0.011111111111111112
0 0.6922572088200731 0.32640251510779844 0.004629629629629629 0.011111111111111112
0 0.4121192128501472 0.6047331691682408 0.004629629629629629 0.011111111111111112
0 0.6279115425377104 0.3903330480593071 0.004629629629629629 0.011111111111111112
0 0.7982430086041427 0.2211004946771743 0.004629629629629629 0.011111111111111112
0 0.6422678689736295 0.37606934308426493 0.004629629629629629 0.011111111111111112
0 0.3186586900720757 0.6975907208316151 0.004629629629629629 0.011111111111111112
0 0.6319760832358857 0.3862947302043457 0.004629629629629629 0.011111111111111112
0 0.16283557678320942 0.8524085237121661 0.004629629629629629 0.011111111111111112
0 0.42162520130269066 0.5952885096734557 0.004629629629629629 0.011111111111111112
0 0.22176142600665685 0.7938628412579022 0.004629629629629629 0.011111111111111112
0 0.2189372399308304 0.7966688067784007 0.004629629629629629 0.011111111111111112
0 0.23532394848642904 0.7803878189231608 0.004629629629629629 0.011111111111111112
0 0.300501241602141 0.7156310244727117 0.004629629629629629 0.011111111111111112
0 0.5891305938227024 0.4288637971051859 0.004629629629629629 0.011111111111111112
0 0.36227951015888815 0.654251325390524 0.004629629629629629 0.011111111111111112
0 0.3419919548600793 0.6744079932357923 0.004629629629629629 0.011111111111111112
0 0.3790668335548844 0.63757230730676 0.004629629629629629 0.011111111111111112
0 0.5500623592981518 0.46767997850377163 0.004629629629629629 0.011111111111111112
