0 0.466019760687612 0.551180366800695 0.004629629629629629 0.011111111111111112
0 0.5171858731187479 0.500344358320728 0.004629629629629629 0.011111111111111112
0 0.8647727272727271 0.155 0.004629629629629629 0.011111111111111112
0 0.650777225793837 0.3676148853403167 0.004629629629629629 0.011111111111111112
0 0.22648466989493007 0.7891700699108437 0.004629629629629629 0.011111111111111112
0 0.7660754346975186 0.25306053584891697 0.004629629629629629 0.011111111111111112
0 0.33323463001480647 0.6831088192110955 0.004629629629629629 0.011111111111111112
0 0.35865088953725904 0.6578565355565297 0.004629629629629629 0.011111111111111112
0 0.26899739038946807 0.7469316250323994 0.004629629629629629 0.011111111111111112
0 0.3413611060657775 0.6750347720378727 0.004629629629629629 0.011111111111111112
0 0.5848645717465955 0.4331022964582213 0.004629629629629629 0.011111111111111112
0 0.16022727272727275 0.855 0.004629629629629629 0.011111111111111112
0 0.21027532738126373 0.8052748360211961 0.004629629629629629 0.011111111111111112
0 0.4095736612423558 0.6072622978624336 0.004629629629629629 0.011111111111111112
0 0.4534656656805 0.563653467646471 0.004629629629629629 0.011111111111111112
0 0.20868760502727404 0.80685231500516 0.004629629629629629 0.011111111111111112
0 0.19885720548801739 0.8166192926119054 0.004629629629629629 0.011111111111111112
0 0.2760377664881681 0.7399366707149814 0.004629629629629629 0.011111111111111112
0 0.2728476847528507 0.7431061712778128 0.004629629629629629 0.011111111111111112
0 0.2960517193483153 0.7200518401313513 0.004629629629629629 0.011111111111111112
0 0.33498123382398004 0.681373483813594 0.004629629629629629 0.011111111111111112
0 0.2944278998976629 0.7216651833274833 0.004629629629629629 0.011111111111111112
0 0.42805897577186725 0.5888962434266609 0.004629629629629629 0.011111111111111112
0 0.46721717344251856 0.5499906792893687 0.004629629629629629 0.011111111111111112
0 0.25478200754512953 0.761055295729355 0.004629629629629629 0.011111111111111112
0 0.23045049307939025 0.7852298326824123 0.004629629629629629 0.011111111111111112
0 0.19764118635722894 0.817827466457979 0.004629629629629629 0.011111111111111112
0 0.20038494422294897 0.8151014102559089 0.004629629629629629 0.011111111111111112
0 0.21038276724522834 0.805168089317644 0.004629629629629629 0.011111111111111112
0 0.3002655406187064 0.71586520480464 0.004629629629629629 0.011111111111111112
