0 0.49413655555956154 0.5232449706053389 0.004629629629629629 0.011111111111111112
0 0.2668591921547749 0.749056028439772 0.004629629629629629 0.011111111111111112
0 0.17222680867176468 0.8430778804164403 0.004629629629629629 0.011111111111111112
0 0.41841650457226903 0.5984765051346489 0.004629629629629629 0.011111111111111112
0 0.25630061811699645 0.7595464826450486 0.004629629629629629 0.011111111111111112
0 0.1651346372506391 0.8501242958929134 0.004629629629629629 0.011111111111111112
0 0.38220111205928065 0.634458249954005 0.004629629629629629 0.011111111111111112
0 0.18468286123570962 0.8307021894819402 0.004629629629629629 0.011111111111111112
0 0.45729530956168485 0.5598485311451648 0.004629629629629629 0.011111111111111112
0 0.19597493012069 0.8194829726542822 0.004629629629629629 0.011111111111111112
0 0.22934847376363635 0.7863247421961291 0.004629629629629629 0.011111111111111112
0 0.18994773432813158 0.825471283312695 0.004629629629629629 0.011111111111111112
0 0.2677439722178106 0.7481769566352074 0.004629629629629629 0.011111111111111112
0 0.27597811523641363 0.7399959371199505 0.004629629629629629 0.011111111111111112
0 0.25505248417143006 0.7607865641135468 0.004629629629629629 0.011111111111111112
0 0.1942493642726475 0.8211974058194341 0.004629629629629629 0.011111111111111112
0 0.8647727272727272 0.1550000000000001 0.004629629629629629 0.011111111111111112
0 0.5979153309863124 0.420135735665212 0.004629629629629629 0.011111111111111112
0 0.42625730244094046 0.5906862930586785 0.004629629629629629 0.011111111111111112
0 0.7317335677712864 0.2871808423433671 0.004629629629629629 0.011111111111111112
0 0.21489217047646672 0.8006877790104783 0.004629629629629629 0.011111111111111112
0 0.16022727272727275 0.855 0.004629629629629629 0.011111111111111112
0 0.4004296820807122 0.6163472836101311 0.004629629629629629 0.011111111111111112
0 0.17901694974318882 0.8363315467067673 0.004629629629629629 0.011111111111111112
0 0.31401598687882587 0.7022034711010376 0.004629629629629629 0.011111111111111112
0 0.40887095640476195 0.6079604691204301 0.004629629629629629 0.011111111111111112
0 0.39494886196302564 0.6217927435980262 0.004629629629629629 0.011111111111111112
0 0.20843982699992392 0.8070984944645918 0.004629629629629629 0.011111111111111112
0 0.7256152899727025 0.29325964738196025 0.004629629629629629 0.011111111111111112
0 0.5586404926632269 0.4591571879346003 0.004629629629629629 0.011111111111111112
