0 0.6239994479849005 0.39421990329242157 0.004629629629629629 0.011111111111111112
0 0.6807246828917249 0.3378606376430604 0.004629629629629629 0.011111111111111112
0 0.6850750232676172 0.33353836397927067 0.004629629629629629 0.011111111111111112
0 0.4014547621423799 0.6153288169682161 0.004629629629629629 0.011111111111111112
0 0.17785868376414274 0.8374823400020776 0.004629629629629629 0.011111111111111112
0 0.2824865914499024 0.7335294510755809 0.004629629629629629 0.011111111111111112
0 0.30380480857542497 0.712348770834739 0.004629629629629629 0.011111111111111112
0 0.7910056919604441 0.22829111895542975 0.004629629629629629 0.011111111111111112
0 0.389197523709416 0.6275069764435479 0.004629629629629629 0.011111111111111112
0 0.3171882158971306 0.6990517080763994 0.004629629629629629 0.011111111111111112
0 0.24907322508873023 0.7667272473311971 0.004629629629629629 0.011111111111111112
0 0.17513986663020786 0.8401836163803096 0.004629629629629629 0.011111111111111112
0 0.23486295824023487 0.7808458350387343 0.004629629629629629 0.011111111111111112
0 0.8647727272727272 0.155 0.004629629629629629 0.011111111111111112
0 0.8380930918343115 0.18150750875816787 0.004629629629629629 0.011111111111111112
0 0.8056136351703539 0.21377742054042256 0.004629629629629629 0.011111111111111112
0 0.33239410483535115 0.6839439216474575 0.004629629629629629 0.011111111111111112
0 0.5250896528445043 0.49249157072223443 0.004629629629629629 0.011111111111111112
0 0.8017143550501497 0.21765154401469 0.004629629629629629 0.011111111111111112
0 0.16022727272727272 0.855 0.004629629629629629 0.011111111111111112
0 0.394800326680749 0.6219403205881592 0.004629629629629629 0.011111111111111112
0 0.20928622761926546 0.8062575544944073 0.004629629629629629 0.011111111111111112
0 0.7756517290841338 0.24354602400673162 0.004629629629629629 0.011111111111111112
0 0.33098154473122005 0.6853473684605942 0.004629629629629629 0.011111111111111112
0 0.16513614108422464 0.85012280176148 0.004629629629629629 0.011111111111111112
0 0.7084722194783206 0.3102921174215395 0.004629629629629629 0.011111111111111112
0 0.24243141656974818 0.7733262054726373 0.004629629629629629 0.011111111111111112
0 0.503941213839411 0.5135035681853595 0.004629629629629629 0.011111111111111112
0 0.3961625077669948 0.6205869277669858 0.004629629629629629 0.011111111111111112
0 0.3866991348654508 0.6299892466498102 0.004629629629629629 0.011111111111111112
