0 0.18024666962646188 0.8351097605001605 0.004629629629629629 0.011111111111111112
0 0.4658254667596913 0.5513734072194036 0.004629629629629629 0.011111111111111112
0 0.16775441631540297 0.8475214186285674 0.004629629629629629 0.011111111111111112
0 0.5735077678948199 0.44438583060772735 0.004629629629629629 0.011111111111111112
0 0.16970602072367896 0.8455824052164739 0.004629629629629629 0.011111111111111112
0 0.24047196864063475 0.7752730118022081 0.004629629629629629 0.011111111111111112
0 0.2945513438494649 0.7215425357882737 0.004629629629629629 0.011111111111111112
0 0.3500815796552712 0.6663705595683111 0.004629629629629629 0.011111111111111112
0 0.4149833449985475 0.6018875152917658 0.004629629629629629 0.011111111111111112
0 0.7851246686281217 0.23413420020173736 0.004629629629629629 0.011111111111111112
0 0.685039019760505 0.33357413520569196 0.004629629629629629 0.011111111111111112
0 0.2347157516678035 0.7809920918913437 0.004629629629629629 0.011111111111111112
0 0.25301784095334523 0.7628080806011925 0.004629629629629629 0.011111111111111112
0 0.216771041016202 0.7988210302161606 0.004629629629629629 0.011111111111111112
0 0.23784813725038356 0.777879915248006 0.004629629629629629 0.011111111111111112
0 0.19576672801586278 0.8196898315197234 0.004629629629629629 0.011111111111111112
0 0.2743663987837527 0.7415972554019489 0.004629629629629629 0.011111111111111112
0 0.3079114569623768 0.7082686169535095 0.004629629629629629 0.011111111111111112
0 0.8647727272727272 0.1550000000000001 0.004629629629629629 0.011111111111111112
0 0.28309826243376457 0.7329217263561306 0.004629629629629629 0.011111111111111112
0 0.4043631848658918 0.6124391582622754 0.004629629629629629 0.011111111111111112
0 0.21562957100177707 0.7999551359079119 0.004629629629629629 0.011111111111111112
0 0.3725117890392591 0.6440850612126071 0.004629629629629629 0.011111111111111112
0 0.27165691501615563 0.7442892586291099 0.004629629629629629 0.011111111111111112
0 0.23626330639924323 0.7794545213839776 0.004629629629629629 0.011111111111111112
0 0.7015353155282568 0.3171842671525708 0.004629629629629629 0.011111111111111112
0 0.5425061425789128 0.4751874454377254 0.004629629629629629 0.011111111111111112
0 0.20128608549044416 0.8142060828030426 0.004629629629629629 0.011111111111111112
0 0.3832312960250792 0.6334347123363729 0.004629629629629629 0.011111111111111112
0 0.16022727272727275 0.855 0.004629629629629629 0.011111111111111112
