0 0.5126944082008209 0.5048068460456361 0.004629629629629629 0.011111111111111112
0 0.34036129727200193 0.6760281304523336 0.004629629629629629 0.011111111111111112
0 0.8647727272727272 0.155 0.004629629629629629 0.011111111111111112
0 0.19973548942333486 0.8157466750245576 0.004629629629629629 0.011111111111111112
0 0.41935278835849443 0.5975462618889797 0.004629629629629629 0.011111111111111112
0 0.39495952633015896 0.6217821480332615 0.004629629629629629 0.011111111111111112
0 0.166102137189786 0.8491630378888578 0.004629629629629629 0.011111111111111112
0 0.2994159296831089 0.7167093343793629 0.004629629629629629 0.011111111111111112
0 0.3400974395423951 0.6762902858740075 0.004629629629629629 0.011111111111111112
0 0.2065915064765278 0.8089348903394498 0.004629629629629629 0.011111111111111112
0 0.6128227843018743 0.40532445946781515 0.004629629629629629 0.011111111111111112
0 0.46954707165756 0.5476758126757147 0.004629629629629629 0.011111111111111112
0 0.5541159153910467 0.4636525743856698 0.004629629629629629 0.011111111111111112
0 0.17511598894794106 0.8402073400130134 0.004629629629629629 0.011111111111111112
0 0.2802724496795139 0.7357293080603539 0.004629629629629629 0.011111111111111112
0 0.37254377920242215 0.6440532774375936 0.004629629629629629 0.011111111111111112
0 0.3934108002718045 0.6233208823105942 0.004629629629629629 0.011111111111111112
0 0.6501414925865131 0.3682465170430776 0.004629629629629629 0.011111111111111112
0 0.17723741304360022 0.8380996025244231 0.004629629629629629 0.011111111111111112
0 0.22180229498475731 0.7938222359506283 0.004629629629629629 0.011111111111111112
0 0.2660742808963635 0.7498358757545808 0.004629629629629629 0.011111111111111112
0 0.3940529849754492 0.6226828407340699 0.004629629629629629 0.011111111111111112
0 0.21677542844399852 0.7988166710943498 0.004629629629629629 0.011111111111111112
0 0.3657956574085376 0.6507578629618401 0.004629629629629629 0.011111111111111112
0 0.20968010282995347 0.8058662204141108 0.004629629629629629 0.011111111111111112
0 0.23095134566376094 0.7847322114050376 0.004629629629629629 0.011111111111111112
0 0.5466186949096703 0.4711014257026502 0.004629629629629629 0.011111111111111112
0 0.16022727272727275 0.855 0.004629629629629629 0.011111111111111112
0 0.444875967195195 0.5721877487221935 0.004629629629629629 0.011111111111111112
0 0.6515440463714801 0.36685301199220705 0.004629629629629629 0.011111111111111112
