0 0.6358887001365775 0.382407355993336 0.004629629629629629 0.011111111111111112
0 0.592905230057299 0.4251135133624256 0.004629629629629629 0.011111111111111112
0 0.1704842279374331 0.8448092186944213 0.004629629629629629 0.011111111111111112
0 0.49197308556672603 0.525394482727253 0.004629629629629629 0.011111111111111112
0 0.16022727272727272 0.8550000000000001 0.004629629629629629 0.011111111111111112
0 0.7738137155560245 0.2453721793830465 0.004629629629629629 0.011111111111111112
0 0.45528406759793844 0.5618467973543064 0.004629629629629629 0.011111111111111112
0 0.3779153069819023 0.6387164046760455 0.004629629629629629 0.011111111111111112
0 0.41051233177796975 0.6063296832657592 0.004629629629629629 0.011111111111111112
0 0.8647727272727272 0.1549999999999999 0.004629629629629629 0.011111111111111112
0 0.2853039936978221 0.7307302256163574 0.004629629629629629 0.011111111111111112
0 0.8583724500674477 0.16135898509427773 0.004629629629629629 0.011111111111111112
0 0.5421417851989766 0.4755494521248878 0.004629629629629629 0.011111111111111112
0 0.6541742419120345 0.3642397854551399 0.004629629629629629 0.011111111111111112
0 0.3653096758773025 0.6512407091283575 0.004629629629629629 0.011111111111111112
0 0.7464427069546108 0.2725666008321931 0.004629629629629629 0.011111111111111112
0 0.46877613203031404 0.5484417784989137 0.004629629629629629 0.011111111111111112
0 0.7983150868947558 0.2210288814077909 0.004629629629629629 0.011111111111111112
0 0.6071182422764779 0.4109921979962736 0.004629629629629629 0.011111111111111112
0 0.7721213520544855 0.2470536244103822 0.004629629629629629 0.011111111111111112
0 0.8324318440743451 0.18713223233903784 0.004629629629629629 0.011111111111111112
0 0.5976733958345782 0.4203761099449997 0.004629629629629629 0.011111111111111112
0 0.65425706792021 0.3641574938083073 0.004629629629629629 0.011111111111111112
0 0.7517413055158484 0.26730218677780215 0.004629629629629629 0.011111111111111112
0 0.7557505066812007 0.26331885142641986 0.004629629629629629 0.011111111111111112
0 0.5244921843328592 0.49308518459832057 0.004629629629629629 0.011111111111111112
0 0.7717685818842658 0.24740411864402007 0.004629629629629629 0.011111111111111112
0 0.37478507959150326 0.6418264370510227 0.004629629629629629 0.011111111111111112
0 0.7664288459171401 0.25270940470168024 0.004629629629629629 0.011111111111111112
0 0.6704012917505707 0.3481174262607232 0.004629629629629629 0.011111111111111112
