0 0.5394333470501038 0.47824041647925175 0.004629629629629629 0.011111111111111112
0 0.7394915210277397 0.2794729403982458 0.004629629629629629 0.011111111111111112
0 0.4546658190252491 0.5624610572265267 0.004629629629629629 0.011111111111111112
0 0.5244864630447088 0.49309086897493437 0.004629629629629629 0.011111111111111112
0 0.2707745523560194 0.7451659286269227 0.004629629629629629 0.011111111111111112
0 0.5599890435597026 0.45781733736648905 0.004629629629629629 0.011111111111111112
0 0.36047078088377843 0.656048385444504 0.004629629629629629 0.011111111111111112
0 0.8647727272727272 0.155 0.004629629629629629 0.011111111111111112
0 0.4106072366985023 0.6062353906350364 0.004629629629629629 0.011111111111111112
0 0.16022727272727275 0.855 0.004629629629629629 0.011111111111111112
0 0.645741487477176 0.3726181350226768 0.004629629629629629 0.011111111111111112
0 0.41694162848489746 0.5999418658924244 0.004629629629629629 0.011111111111111112
0 0.522160535149313 0.49540179088390834 0.004629629629629629 0.011111111111111112
0 0.5784069824324762 0.43951822390579787 0.004629629629629629 0.011111111111111112
0 0.6018664171734427 0.4162101403567085 0.004629629629629629 0.011111111111111112
0 0.43455557347636375 0.5824415592557418 0.004629629629629629 0.011111111111111112
0 0.4566853960607513 0.5604545097202859 0.004629629629629629 0.011111111111111112
0 0.5650968883687 0.4527424463949691 0.004629629629629629 0.011111111111111112
0 0.6385989690980988 0.3797145726380179 0.004629629629629629 0.011111111111111112
0 0.810063066196967 0.20935669552043282 0.004629629629629629 0.011111111111111112
0 0.5956446897308035 0.4223917276222985 0.004629629629629629 0.011111111111111112
0 0.5484851082149239 0.4692470537735595 0.004629629629629629 0.011111111111111112
0 0.5832903354901511 0.43466637635172084 0.004629629629629629 0.011111111111111112
0 0.3005976735143678 0.7155352147018539 0.004629629629629629 0.011111111111111112
0 0.3663367327864218 0.6502202783928454 0.004629629629629629 0.011111111111111112
0 0.6041911168577198 0.4139004387349106 0.004629629629629629 0.011111111111111112
0 0.4453924070810533 0.5716746407065664 0.004629629629629629 0.011111111111111112
0 0.5557858430564419 0.461993420447148 0.004629629629629629 0.011111111111111112
0 0.5973607519448688 0.42068673677735613 0.004629629629629629 0.011111111111111112
0 0.44340119363879504 0.5736530076104875 0.004629629629629629 0.011111111111111112
