0 0.22335420407669895 0.7922803391754087 0.004629629629629629 0.011111111111111112
0 0.5544031722674049 0.46336717077948164 0.004629629629629629 0.011111111111111112
0 0.5525681995887328 0.4651903049247429 0.004629629629629629 0.011111111111111112
0 0.23267850184306427 0.7830161981688265 0.004629629629629629 0.011111111111111112
0 0.35517304509406084 0.6613119422936428 0.004629629629629629 0.011111111111111112
0 0.4060203490561474 0.6107926854538922 0.004629629629629629 0.011111111111111112
0 0.3982039045643789 0.6185587012715204 0.004629629629629629 0.011111111111111112
0 0.6144005492044797 0.4037568736936137 0.004629629629629629 0.011111111111111112
0 0.43704722330066736 0.5799659845915951 0.004629629629629629 0.011111111111111112
0 0.4858435682065248 0.5314844548141625 0.004629629629629629 0.011111111111111112
0 0.7069773859869015 0.3117773068259173 0.004629629629629629 0.011111111111111112
0 0.32995247259734156 0.6863698014194155 0.004629629629629629 0.011111111111111112
0 0.5476637741321241 0.4700630889267928 0.004629629629629629 0.011111111111111112
0 0.507747773595007 0.5097215668797995 0.004629629629629629 0.011111111111111112
0 0.7420772442498331 0.2769038992614562 0.004629629629629629 0.011111111111111112
0 0.4896492862061528 0.5277032898338869 0.004629629629629629 0.011111111111111112
0 0.8647727272727272 0.155 0.004629629629629629 0.011111111111111112
0 0.5206821716081854 0.4968706165957384 0.004629629629629629 0.011111111111111112
0 0.38076431575870956 0.6358857766010241 0.004629629629629629 0.011111111111111112
0 0.44853903101951204 0.5685483175677105 0.004629629629629629 0.011111111111111112
0 0.43914956977872655 0.5778772016392008 0.004629629629629629 0.011111111111111112
0 0.41186199858674427 0.6049887239847831 0.004629629629629629 0.011111111111111112
0 0.38798573211579973 0.6287109500268828 0.004629629629629629 0.011111111111111112
0 0.4024942848766567 0.614296000832225 0.004629629629629629 0.011111111111111112
0 0.41400426756304803 0.6028602760986491 0.004629629629629629 0.011111111111111112
0 0.7181224981970832 0.3007040985654786 0.004629629629629629 0.011111111111111112
0 0.28616437361606273 0.729875396536299 0.004629629629629629 0.011111111111111112
0 0.16022727272727266 0.855 0.004629629629629629 0.011111111111111112
0 0.2821976173157994 0.7338165608604316 0.004629629629629629 0.011111111111111112
0 0.3699352256698281 0.646645001592558 0.004629629629629629 0.011111111111111112
