0 0.33782609600746727 0.6785469755796778 0.004629629629629629 0.011111111111111112
0 0.5039592471981813 0.5134856511708392 0.004629629629629629 0.011111111111111112
0 0.482695615988832 0.5346120976627088 0.004629629629629629 0.011111111111111112
0 0.3394016766502056 0.6769815599733441 0.004629629629629629 0.011111111111111112
0 0.3737041497477777 0.6429003931538209 0.004629629629629629 0.011111111111111112
0 0.5557644006296371 0.46201472453571557 0.004629629629629629 0.011111111111111112
0 0.16022727272727275 0.855 0.004629629629629629 0.011111111111111112
0 0.26182398549498886 0.7540587498953014 0.004629629629629629 0.011111111111111112
0 0.3972672722236021 0.6194892908230017 0.004629629629629629 0.011111111111111112
0 0.574365703395112 0.4435334301751791 0.004629629629629629 0.011111111111111112
0 0.7029392708046301 0.31578936965217397 0.004629629629629629 0.011111111111111112
0 0.574122064008108 0.4437754976951702 0.004629629629629629 0.011111111111111112
0 0.2556860288883883 0.7601571067818594 0.004629629629629629 0.011111111111111112
0 0.25278434472968103 0.7630400703976072 0.004629629629629629 0.011111111111111112
0 0.3544990895986519 0.6619815496890814 0.004629629629629629 0.011111111111111112
0 0.5649208761645549 0.4529173230365068 0.004629629629629629 0.011111111111111112
0 0.48922973496826067 0.528120134289599 0.004629629629629629 0.011111111111111112
0 0.5406284516492622 0.4770530222323459 0.004629629629629629 0.011111111111111112
0 0.3327527906665759 0.6835875499183697 0.004629629629629629 0.011111111111111112
0 0.30797300566916286 0.7082074653351543 0.004629629629629629 0.011111111111111112
0 0.2817979279490539 0.7342136715861013 0.004629629629629629 0.011111111111111112
0 0.4908336226729748 0.5265265942474959 0.004629629629629629 0.011111111111111112
0 0.3096185654677207 0.706572522051426 0.004629629629629629 0.011111111111111112
0 0.24015905237209872 0.7755839092561084 0.004629629629629629 0.011111111111111112
0 0.5330873692590417 0.4845454524781135 0.004629629629629629 0.011111111111111112
0 0.8647727272727271 0.155 0.004629629629629629 0.011111111111111112
0 0.23782871946604933 0.7778992077563123 0.004629629629629629 0.011111111111111112
0 0.7994178775035297 0.21993320557713833 0.004629629629629629 0.011111111111111112
0 0.6416595563829723 0.376673731077563 0.004629629629629629 0.011111111111111112
0 0.2561204068634679 0.7597255312453287 0.004629629629629629 0.011111111111111112
