0 0.7980107845275476 0.2213312205339205 0.004629629629629629 0.011111111111111112
0 0.621042161409963 0.3971581105991336 0.004629629629629629 0.011111111111111112
0 0.5422135857913374 0.4754781147621552 0.004629629629629629 0.011111111111111112
0 0.7300687748607034 0.28883489465452705 0.004629629629629629 0.011111111111111112
0 0.8215868484026699 0.19790726029670236 0.004629629629629629 0.011111111111111112
0 0.7730259351916563 0.24615487729345137 0.004629629629629629 0.011111111111111112
0 0.40089709517744265 0.6158828860817667 0.004629629629629629 0.011111111111111112
0 0.6275238364706037 0.3907182527969485 0.004629629629629629 0.011111111111111112
0 0.7283935089944498 0.2904993523539015 0.004629629629629629 0.011111111111111112
0 0.43773196040762485 0.5792856651433922 0.004629629629629629 0.011111111111111112
0 0.48598902106054265 0.5313399403656545 0.004629629629629629 0.011111111111111112
0 0.7674141666480352 0.25173044087872654 0.004629629629629629 0.011111111111111112
0 0.7592330306978852 0.2598587953066174 0.004629629629629629 0.011111111111111112
0 0.8647727272727271 0.15500000000000022 0.004629629629629629 0.011111111111111112
0 0.7298148873846484 0.28908714414686526 0.004629629629629629 0.011111111111111112
0 0.3370408590934254 0.6793271464491129 0.004629629629629629 0.011111111111111112
0 0.8085167294630622 0.21089305588831259 0.004629629629629629 0.011111111111111112
0 0.801404704558884 0.21795919676085077 0.004629629629629629 0.011111111111111112
0 0.854410588368129 0.16529528639553656 0.004629629629629629 0.011111111111111112
0 0.6236368481457794 0.39458016377774197 0.004629629629629629 0.011111111111111112
0 0.8417789247136468 0.17784545544579625 0.004629629629629629 0.011111111111111112
0 0.5573362235061183 0.46045304245198576 0.004629629629629629 0.011111111111111112
0 0.8433276032373569 0.17630676839643275 0.004629629629629629 0.011111111111111112
0 0.47575910874736205 0.5415038532445565 0.004629629629629629 0.011111111111111112
0 0.8455490616176762 0.17409964200566377 0.004629629629629629 0.011111111111111112
0 0.7942983388065801 0.2250197149921721 0.004629629629629629 0.011111111111111112
0 0.8070975823601924 0.21230304720342177 0.004629629629629629 0.011111111111111112
0 0.6910671049134731 0.3275849409246782 0.004629629629629629 0.011111111111111112
0 0.16022727272727272 0.855 0.004629629629629629 0.011111111111111112
0 0.8224665184559399 0.19703326553409853 0.004629629629629629 0.011111111111111112
