0 0.5033491399506123 0.5140918222426176 0.004629629629629629 0.011111111111111112
0 0.8441570254117313 0.17548269733286043 0.004629629629629629 0.011111111111111112
0 0.6663044784493605 0.35218780850837744 0.004629629629629629 0.011111111111111112
0 0.1602272727272729 0.855 0.004629629629629629 0.011111111111111112
0 0.6589881895310942 0.3594568955626548 0.004629629629629629 0.011111111111111112
0 0.4677032159724439 0.5495077725177009 0.004629629629629629 0.011111111111111112
0 0.5749696426790564 0.4429333872737118 0.004629629629629629 0.011111111111111112
0 0.4858175315024615 0.5315103235394897 0.004629629629629629 0.011111111111111112
0 0.7970241907303542 0.2223114492098416 0.004629629629629629 0.011111111111111112
0 0.49532001155911737 0.5220691498057801 0.004629629629629629 0.011111111111111112
0 0.823487857478177 0.19601851579587606 0.004629629629629629 0.011111111111111112
0 0.43499681573770244 0.5820031637186699 0.004629629629629629 0.011111111111111112
0 0.4389008905171759 0.5781242765184188 0.004629629629629629 0.011111111111111112
0 0.8200544070204635 0.1994298149603137 0.004629629629629629 0.011111111111111112
0 0.7387236587435567 0.2802358487322083 0.004629629629629629 0.011111111111111112
0 0.1685494530833743 0.8467315111300671 0.004629629629629629 0.011111111111111112
0 0.7230269397828886 0.2958312985382913 0.004629629629629629 0.011111111111111112
0 0.8647727272727277 0.15499999999999978 0.004629629629629629 0.011111111111111112
0 0.35159702580456553 0.6648648904909478 0.004629629629629629 0.011111111111111112
0 0.8032295127109643 0.2161461615645901 0.004629629629629629 0.011111111111111112
0 0.5591398865478463 0.45866101594601083 0.004629629629629629 0.011111111111111112
0 0.400170312236923 0.6166049801000892 0.004629629629629629 0.011111111111111112
0 0.6612830984590088 0.3571767924987912 0.004629629629629629 0.011111111111111112
0 0.8280505266059195 0.1914852832431509 0.004629629629629629 0.011111111111111112
0 0.40399084229107074 0.6128090986269362 0.004629629629629629 0.011111111111111112
0 0.3147685869044166 0.7014557265594829 0.004629629629629629 0.011111111111111112
0 0.7772590660169278 0.24194905698963293 0.004629629629629629 0.011111111111111112
0 0.7407562965001321 0.27821632476761077 0.004629629629629629 0.011111111111111112
0 0.7181340821575954 0.3006925893401956 0.004629629629629629 0.011111111111111112
0 0.6871886715181207 0.3314383521690932 0.004629629629629629 0.011111111111111112
