0 0.28212897264192976 0.7338847626654377 0.004629629629629629 0.011111111111111112
0 0.2492272532679554 0.7665742128821605 0.004629629629629629 0.011111111111111112
0 0.22691542646166918 0.7887420924187287 0.004629629629629629 0.011111111111111112
0 0.27032120901892254 0.7456163471682963 0.004629629629629629 0.011111111111111112
0 0.16770887028292003 0.8475666708156795 0.004629629629629629 0.011111111111111112
0 0.2325411503728328 0.7831526635005404 0.004629629629629629 0.011111111111111112
0 0.29379517262069155 0.7222938284929903 0.004629629629629629 0.011111111111111112
0 0.19287045432414326 0.8225674195747221 0.004629629629629629 0.011111111111111112
0 0.47793877150414527 0.5393382528281396 0.004629629629629629 0.011111111111111112
0 0.2868662551580872 0.7291780432622876 0.004629629629629629 0.011111111111111112
0 0.35210062046668433 0.6643645448266491 0.004629629629629629 0.011111111111111112
0 0.2935992621886063 0.722488474986804 0.004629629629629629 0.011111111111111112
0 0.572051163462412 0.4458330375921843 0.004629629629629629 0.011111111111111112
0 0.23383922126904608 0.7818629672552704 0.004629629629629629 0.011111111111111112
0 0.24292383254112565 0.7728369663784946 0.004629629629629629 0.011111111111111112
0 0.262475814080898 0.7534111266551079 0.004629629629629629 0.011111111111111112
0 0.314941146789391 0.701284279964089 0.004629629629629629 0.011111111111111112
0 0.2916994361632403 0.724376044070071 0.004629629629629629 0.011111111111111112
0 0.7053704547621211 0.3133738707524733 0.004629629629629629 0.011111111111111112
0 0.6018977323512831 0.4161790272122737 0.004629629629629629 0.011111111111111112
0 0.16022727272727272 0.855 0.004629629629629629 0.011111111111111112
0 0.46016480206822846 0.556997551493502 0.004629629629629629 0.011111111111111112
0 0.2266881657141252 0.7889678869679014 0.004629629629629629 0.011111111111111112
0 0.5182731353436401 0.4992641106908351 0.004629629629629629 0.011111111111111112
0 0.8647727272727271 0.1550000000000001 0.004629629629629629 0.011111111111111112
0 0.24649098197098818 0.7692928308159215 0.004629629629629629 0.011111111111111112
0 0.3394773755252382 0.6769063494781504 0.004629629629629629 0.011111111111111112
0 0.8641097454346969 0.15565870453584968 0.004629629629629629 0.011111111111111112
0 0.1986469548812563 0.8168281867631388 0.004629629629629629 0.011111111111111112
0 0.4244285906994953 0.5925032066598563 0.004629629629629629 0.011111111111111112
