0 0.21012191837961064 0.8054272552873546 0.004629629629629629 0.011111111111111112
0 0.21132427975671408 0.804232651080426 0.004629629629629629 0.011111111111111112
0 0.22764743128885395 0.7880148102033322 0.004629629629629629 0.011111111111111112
0 0.19780843737062745 0.8176612944833767 0.004629629629629629 0.011111111111111112
0 0.7253517157400672 0.29352152113567515 0.004629629629629629 0.011111111111111112
0 0.23368635868837473 0.7820148436257439 0.004629629629629629 0.011111111111111112
0 0.2699561326891582 0.7459790681669008 0.004629629629629629 0.011111111111111112
0 0.2655313798763503 0.7503752741873682 0.004629629629629629 0.011111111111111112
0 0.41776802083588316 0.5991208051049934 0.004629629629629629 0.011111111111111112
0 0.5887184463326376 0.42927328557918587 0.004629629629629629 0.011111111111111112
0 0.8647727272727271 0.155 0.004629629629629629 0.011111111111111112
0 0.39271102271448244 0.6240161451739981 0.004629629629629629 0.011111111111111112
0 0.1649933228413629 0.8502646985963234 0.004629629629629629 0.011111111111111112
0 0.17025458898534118 0.8450373761048868 0.004629629629629629 0.011111111111111112
0 0.24528698043062802 0.7704890646044082 0.004629629629629629 0.011111111111111112
0 0.24026553500849995 0.7754781136044582 0.004629629629629629 0.011111111111111112
0 0.212002653892658 0.8035586535518108 0.004629629629629629 0.011111111111111112
0 0.18665499801087515 0.8287427761698403 0.004629629629629629 0.011111111111111112
0 0.3487515834697686 0.6676919751332622 0.004629629629629629 0.011111111111111112
0 0.2192355057225135 0.7963724652821479 0.004629629629629629 0.011111111111111112
0 0.19360889736188228 0.8218337406856138 0.004629629629629629 0.011111111111111112
0 0.22888196835694458 0.7867882378905195 0.004629629629629629 0.011111111111111112
0 0.33779437394282447 0.6785784929858389 0.004629629629629629 0.011111111111111112
0 0.21718542888736608 0.7984093158151331 0.004629629629629629 0.011111111111111112
0 0.3630705451360298 0.6534653938648478 0.004629629629629629 0.011111111111111112
0 0.426995004505644 0.5899533503621344 0.004629629629629629 0.011111111111111112
0 0.19679877818394645 0.818664439739821 0.004629629629629629 0.011111111111111112
0 0.16022727272727272 0.855 0.004629629629629629 0.011111111111111112
0 0.49424578828295446 0.5231364426091937 0.004629629629629629 0.011111111111111112
0 0.26431005086717235 0.7515887236545513 0.004629629629629629 0.011111111111111112
