0 0.41655277220326953 0.6003282134238485 0.004629629629629629 0.011111111111111112
0 0.3126987101491153 0.7035122492712017 0.004629629629629629 0.011111111111111112
0 0.23870651985295263 0.7770270705977116 0.004629629629629629 0.011111111111111112
0 0.5381186462525058 0.47954663533622 0.004629629629629629 0.011111111111111112
0 0.39629446576640903 0.6204558211095034 0.004629629629629629 0.011111111111111112
0 0.2256140280534098 0.7900350947082251 0.004629629629629629 0.011111111111111112
0 0.42684856545305183 0.5900988446466453 0.004629629629629629 0.011111111111111112
0 0.29133968231888563 0.7247334769218813 0.004629629629629629 0.011111111111111112
0 0.3878569353200235 0.6288389158755896 0.004629629629629629 0.011111111111111112
0 0.16177931687425698 0.8534579690410607 0.004629629629629629 0.011111111111111112
0 0.4000983531125453 0.6166764749720517 0.004629629629629629 0.011111111111111112
0 0.43723787629720706 0.579776561614388 0.004629629629629629 0.011111111111111112
0 0.6797537734815837 0.33882528312152316 0.004629629629629629 0.011111111111111112
0 0.2236798178516649 0.7919568261344748 0.004629629629629629 0.011111111111111112
0 0.3002920365402778 0.7158388798244982 0.004629629629629629 0.011111111111111112
0 0.36702357458413803 0.6495378678325338 0.004629629629629629 0.011111111111111112
0 0.29202886607778744 0.7240487395098112 0.004629629629629629 0.011111111111111112
0 0.1629246407430188 0.8523200343585491 0.004629629629629629 0.011111111111111112
0 0.2618765508795627 0.754006523642241 0.004629629629629629 0.011111111111111112
0 0.1848528725735152 0.8305332749914752 0.004629629629629629 0.011111111111111112
0 0.8647727272727271 0.155 0.004629629629629629 0.011111111111111112
0 0.20409684620650065 0.8114134560270897 0.004629629629629629 0.011111111111111112
0 0.34026961050348253 0.6761192256933141 0.004629629629629629 0.011111111111111112
0 0.24191334271442316 0.7738409369159924 0.004629629629629629 0.011111111111111112
0 0.3848048486147929 0.6318713116988509 0.004629629629629629 0.011111111111111112
0 0.5432492960872995 0.47444908646810235 0.004629629629629629 0.011111111111111112
0 0.29302109789251235 0.7230629091906651 0.004629629629629629 0.011111111111111112
0 0.28635018944625124 0.7296907795179182 0.004629629629629629 0.011111111111111112
0 0.16022727272727275 0.855 0.004629629629629629 0.011111111111111112
0 0.3051494667652669 0.7110127878590251 0.004629629629629629 0.011111111111111112
