0 0.18041237939439878 0.8349451198275005 0.004629629629629629 0.011111111111111112
0 0.4984546204156902 0.5189547642321529 0.004629629629629629 0.011111111111111112
0 0.20117584846189876 0.8143156086249522 0.004629629629629629 0.011111111111111112
0 0.22848029655300525 0.7871873182634658 0.004629629629629629 0.011111111111111112
0 0.260618304719233 0.7552566520854073 0.004629629629629629 0.011111111111111112
0 0.8647727272727272 0.155 0.004629629629629629 0.011111111111111112
0 0.795726362951208 0.22360090390654158 0.004629629629629629 0.011111111111111112
0 0.2549790951184721 0.7608594796887439 0.004629629629629629 0.011111111111111112
0 0.16894409476709 0.84633941552173 0.004629629629629629 0.011111111111111112
0 0.20151478425288302 0.8139788595164905 0.004629629629629629 0.011111111111111112
0 0.42616692869049594 0.5907760837526685 0.004629629629629629 0.011111111111111112
0 0.5013853404422127 0.5160429520767692 0.004629629629629629 0.011111111111111112
0 0.5411447869705156 0.47654001810671365 0.004629629629629629 0.011111111111111112
0 0.2573133103283688 0.7585403239318144 0.004629629629629629 0.011111111111111112
0 0.16022727272727272 0.855 0.004629629629629629 0.011111111111111112
0 0.24107163456856634 0.7746772146867147 0.004629629629629629 0.011111111111111112
0 0.16789068822994235 0.8473860258876702 0.004629629629629629 0.011111111111111112
0 0.48234454733843535 0.5349609013540707 0.004629629629629629 0.011111111111111112
0 0.5297724027880094 0.4878390320686874 0.004629629629629629 0.011111111111111112
0 0.17730555389694858 0.8380319012894833 0.004629629629629629 0.011111111111111112
0 0.16330311138626744 0.8519440054613859 0.004629629629629629 0.011111111111111112
0 0.2080597719091565 0.8074760975870316 0.004629629629629629 0.011111111111111112
0 0.20452918921761565 0.8109839023257239 0.004629629629629629 0.011111111111111112
0 0.8631870071867002 0.1565754896338592 0.004629629629629629 0.011111111111111112
0 0.45289583434029895 0.5642196226554449 0.004629629629629629 0.011111111111111112
0 0.3160801164886661 0.7001526584564222 0.004629629629629629 0.011111111111111112
0 0.24333306808014432 0.7724303710687599 0.004629629629629629 0.011111111111111112
0 0.18697297846966787 0.8284268471978784 0.004629629629629629 0.011111111111111112
0 0.4888193385766956 0.528527882962509 0.004629629629629629 0.011111111111111112
0 0.4152270665948256 0.6016453660928829 0.004629629629629629 0.011111111111111112
