0 0.1739419742135557 0.8413737804587899 0.004629629629629629 0.011111111111111112
0 0.7823422699398512 0.23689864793072843 0.004629629629629629 0.011111111111111112
0 0.8175772310445212 0.2018910091557659 0.004629629629629629 0.011111111111111112
0 0.4114610199352005 0.6053871156772845 0.004629629629629629 0.011111111111111112
0 0.5935576518924753 0.4244653007003792 0.004629629629629629 0.011111111111111112
0 0.5697409397895358 0.44812835659620304 0.004629629629629629 0.011111111111111112
0 0.3159228324830718 0.7003089277264964 0.004629629629629629 0.011111111111111112
0 0.6194406510351617 0.39874928864893605 0.004629629629629629 0.011111111111111112
0 0.36369146376704065 0.6528484811604887 0.004629629629629629 0.011111111111111112
0 0.1939077615879931 0.8215368046158004 0.004629629629629629 0.011111111111111112
0 0.6439237008692505 0.37442419397506704 0.004629629629629629 0.011111111111111112
0 0.2701425579635546 0.7457938456362103 0.004629629629629629 0.011111111111111112
0 0.16022727272727275 0.855 0.004629629629629629 0.011111111111111112
0 0.16836170969386513 0.8469180432719018 0.004629629629629629 0.011111111111111112
0 0.16693915142974605 0.8483314237407684 0.004629629629629629 0.011111111111111112
0 0.16243246947438506 0.8528090303286755 0.004629629629629629 0.011111111111111112
0 0.2444977294258949 0.7712732236671754 0.004629629629629629 0.011111111111111112
0 0.3135701585747655 0.7026464230934588 0.004629629629629629 0.011111111111111112
0 0.30788002251841806 0.7082998485946039 0.004629629629629629 0.011111111111111112
0 0.4235262127366416 0.5933997628294012 0.004629629629629629 0.011111111111111112
0 0.20779187884490624 0.8077422623089319 0.004629629629629629 0.011111111111111112
0 0.5212689784908753 0.49628759556390456 0.004629629629629629 0.011111111111111112
0 0.4955069601260876 0.521883407358597 0.004629629629629629 0.011111111111111112
0 0.7719079287029433 0.24726567083707574 0.004629629629629629 0.011111111111111112
0 0.6844420187148088 0.33416728463173834 0.004629629629629629 0.011111111111111112
0 0.8647727272727272 0.155 0.004629629629629629 0.011111111111111112
0 0.4947586496811514 0.5226268899942108 0.004629629629629629 0.011111111111111112
0 0.6798572855098691 0.33872243891277526 0.004629629629629629 0.011111111111111112
0 0.4504512602172802 0.5666484253325086 0.004629629629629629 0.011111111111111112
0 0.6157764485191426 0.4023898511487228 0.004629629629629629 0.011111111111111112
