0 0.3729702808414586 0.6436295274220347 0.004629629629629629 0.011111111111111112
0 0.27262175398007854 0.7433306444326963 0.004629629629629629 0.011111111111111112
0 0.761252150936462 0.25785270165022484 0.004629629629629629 0.011111111111111112
0 0.398172565915997 0.6185898377350739 0.004629629629629629 0.011111111111111112
0 0.5919076379834242 0.4261046693584042 0.004629629629629629 0.011111111111111112
0 0.4525200005612146 0.5645930317004706 0.004629629629629629 0.011111111111111112
0 0.5256717286211079 0.4919132502732217 0.004629629629629629 0.011111111111111112
0 0.2699915510528572 0.7459438783087742 0.004629629629629629 0.011111111111111112
0 0.5600689007751739 0.4577379953588594 0.004629629629629629 0.011111111111111112
0 0.28599664141548986 0.7300420465936424 0.004629629629629629 0.011111111111111112
0 0.31683605250206137 0.6994015994495648 0.004629629629629629 0.011111111111111112
0 0.8322756567812608 0.18728741197216675 0.004629629629629629 0.011111111111111112
0 0.46979219285534174 0.5474322729050154 0.004629629629629629 0.011111111111111112
0 0.6770691142904173 0.3414926219308112 0.004629629629629629 0.011111111111111112
0 0.16022727272727275 0.855 0.004629629629629629 0.011111111111111112
0 0.41763818322740404 0.5992498050514824 0.004629629629629629 0.011111111111111112
0 0.5187517800399887 0.4987885540247854 0.004629629629629629 0.011111111111111112
0 0.19776116945565203 0.817708257444062 0.004629629629629629 0.011111111111111112
0 0.22402426485779656 0.7916146013670925 0.004629629629629629 0.011111111111111112
0 0.6635529271885817 0.3549216078255382 0.004629629629629629 0.011111111111111112
0 0.5336131206677803 0.48402309301394725 0.004629629629629629 0.011111111111111112
0 0.8647727272727272 0.155 0.004629629629629629 0.011111111111111112
0 0.5295712203028008 0.4880389166023785 0.004629629629629629 0.011111111111111112
0 0.18026566269961344 0.8350908899629648 0.004629629629629629 0.011111111111111112
0 0.8562068518834292 0.16351061167710895 0.004629629629629629 0.011111111111111112
0 0.33624618287723573 0.6801166957219723 0.004629629629629629 0.011111111111111112
0 0.5158863787842162 0.5016354688208433 0.004629629629629629 0.011111111111111112
0 0.31563128716893335 0.7005985921031243 0.004629629629629629 0.011111111111111112
0 0.20964284633129707 0.8059032365482597 0.004629629629629629 0.011111111111111112
0 0.5190436862166157 0.49849853111381415 0.004629629629629629 0.011111111111111112
