0 0.19911397020233984 0.8163641844441268 0.004629629629629629 0.011111111111111112
0 0.2144656812043516 0.8011115167389024 0.004629629629629629 0.011111111111111112
0 0.33222671441752416 0.6841102321271051 0.004629629629629629 0.011111111111111112
0 0.426166617211515 0.5907763932221078 0.004629629629629629 0.011111111111111112
0 0.25256017264681363 0.7632627962089723 0.004629629629629629 0.011111111111111112
0 0.17104683417136185 0.8442502421781308 0.004629629629629629 0.011111111111111112
0 0.2640171611076745 0.7518797238026976 0.004629629629629629 0.011111111111111112
0 0.16022727272727275 0.855 0.004629629629629629 0.011111111111111112
0 0.23877165099465045 0.7769623596569281 0.004629629629629629 0.011111111111111112
0 0.4288791910219836 0.5880813198878357 0.004629629629629629 0.011111111111111112
0 0.24413795466718444 0.7716306772984103 0.004629629629629629 0.011111111111111112
0 0.37741788482674987 0.6392106176560035 0.004629629629629629 0.011111111111111112
0 0.8647727272727272 0.1550000000000001 0.004629629629629629 0.011111111111111112
0 0.7545556548137575 0.26450599457213775 0.004629629629629629 0.011111111111111112
0 0.5180141876511164 0.4995213877530844 0.004629629629629629 0.011111111111111112
0 0.3252524387605966 0.6910395124572137 0.004629629629629629 0.011111111111111112
0 0.4596438071583784 0.5575151851458693 0.004629629629629629 0.011111111111111112
0 0.4168187963758551 0.6000639055362472 0.004629629629629629 0.011111111111111112
0 0.5116189612697725 0.5058753546093874 0.004629629629629629 0.011111111111111112
0 0.5599097908059512 0.4578960788121517 0.004629629629629629 0.011111111111111112
0 0.28833999659272697 0.7277138098369036 0.004629629629629629 0.011111111111111112
0 0.38487984566126254 0.631796798504294 0.004629629629629629 0.011111111111111112
0 0.3004379367484578 0.715693920907984 0.004629629629629629 0.011111111111111112
0 0.7328357873265817 0.28608573388197694 0.004629629629629629 0.011111111111111112
0 0.24872023034904125 0.7670779646854687 0.004629629629629629 0.011111111111111112
0 0.5652593347150429 0.45258104808957034 0.004629629629629629 0.011111111111111112
0 0.2673389227039186 0.7485793929264293 0.004629629629629629 0.011111111111111112
0 0.36622078652781803 0.6503354766110712 0.004629629629629629 0.011111111111111112
0 0.2213928902790839 0.7942289993356199 0.004629629629629629 0.011111111111111112
0 0.27171207973400713 0.744234449812664 0.004629629629629629 0.011111111111111112
