0 0.7804047171441357 0.23882370038582598 0.004629629629629629 0.011111111111111112
0 0.6556133598697579 0.36280995212940137 0.004629629629629629 0.011111111111111112
0 0.4354518254985616 0.5815510895046547 0.004629629629629629 0.011111111111111112
0 0.7817440240413149 0.23749303417830628 0.004629629629629629 0.011111111111111112
0 0.34677966551437917 0.6696511710373263 0.004629629629629629 0.011111111111111112
0 0.17552912871258722 0.8397968656662035 0.004629629629629629 0.011111111111111112
0 0.72025363586226 0.29858671017556093 0.004629629629629629 0.011111111111111112
0 0.5418724029159959 0.4758170964576557 0.004629629629629629 0.011111111111111112
0 0.7827469468382647 0.2364965818510143 0.004629629629629629 0.011111111111111112
0 0.5432285560403023 0.4744696927083448 0.004629629629629629 0.011111111111111112
0 0.7456255240795997 0.2733785115596231 0.004629629629629629 0.011111111111111112
0 0.2690844391544948 0.7468451378723082 0.004629629629629629 0.011111111111111112
0 0.40071485587894545 0.6160639496428539 0.004629629629629629 0.011111111111111112
0 0.8215193811878343 0.19797429223918356 0.004629629629629629 0.011111111111111112
0 0.25467344283443444 0.7611631600225617 0.004629629629629629 0.011111111111111112
0 0.6263826978100367 0.3918520292726084 0.004629629629629629 0.011111111111111112
0 0.16022727272727272 0.8549999999999998 0.004629629629629629 0.011111111111111112
0 0.5571571411474732 0.46063096944057474 0.004629629629629629 0.011111111111111112
0 0.26126800404888684 0.7546111443643315 0.004629629629629629 0.011111111111111112
0 0.33355866364894854 0.6827868761165284 0.004629629629629629 0.011111111111111112
0 0.7695693786278468 0.24958913349233286 0.004629629629629629 0.011111111111111112
0 0.23989992799789736 0.7758413618601535 0.004629629629629629 0.011111111111111112
0 0.7200714207466073 0.2987677497098223 0.004629629629629629 0.011111111111111112
0 0.8206322761816693 0.19885567398724402 0.004629629629629629 0.011111111111111112
0 0.5908799368108437 0.4271257402008389 0.004629629629629629 0.011111111111111112
0 0.8647727272727275 0.15499999999999978 0.004629629629629629 0.011111111111111112
0 0.530087993597457 0.4875254773289782 0.004629629629629629 0.011111111111111112
0 0.7465341230837339 0.2724757744845481 0.004629629629629629 0.011111111111111112
0 0.4335837128139868 0.5834071498493293 0.004629629629629629 0.011111111111111112
0 0.6999174357675012 0.31879170897938547 0.004629629629629629 0.011111111111111112
