0 0.5068307652374803 0.5106326590543743 0.004629629629629629 0.011111111111111112
0 0.4211552241325051 0.595755454732866 0.004629629629629629 0.011111111111111112
0 0.23730097906542638 0.7784235433801571 0.004629629629629629 0.011111111111111112
0 0.22733702552768686 0.7883232133466854 0.004629629629629629 0.011111111111111112
0 0.7892233280414038 0.2300619837524116 0.004629629629629629 0.011111111111111112
0 0.3797465558740826 0.636896970292847 0.004629629629629629 0.011111111111111112
0 0.28213288043172496 0.7338808800871893 0.004629629629629629 0.011111111111111112
0 0.32264309371276095 0.6936320230208698 0.004629629629629629 0.011111111111111112
0 0.23954283318791372 0.7761961528326535 0.004629629629629629 0.011111111111111112
0 0.20821743341810026 0.8073194532491133 0.004629629629629629 0.011111111111111112
0 0.20930022199068415 0.8062436504092557 0.004629629629629629 0.011111111111111112
0 0.35934609883867863 0.6571658114764095 0.004629629629629629 0.011111111111111112
0 0.4850809098008354 0.5322421928430409 0.004629629629629629 0.011111111111111112
0 0.16022727272727275 0.855 0.004629629629629629 0.011111111111111112
0 0.28237645377672144 0.7336388781831283 0.004629629629629629 0.011111111111111112
0 0.21035958969829566 0.8051911173320159 0.004629629629629629 0.011111111111111112
0 0.42093986131501676 0.595969428112822 0.004629629629629629 0.011111111111111112
0 0.2803044087749398 0.7356975551526405 0.004629629629629629 0.011111111111111112
0 0.1771519067052013 0.8381845572090258 0.004629629629629629 0.011111111111111112
0 0.2727852838160255 0.7431681696279488 0.004629629629629629 0.011111111111111112
0 0.3141296767972002 0.7020905146660075 0.004629629629629629 0.011111111111111112
0 0.32866003090085516 0.6876539047823762 0.004629629629629629 0.011111111111111112
0 0.8647727272727271 0.155 0.004629629629629629 0.011111111111111112
0 0.21347120640350264 0.8020995755732941 0.004629629629629629 0.011111111111111112
0 0.3548956080102573 0.6615875894607766 0.004629629629629629 0.011111111111111112
0 0.25671472830005065 0.7591350441405949 0.004629629629629629 0.011111111111111112
0 0.28134850876140116 0.734660191295124 0.004629629629629629 0.011111111111111112
0 0.30462563524716385 0.7115332398189469 0.004629629629629629 0.011111111111111112
0 0.3852851406143576 0.6313941183573479 0.004629629629629629 0.011111111111111112
0 0.244060250406696 0.7717078802410892 0.004629629629629629 0.011111111111111112
