0 0.35891699671441957 0.657592145199867 0.004629629629629629 0.011111111111111112
0 0.38689318977537585 0.6297964437070459 0.004629629629629629 0.011111111111111112
0 0.16022727272727272 0.855 0.004629629629629629 0.011111111111111112
0 0.21205550962037656 0.8035061388287873 0.004629629629629629 0.011111111111111112
0 0.31345674792943146 0.70275910205721 0.004629629629629629 0.011111111111111112
0 0.17374117166341052 0.8415732875086114 0.004629629629629629 0.011111111111111112
0 0.7236859714655434 0.295176518672944 0.004629629629629629 0.011111111111111112
0 0.3148527564174205 0.7013721000755953 0.004629629629629629 0.011111111111111112
0 0.2730664517486876 0.7428888156819492 0.004629629629629629 0.011111111111111112
0 0.17417962739989085 0.8411376605188182 0.004629629629629629 0.011111111111111112
0 0.7209583309314036 0.29788656152621834 0.004629629629629629 0.011111111111111112
0 0.16082002601295584 0.8544110709290633 0.004629629629629629 0.011111111111111112
0 0.21405740447550842 0.8015171594243337 0.004629629629629629 0.011111111111111112
0 0.31729521896224366 0.6989453953536419 0.004629629629629629 0.011111111111111112
0 0.5611199122276955 0.4566937646253863 0.004629629629629629 0.011111111111111112
0 0.4667771450409257 0.550427868798048 0.004629629629629629 0.011111111111111112
0 0.29242721819231887 0.7236529574089219 0.004629629629629629 0.011111111111111112
0 0.6076972332187512 0.4104169424794343 0.004629629629629629 0.011111111111111112
0 0.8647727272727271 0.1550000000000001 0.004629629629629629 0.011111111111111112
0 0.5182275605945742 0.4993093914092618 0.004629629629629629 0.011111111111111112
0 0.18169109726662655 0.8336746517479969 0.004629629629629629 0.011111111111111112
0 0.3673016151592639 0.6492616210675701 0.004629629629629629 0.011111111111111112
0 0.19032964173797054 0.8250918398216293 0.004629629629629629 0.011111111111111112
0 0.7545644261086901 0.26449727986620464 0.004629629629629629 0.011111111111111112
0 0.17055075403521436 0.8447431217972708 0.004629629629629629 0.011111111111111112
0 0.27239723151774586 0.7435537183630138 0.004629629629629629 0.011111111111111112
0 0.3155887757727966 0.7006408292321892 0.004629629629629629 0.011111111111111112
0 0.6358285515927882 0.38246711648200404 0.004629629629629629 0.011111111111111112
0 0.2568615436741507 0.7589891759624566 0.004629629629629629 0.011111111111111112
0 0.22870228889872957 0.7869667581264236 0.004629629629629629 0.011111111111111112
