0 0.4686340519194023 0.5485829419639487 0.004629629629629629 0.011111111111111112
0 0.4113649537560825 0.6054825620746019 0.004629629629629629 0.011111111111111112
0 0.5263612031557918 0.49122822396134247 0.004629629629629629 0.011111111111111112
0 0.5923427015775549 0.42567241262617145 0.004629629629629629 0.011111111111111112
0 0.3945443682525202 0.6221946276716896 0.004629629629629629 0.011111111111111112
0 0.37425907251646817 0.6423490505320252 0.004629629629629629 0.011111111111111112
0 0.6208870689357008 0.39731220247678767 0.004629629629629629 0.011111111111111112
0 0.5830209999568458 0.4349339742364242 0.004629629629629629 0.011111111111111112
0 0.6416142181641687 0.37671877679172916 0.004629629629629629 0.011111111111111112
0 0.6008986069803115 0.4171717066131099 0.004629629629629629 0.011111111111111112
0 0.39717764785322696 0.6195783369716327 0.004629629629629629 0.011111111111111112
0 0.5003215481470863 0.5170998811957983 0.004629629629629629 0.011111111111111112
0 0.8647727272727272 0.155 0.004629629629629629 0.011111111111111112
0 0.39788753190490556 0.6188730328170616 0.004629629629629629 0.011111111111111112
0 0.653523609859474 0.3648862198815549 0.004629629629629629 0.011111111111111112
0 0.7553846418518864 0.26368235583748073 0.004629629629629629 0.011111111111111112
0 0.34066989091136973 0.6757215277396714 0.004629629629629629 0.011111111111111112
0 0.6538007297817826 0.36461088782971285 0.004629629629629629 0.011111111111111112
0 0.5929439519668526 0.42507504127164325 0.004629629629629629 0.011111111111111112
0 0.3068344926578117 0.7093386331012711 0.004629629629629629 0.011111111111111112
0 0.8225259529600898 0.19697421447836244 0.004629629629629629 0.011111111111111112
0 0.3793707412312371 0.6372703603250934 0.004629629629629629 0.011111111111111112
0 0.16022727272727266 0.8550000000000001 0.004629629629629629 0.011111111111111112
0 0.8029047186118132 0.21646886021794035 0.004629629629629629 0.011111111111111112
0 0.6263366279338616 0.3918978019237762 0.004629629629629629 0.011111111111111112
0 0.5979275329869655 0.4201236123871439 0.004629629629629629 0.011111111111111112
0 0.5230165634911603 0.4945512853055569 0.004629629629629629 0.011111111111111112
0 0.42134031333635524 0.5955715596529115 0.004629629629629629 0.011111111111111112
0 0.6514865661401051 0.3669101213833794 0.004629629629629629 0.011111111111111112
0 0.7058699372898422 0.312877610692673 0.004629629629629629 0.011111111111111112
