0 0.6818344648175598 0.3367580156006179 0.004629629629629629 0.011111111111111112
0 0.7984592358839041 0.22088566241212107 0.004629629629629629 0.011111111111111112
0 0.7604295888761928 0.25866995685849226 0.004629629629629629 0.011111111111111112
0 0.4806379917126601 0.5366564469435506 0.004629629629629629 0.011111111111111112
0 0.37291192815765245 0.6436875036369131 0.004629629629629629 0.011111111111111112
0 0.16106748367719007 0.8541652097658886 0.004629629629629629 0.011111111111111112
0 0.20397058342824195 0.811538904206779 0.004629629629629629 0.011111111111111112
0 0.5825495068776656 0.43540242542477087 0.004629629629629629 0.011111111111111112
0 0.813118959982593 0.20632051717858496 0.004629629629629629 0.011111111111111112
0 0.5151583631451268 0.5023587875848419 0.004629629629629629 0.011111111111111112
0 0.5043380760422529 0.5131092663838263 0.004629629629629629 0.011111111111111112
0 0.6231794349752112 0.39503462589559674 0.004629629629629629 0.011111111111111112
0 0.25785096535961205 0.7580061376427081 0.004629629629629629 0.011111111111111112
0 0.688858763726758 0.3297790347488984 0.004629629629629629 0.011111111111111112
0 0.16022727272727275 0.855 0.004629629629629629 0.011111111111111112
0 0.3359454917065561 0.6804154469496153 0.004629629629629629 0.011111111111111112
0 0.8492497734085299 0.17042280577475083 0.004629629629629629 0.011111111111111112
0 0.640684177536384 0.3776428171573991 0.004629629629629629 0.011111111111111112
0 0.5546014801372963 0.46317014231520237 0.004629629629629629 0.011111111111111112
0 0.3688949519735434 0.6476785638456408 0.004629629629629629 0.011111111111111112
0 0.8137814820688144 0.20566226942840377 0.004629629629629629 0.011111111111111112
0 0.44230261962147704 0.5747444940535003 0.004629629629629629 0.011111111111111112
0 0.8647727272727272 0.1549999999999999 0.004629629629629629 0.011111111111111112
0 0.24517666051475867 0.7705986727788849 0.004629629629629629 0.011111111111111112
0 0.5342954151915033 0.48334520039037737 0.004629629629629629 0.011111111111111112
0 0.5463393550977902 0.47137896332219564 0.004629629629629629 0.011111111111111112
0 0.17469188619190698 0.8406287066222344 0.004629629629629629 0.011111111111111112
0 0.7501071685581102 0.2689257809164582 0.004629629629629629 0.011111111111111112
0 0.22426112892165506 0.7913792654584847 0.004629629629629629 0.011111111111111112
0 0.4539979717402405 0.563124595819374 0.004629629629629629 0.011111111111111112
