0 0.16022727272727272 0.855 0.004629629629629629 0.011111111111111112
0 0.3972595887891483 0.6194969246869106 0.004629629629629629 0.011111111111111112
0 0.698798518107637 0.31990340781563803 0.004629629629629629 0.011111111111111112
0 0.23018557111573262 0.7854930454721107 0.004629629629629629 0.011111111111111112
0 0.6767069416892595 0.34185245793454216 0.004629629629629629 0.011111111111111112
0 0.49501804156091483 0.5223691716104458 0.004629629629629629 0.011111111111111112
0 0.3101269937708332 0.7060673739309141 0.004629629629629629 0.011111111111111112
0 0.18820847549642708 0.8271993211196789 0.004629629629629629 0.011111111111111112
0 0.3522328032818653 0.6642332148038241 0.004629629629629629 0.011111111111111112
0 0.5635168507464599 0.45431229022609787 0.004629629629629629 0.011111111111111112
0 0.4823022327309418 0.5350029429640966 0.004629629629629629 0.011111111111111112
0 0.4911782105738087 0.5261842294944094 0.004629629629629629 0.011111111111111112
0 0.25852312660073323 0.7573383129257232 0.004629629629629629 0.011111111111111112
0 0.620065317598507 0.39812865219245114 0.004629629629629629 0.011111111111111112
0 0.32790871157822427 0.6884003768835707 0.004629629629629629 0.011111111111111112
0 0.8647727272727272 0.155 0.004629629629629629 0.011111111111111112
0 0.4909391597933085 0.5264217380118096 0.004629629629629629 0.011111111111111112
0 0.600447349080006 0.417620053172123 0.004629629629629629 0.011111111111111112
0 0.600159638947997 0.41790590710973197 0.004629629629629629 0.011111111111111112
0 0.4719599425906163 0.5452785086519039 0.004629629629629629 0.011111111111111112
0 0.4945850128364529 0.5227994066012015 0.004629629629629629 0.011111111111111112
0 0.2746107270331649 0.7413545034638233 0.004629629629629629 0.011111111111111112
0 0.3698107903820747 0.6467686340720031 0.004629629629629629 0.011111111111111112
0 0.7423583451963086 0.27662461186947407 0.004629629629629629 0.011111111111111112
0 0.635254406895473 0.3830375570199817 0.004629629629629629 0.011111111111111112
0 0.4878905893717506 0.5294506402370994 0.004629629629629629 0.011111111111111112
0 0.5040766235139286 0.5133690321216452 0.004629629629629629 0.011111111111111112
0 0.46092817875552566 0.5562390998170906 0.004629629629629629 0.011111111111111112
0 0.4060159862719318 0.6107970200911129 0.004629629629629629 0.011111111111111112
0 0.34702850011169567 0.6694039418245088 0.004629629629629629 0.011111111111111112
