0 0.16022727272727275 0.855 0.004629629629629629 0.011111111111111112
0 0.21416601331164392 0.8014092512903667 0.004629629629629629 0.011111111111111112
0 0.8647727272727272 0.155 0.004629629629629629 0.011111111111111112
0 0.17740660079563067 0.8379315063062767 0.004629629629629629 0.011111111111111112
0 0.31296373650189535 0.7032489327658589 0.004629629629629629 0.011111111111111112
0 0.2555722386729789 0.7602701628668468 0.004629629629629629 0.011111111111111112
0 0.17521870847446366 0.8401052831931136 0.004629629629629629 0.011111111111111112
0 0.22699573648773216 0.7886623005218663 0.004629629629629629 0.011111111111111112
0 0.24315122775402978 0.77261103823148 0.004629629629629629 0.011111111111111112
0 0.45607617376025605 0.5610598015543262 0.004629629629629629 0.011111111111111112
0 0.3060422611108268 0.7101257534769851 0.004629629629629629 0.011111111111111112
0 0.2821673387204212 0.7338466441100331 0.004629629629629629 0.011111111111111112
0 0.3367032783522397 0.679662549250033 0.004629629629629629 0.011111111111111112
0 0.4678717720819003 0.5493403038670153 0.004629629629629629 0.011111111111111112
0 0.19817863974746117 0.8172934805089741 0.004629629629629629 0.011111111111111112
0 0.2041323634893802 0.8113781678879707 0.004629629629629629 0.011111111111111112
0 0.21577182382954063 0.7998138008403274 0.004629629629629629 0.011111111111111112
0 0.5595085571891402 0.4582947238249833 0.004629629629629629 0.011111111111111112
0 0.2609187680493509 0.754958127228387 0.004629629629629629 0.011111111111111112
0 0.2714084633888352 0.7445361073427057 0.004629629629629629 0.011111111111111112
0 0.39198375444735745 0.6247387213877869 0.004629629629629629 0.011111111111111112
0 0.18598891266656883 0.8294045641893446 0.004629629629629629 0.011111111111111112
0 0.23627327031805015 0.7794446217485179 0.004629629629629629 0.011111111111111112
0 0.16920692275764745 0.8460782831956277 0.004629629629629629 0.011111111111111112
0 0.2610900786448065 0.7547879218625794 0.004629629629629629 0.011111111111111112
0 0.1606572572656477 0.854572789555421 0.004629629629629629 0.011111111111111112
0 0.32118214829869796 0.6950835429806486 0.004629629629629629 0.011111111111111112
0 0.21170904733731621 0.8038503658713116 0.004629629629629629 0.011111111111111112
0 0.3061694416247425 0.709999393482514 0.004629629629629629 0.011111111111111112
0 0.2664675030907808 0.7494451904775468 0.004629629629629629 0.011111111111111112
