0 0.18832784221226911 0.8270807245116809 0.004629629629629629 0.011111111111111112
0 0.18542135322624081 0.8299684619558639 0.004629629629629629 0.011111111111111112
0 0.21861692277879968 0.7969870573681603 0.004629629629629629 0.011111111111111112
0 0.23758199824600393 0.778144337226551 0.004629629629629629 0.011111111111111112
0 0.5041282683629501 0.5133177204651979 0.004629629629629629 0.011111111111111112
0 0.16022727272727275 0.855 0.004629629629629629 0.011111111111111112
0 0.1866488616037035 0.828748872987288 0.004629629629629629 0.011111111111111112
0 0.1618458677511601 0.8533918475246538 0.004629629629629629 0.011111111111111112
0 0.8647727272727271 0.155 0.004629629629629629 0.011111111111111112
0 0.21840715197217606 0.7971954748147413 0.004629629629629629 0.011111111111111112
0 0.1917990269810715 0.8236319344833225 0.004629629629629629 0.011111111111111112
0 0.2187965086687034 0.7968086300969012 0.004629629629629629 0.011111111111111112
0 0.2285328139892105 0.7871351396494296 0.004629629629629629 0.011111111111111112
0 0.8106070449608794 0.20881622629693267 0.004629629629629629 0.011111111111111112
0 0.18657913686742922 0.8288181478865543 0.004629629629629629 0.011111111111111112
0 0.5160486428186354 0.5014742516511622 0.004629629629629629 0.011111111111111112
0 0.21831467399777746 0.7972873561570469 0.004629629629629629 0.011111111111111112
0 0.30125981589225 0.7148773442102806 0.004629629629629629 0.011111111111111112
0 0.16072729820508755 0.8545032004930098 0.004629629629629629 0.011111111111111112
0 0.43860064752923394 0.5784225824548256 0.004629629629629629 0.011111111111111112
0 0.37817751359888746 0.6384558897146537 0.004629629629629629 0.011111111111111112
0 0.3019927679019842 0.7141491209231899 0.004629629629629629 0.011111111111111112
0 0.3471490259136533 0.6692841936083703 0.004629629629629629 0.011111111111111112
0 0.3325213030278361 0.6838175440884725 0.004629629629629629 0.011111111111111112
0 0.18764421377251064 0.8277599424453765 0.004629629629629629 0.011111111111111112
0 0.22368682576002807 0.7919498634384238 0.004629629629629629 0.011111111111111112
0 0.29694667937216723 0.7191626540431371 0.004629629629629629 0.011111111111111112
0 0.16465319725465877 0.8506026298244035 0.004629629629629629 0.011111111111111112
0 0.3955927741026149 0.6211529857303051 0.004629629629629629 0.011111111111111112
0 0.18692570667421213 0.8284738140140087 0.004629629629629629 0.011111111111111112
