0 0.1806034672396885 0.8347552648070191 0.004629629629629629 0.011111111111111112
0 0.27837772709116876 0.737611806632 0.004629629629629629 0.011111111111111112
0 0.1950387882790122 0.820413074871175 0.004629629629629629 0.011111111111111112
0 0.2987682179719353 0.717352867305303 0.004629629629629629 0.011111111111111112
0 0.8647727272727272 0.155 0.004629629629629629 0.011111111111111112
0 0.18968078004706002 0.8257365153080823 0.004629629629629629 0.011111111111111112
0 0.6903955911567607 0.3282521223345732 0.004629629629629629 0.011111111111111112
0 0.19431086350188337 0.8211363033594191 0.004629629629629629 0.011111111111111112
0 0.2530091619867565 0.7628167035744484 0.004629629629629629 0.011111111111111112
0 0.30970536883697575 0.7064862787039079 0.004629629629629629 0.011111111111111112
0 0.16022727272727272 0.855 0.004629629629629629 0.011111111111111112
0 0.19367187354816418 0.8217711707973079 0.004629629629629629 0.011111111111111112
0 0.1815932011689019 0.8337719162579942 0.004629629629629629 0.011111111111111112
0 0.20978719410940566 0.8057598200461389 0.004629629629629629 0.011111111111111112
0 0.18594842988296442 0.8294447857937 0.004629629629629629 0.011111111111111112
0 0.2209959637891253 0.7946233650095141 0.004629629629629629 0.011111111111111112
0 0.23169687516149437 0.7839914917750314 0.004629629629629629 0.011111111111111112
0 0.2365763610962415 0.779143486394702 0.004629629629629629 0.011111111111111112
0 0.1897593810115824 0.8256584214465569 0.004629629629629629 0.011111111111111112
0 0.17498806356288413 0.8403344400730055 0.004629629629629629 0.011111111111111112
0 0.22253096962922256 0.7930982624329015 0.004629629629629629 0.011111111111111112
0 0.2642962079100439 0.751602477302279 0.004629629629629629 0.011111111111111112
0 0.5535305342663307 0.46423417885796836 0.004629629629629629 0.011111111111111112
0 0.2070136050893899 0.808515514943445 0.004629629629629629 0.011111111111111112
0 0.20022457863509505 0.8152607412270669 0.004629629629629629 0.011111111111111112
0 0.26368540154228093 0.7522093429837984 0.004629629629629629 0.011111111111111112
0 0.3835234524520936 0.6331444407895328 0.004629629629629629 0.011111111111111112
0 0.26895938355541416 0.7469693866610724 0.004629629629629629 0.011111111111111112
0 0.1924239830324013 0.8230110104065175 0.004629629629629629 0.011111111111111112
0 0.3766244250983638 0.6399989582893676 0.004629629629629629 0.011111111111111112
