0 0.347786540441026 0.6686507920779484 0.004629629629629629 0.011111111111111112
0 0.46242451086589653 0.5547524214622706 0.004629629629629629 0.011111111111111112
0 0.34864049130662284 0.6678023505727747 0.004629629629629629 0.011111111111111112
0 0.5385850190923459 0.47908327135341106 0.004629629629629629 0.011111111111111112
0 0.17672590545766678 0.8386078100614149 0.004629629629629629 0.011111111111111112
0 0.16713810658941952 0.8481337521627703 0.004629629629629629 0.011111111111111112
0 0.1973949629713786 0.8180721013058561 0.004629629629629629 0.011111111111111112
0 0.5794204001650579 0.438511344352136 0.004629629629629629 0.011111111111111112
0 0.4422975986477415 0.574749482633857 0.004629629629629629 0.011111111111111112
0 0.16407378132626915 0.8511783075855133 0.004629629629629629 0.011111111111111112
0 0.5148845510017297 0.5026308331982815 0.004629629629629629 0.011111111111111112
0 0.16022727272727275 0.855 0.004629629629629629 0.011111111111111112
0 0.6810960756540166 0.3374916409631061 0.004629629629629629 0.011111111111111112
0 0.3566799997890029 0.6598147098870552 0.004629629629629629 0.011111111111111112
0 0.6792489910607706 0.339326808881557 0.004629629629629629 0.011111111111111112
0 0.46070806740690196 0.5564577910924975 0.004629629629629629 0.011111111111111112
0 0.23077793840890545 0.7849044999034102 0.004629629629629629 0.011111111111111112
0 0.3990895126111243 0.6176788068250766 0.004629629629629629 0.011111111111111112
0 0.2278877579136431 0.7877760340728965 0.004629629629629629 0.011111111111111112
0 0.3242556375432375 0.6920298826989769 0.004629629629629629 0.011111111111111112
0 0.5944255051676651 0.4236030464785779 0.004629629629629629 0.011111111111111112
0 0.18425673781780225 0.8311255637165061 0.004629629629629629 0.011111111111111112
0 0.18025651327611236 0.8350999803579271 0.004629629629629629 0.011111111111111112
0 0.31233700621135707 0.7038716196351679 0.004629629629629629 0.011111111111111112
0 0.46277953638764247 0.5543996864277617 0.004629629629629629 0.011111111111111112
0 0.8647727272727272 0.1550000000000001 0.004629629629629629 0.011111111111111112
0 0.5231185123166222 0.49444999421445285 0.004629629629629629 0.011111111111111112
0 0.23907680302275527 0.7766591763515851 0.004629629629629629 0.011111111111111112
0 0.7845979400757315 0.23465753050540228 0.004629629629629629 0.011111111111111112
0 0.22423250590183444 0.7914077038136613 0.004629629629629629 0.011111111111111112
