0 0.7622112351570617 0.25689980506975824 0.004629629629629629 0.011111111111111112
0 0.6849903394417909 0.33362250145783356 0.004629629629629629 0.011111111111111112
0 0.7496158216187332 0.2694139578755812 0.004629629629629629 0.011111111111111112
0 0.8398831051338835 0.17972904393149633 0.004629629629629629 0.011111111111111112
0 0.6206240013016153 0.39757357290033063 0.004629629629629629 0.011111111111111112
0 0.5875623134851538 0.4304219595050731 0.004629629629629629 0.011111111111111112
0 0.7995028854330245 0.21984874608589824 0.004629629629629629 0.011111111111111112
0 0.7511308063871199 0.2679087472024744 0.004629629629629629 0.011111111111111112
0 0.4976298653966614 0.5197741982510592 0.004629629629629629 0.011111111111111112
0 0.8181174687443643 0.20135425686043823 0.004629629629629629 0.011111111111111112
0 0.7357299153692206 0.2832102776331615 0.004629629629629629 0.011111111111111112
0 0.16022727272727272 0.8550000000000001 0.004629629629629629 0.011111111111111112
0 0.6367543566866426 0.38154728432423896 0.004629629629629629 0.011111111111111112
0 0.5548526597436299 0.46292058322245794 0.004629629629629629 0.011111111111111112
0 0.7077109915990127 0.31104843415323896 0.004629629629629629 0.011111111111111112
0 0.739418285566898 0.2795457033722432 0.004629629629629629 0.011111111111111112
0 0.849652337313898 0.1700228390558691 0.004629629629629629 0.011111111111111112
0 0.49373852273580016 0.5236404354753985 0.004629629629629629 0.011111111111111112
0 0.8376404787142074 0.18195720179362615 0.004629629629629629 0.011111111111111112
0 0.6640024662588173 0.3544749690073686 0.004629629629629629 0.011111111111111112
0 0.6499406635923717 0.36844605036628875 0.004629629629629629 0.011111111111111112
0 0.4471286865647336 0.5699495630260067 0.004629629629629629 0.011111111111111112
0 0.5181655601182772 0.4993709918824859 0.004629629629629629 0.011111111111111112
0 0.8647727272727275 0.155 0.004629629629629629 0.011111111111111112
0 0.6730096615864414 0.3455258846173422 0.004629629629629629 0.011111111111111112
0 0.35558439770954664 0.6609032435659988 0.004629629629629629 0.011111111111111112
0 0.6951139421289608 0.32356421233638755 0.004629629629629629 0.011111111111111112
0 0.8051316848902713 0.21425626146385957 0.004629629629629629 0.011111111111111112
0 0.5157445267738053 0.5017764056569934 0.004629629629629629 0.011111111111111112
0 0.7098202708858387 0.3089527631198764 0.004629629629629629 0.011111111111111112
