0 0.8086532902287433 0.21075737615982892 0.004629629629629629 0.011111111111111112
0 0.6176492041790971 0.40052917778334857 0.004629629629629629 0.011111111111111112
0 0.817759413110133 0.2017100024583192 0.004629629629629629 0.011111111111111112
0 0.44110615253931335 0.5759332419931982 0.004629629629629629 0.011111111111111112
0 0.6510160314557495 0.3673776203600939 0.004629629629629629 0.011111111111111112
0 0.3214274605012862 0.6948398134374317 0.004629629629629629 0.011111111111111112
0 0.8647727272727272 0.15499999999999978 0.004629629629629629 0.011111111111111112
0 0.6172319472756197 0.4009437427068035 0.004629629629629629 0.011111111111111112
0 0.6508750990078094 0.36751764356643435 0.004629629629629629 0.011111111111111112
0 0.45071233065846644 0.5663890392167493 0.004629629629629629 0.011111111111111112
0 0.8581917937306118 0.16153847590635972 0.004629629629629629 0.011111111111111112
0 0.8213299373529032 0.19816251385582495 0.004629629629629629 0.011111111111111112
0 0.5461623210165178 0.4715548552481048 0.004629629629629629 0.011111111111111112
0 0.6784437069184472 0.34012689764231685 0.004629629629629629 0.011111111111111112
0 0.8373536140626487 0.18224221570549706 0.004629629629629629 0.011111111111111112
0 0.6492632244953223 0.3691191188885184 0.004629629629629629 0.011111111111111112
0 0.8075878707767602 0.21181592193792836 0.004629629629629629 0.011111111111111112
0 0.761223424026094 0.25788124322568706 0.004629629629629629 0.011111111111111112
0 0.4976512390311607 0.5197529625109756 0.004629629629629629 0.011111111111111112
0 0.8565853127429516 0.1631345925005512 0.004629629629629629 0.011111111111111112
0 0.751300221466682 0.26774042512342544 0.004629629629629629 0.011111111111111112
0 0.6418333245767466 0.3765010839689096 0.004629629629629629 0.011111111111111112
0 0.6151846482416323 0.4029778333599263 0.004629629629629629 0.011111111111111112
0 0.6878417590449613 0.33078947811016746 0.004629629629629629 0.011111111111111112
0 0.7214829491606802 0.2973653279306789 0.004629629629629629 0.011111111111111112
0 0.7934164323027394 0.225895931776633 0.004629629629629629 0.011111111111111112
0 0.3321509624818563 0.6841854953406072 0.004629629629629629 0.011111111111111112
0 0.7620085429859231 0.2571011895494698 0.004629629629629629 0.011111111111111112
0 0.16022727272727272 0.8549999999999999 0.004629629629629629 0.011111111111111112
0 0.8482051734435196 0.17146066638514798 0.004629629629629629 0.011111111111111112
