0 0.39634828818146023 0.6204023459358395 0.004629629629629629 0.011111111111111112
0 0.3952120312047907 0.621531272222337 0.004629629629629629 0.011111111111111112
0 0.49154031551800575 0.5258244607111426 0.004629629629629629 0.011111111111111112
0 0.43249799262789507 0.5844858653890591 0.004629629629629629 0.011111111111111112
0 0.7760658488959056 0.2431345759356809 0.004629629629629629 0.011111111111111112
0 0.39846199068563304 0.6183022802220162 0.004629629629629629 0.011111111111111112
0 0.680906145281785 0.33768034597809754 0.004629629629629629 0.011111111111111112
0 0.6550215619126483 0.36339793203517523 0.004629629629629629 0.011111111111111112
0 0.7321516280650976 0.28676547921274187 0.004629629629629629 0.011111111111111112
0 0.4207967358482689 0.5961116301894618 0.004629629629629629 0.011111111111111112
0 0.4382064555574335 0.5788142312526144 0.004629629629629629 0.011111111111111112
0 0.5402871182511394 0.47739215347951314 0.004629629629629629 0.011111111111111112
0 0.5168965905543279 0.5006317745460226 0.004629629629629629 0.011111111111111112
0 0.2924910957814438 0.7235894919332753 0.004629629629629629 0.011111111111111112
0 0.23782817942665982 0.7778997443115767 0.004629629629629629 0.011111111111111112
0 0.6680227787871229 0.3504805939792457 0.004629629629629629 0.011111111111111112
0 0.16022727272727272 0.855 0.004629629629629629 0.011111111111111112
0 0.3674834816793187 0.6490809278799027 0.004629629629629629 0.011111111111111112
0 0.5823646198067899 0.43558611967583455 0.004629629629629629 0.011111111111111112
0 0.8647727272727272 0.155 0.004629629629629629 0.011111111111111112
0 0.531256838988777 0.4863641728756668 0.004629629629629629 0.011111111111111112
0 0.7713806501696839 0.24778954757334645 0.004629629629629629 0.011111111111111112
0 0.21660709781015355 0.7989839157241054 0.004629629629629629 0.011111111111111112
0 0.7552987868513897 0.2637676569347482 0.004629629629629629 0.011111111111111112
0 0.6191402027748459 0.3990477985333789 0.004629629629629629 0.011111111111111112
0 0.30329715761508413 0.7128531466275938 0.004629629629629629 0.011111111111111112
0 0.43520299632664006 0.5817983133270802 0.004629629629629629 0.011111111111111112
0 0.23361864229683274 0.7820821231373404 0.004629629629629629 0.011111111111111112
0 0.3113832677352227 0.7048192049598433 0.004629629629629629 0.011111111111111112
0 0.3991215518615179 0.6176469742795241 0.004629629629629629 0.011111111111111112
