0 0.41390524778520527 0.6029586570392154 0.004629629629629629 0.011111111111111112
0 0.7765746590686321 0.24262904840923 0.004629629629629629 0.011111111111111112
0 0.7314278063083636 0.2874846311516903 0.004629629629629629 0.011111111111111112
0 0.45714851645353655 0.5599943772010024 0.004629629629629629 0.011111111111111112
0 0.20018023700386678 0.815304796783255 0.004629629629629629 0.011111111111111112
0 0.6261013424044996 0.39213156948198113 0.004629629629629629 0.011111111111111112
0 0.3375451471241513 0.6788261118895529 0.004629629629629629 0.011111111111111112
0 0.2599931470337524 0.7558777764954975 0.004629629629629629 0.011111111111111112
0 0.6549515006708253 0.36346754126898645 0.004629629629629629 0.011111111111111112
0 0.7511626351327015 0.2678771238036385 0.004629629629629629 0.011111111111111112
0 0.5048152693530102 0.51263515173959 0.004629629629629629 0.011111111111111112
0 0.5656662781552029 0.4521767300909598 0.004629629629629629 0.011111111111111112
0 0.7679614643957562 0.2511866740842164 0.004629629629629629 0.011111111111111112
0 0.5897550687369375 0.4282433510613653 0.004629629629629629 0.011111111111111112
0 0.4794758188849074 0.537811121882092 0.004629629629629629 0.011111111111111112
0 0.5197454758831257 0.4978012691225719 0.004629629629629629 0.011111111111111112
0 0.3988949616669135 0.6178721026019052 0.004629629629629629 0.011111111111111112
0 0.5410107241140943 0.4766732160414805 0.004629629629629629 0.011111111111111112
0 0.3312382032077916 0.6850923658451619 0.004629629629629629 0.011111111111111112
0 0.7212736097721478 0.29757331674251125 0.004629629629629629 0.011111111111111112
0 0.758836149840487 0.2602531156423549 0.004629629629629629 0.011111111111111112
0 0.16022727272727272 0.855 0.004629629629629629 0.011111111111111112
0 0.7790719719142477 0.24014784725939262 0.004629629629629629 0.011111111111111112
0 0.42873147100108866 0.5882280868763378 0.004629629629629629 0.011111111111111112
0 0.4459960520214092 0.5710748902496966 0.004629629629629629 0.011111111111111112
0 0.6693274070424745 0.34918438268038027 0.004629629629629629 0.011111111111111112
0 0.661287322745064 0.35717259546619445 0.004629629629629629 0.011111111111111112
0 0.42324422743031237 0.5936799288756895 0.004629629629629629 0.011111111111111112
0 0.5707621254273444 0.447113759252832 0.004629629629629629 0.011111111111111112
0 0.8647727272727272 0.155 0.004629629629629629 0.011111111111111112
