0 0.4522601788426927 0.5648511771498409 0.004629629629629629 0.011111111111111112
0 0.30889409054113687 0.7072923229462253 0.004629629629629629 0.011111111111111112
0 0.3712851960064386 0.64530374074199 0.004629629629629629 0.011111111111111112
0 0.5594073302009629 0.4583952977358176 0.004629629629629629 0.011111111111111112
0 0.18571296878218962 0.8296787277905987 0.004629629629629629 0.011111111111111112
0 0.533382947378244 0.484251781314519 0.004629629629629629 0.011111111111111112
0 0.8447156676995526 0.17492765918883174 0.004629629629629629 0.011111111111111112
0 0.7728322006456882 0.2463473619391227 0.004629629629629629 0.011111111111111112
0 0.8372148009825348 0.18238013321735252 0.004629629629629629 0.011111111111111112
0 0.39446521887974473 0.6222732664033505 0.004629629629629629 0.011111111111111112
0 0.4376642041812886 0.5793529842327844 0.004629629629629629 0.011111111111111112
0 0.2414679830280732 0.7742834233140434 0.004629629629629629 0.011111111111111112
0 0.17513052351569033 0.840192899216669 0.004629629629629629 0.011111111111111112
0 0.20143775214653847 0.8140553946415038 0.004629629629629629 0.011111111111111112
0 0.19310477879247934 0.8223346068771495 0.004629629629629629 0.011111111111111112
0 0.30254048185300264 0.7136049406105652 0.004629629629629629 0.011111111111111112
0 0.5501301256837383 0.467612649320673 0.004629629629629629 0.011111111111111112
0 0.8647727272727272 0.155 0.004629629629629629 0.011111111111111112
0 0.46905699539336393 0.548162727157561 0.004629629629629629 0.011111111111111112
0 0.5342624924049194 0.48337791077188647 0.004629629629629629 0.011111111111111112
0 0.7342832093691084 0.2846476500461763 0.004629629629629629 0.011111111111111112
0 0.7700749258491206 0.24908684786603522 0.004629629629629629 0.011111111111111112
0 0.689959076521114 0.32868582074676417 0.004629629629629629 0.011111111111111112
0 0.16022727272727275 0.855 0.004629629629629629 0.011111111111111112
0 0.21084688138116656 0.804706969466454 0.004629629629629629 0.011111111111111112
0 0.7944860863534008 0.22483317871984695 0.004629629629629629 0.011111111111111112
0 0.1976430691157159 0.817825595846321 0.004629629629629629 0.011111111111111112
0 0.6828551769865946 0.3357438886713835 0.004629629629629629 0.011111111111111112
0 0.3416633584751902 0.6747344696440046 0.004629629629629629 0.011111111111111112
0 0.39892641142951096 0.6178408557410021 0.004629629629629629 0.011111111111111112
