0 0.16022727272727275 0.855 0.004629629629629629 0.011111111111111112
0 0.7597527485876141 0.2593424304355318 0.004629629629629629 0.011111111111111112
0 0.652611866679158 0.3657920808478042 0.004629629629629629 0.011111111111111112
0 0.5983166708482488 0.41973698509270774 0.004629629629629629 0.011111111111111112
0 0.7719852889430071 0.24718880969533483 0.004629629629629629 0.011111111111111112
0 0.6603429878883978 0.35811083783991443 0.004629629629629629 0.011111111111111112
0 0.3480998361742453 0.6683395176075241 0.004629629629629629 0.011111111111111112
0 0.4640386546537051 0.5531486915053511 0.004629629629629629 0.011111111111111112
0 0.3531504830817823 0.6633214555187453 0.004629629629629629 0.011111111111111112
0 0.7689810120552432 0.2501737041515648 0.004629629629629629 0.011111111111111112
0 0.5861910709778022 0.4317843552865708 0.004629629629629629 0.011111111111111112
0 0.625923749510018 0.39230801661585324 0.004629629629629629 0.011111111111111112
0 0.4631486063557035 0.5540329975562688 0.004629629629629629 0.011111111111111112
0 0.33084702851679937 0.6854810168284703 0.004629629629629629 0.011111111111111112
0 0.5457583496407676 0.47195622035691476 0.004629629629629629 0.011111111111111112
0 0.6913697101862226 0.3272842879440111 0.004629629629629629 0.011111111111111112
0 0.40928516990660974 0.6075489279637555 0.004629629629629629 0.011111111111111112
0 0.8647727272727272 0.1549999999999999 0.004629629629629629 0.011111111111111112
0 0.7644031540291352 0.2547220276097623 0.004629629629629629 0.011111111111111112
0 0.5943414627012952 0.42368654673548745 0.004629629629629629 0.011111111111111112
0 0.2260270908800961 0.7896246968030014 0.004629629629629629 0.011111111111111112
0 0.17084888817607793 0.8444469111024774 0.004629629629629629 0.011111111111111112
0 0.5329179898427072 0.48471373912402 0.004629629629629629 0.011111111111111112
0 0.3809829713844506 0.6356685316567394 0.004629629629629629 0.011111111111111112
0 0.41492620933924107 0.6019442823339154 0.004629629629629629 0.011111111111111112
0 0.25088550738202386 0.7649266571817311 0.004629629629629629 0.011111111111111112
0 0.353638153382497 0.6628369314780352 0.004629629629629629 0.011111111111111112
0 0.6169232681607205 0.40125043034354224 0.004629629629629629 0.011111111111111112
0 0.4721023644400786 0.5451370056530832 0.004629629629629629 0.011111111111111112
0 0.3635065652445805 0.6530321867892555 0.004629629629629629 0.011111111111111112
