0 0.36610049750612716 0.6504549895745576 0.004629629629629629 0.011111111111111112
0 0.16022727272727275 0.855 0.004629629629629629 0.011111111111111112
0 0.42004269796418764 0.5968608033130007 0.004629629629629629 0.011111111111111112
0 0.2503718162810155 0.765437034146604 0.004629629629629629 0.011111111111111112
0 0.5497852672817555 0.46795528282973975 0.004629629629629629 0.011111111111111112
0 0.3769151168327175 0.6397101419855582 0.004629629629629629 0.011111111111111112
0 0.6929007996750525 0.3257630764518833 0.004629629629629629 0.011111111111111112
0 0.5248865348184124 0.49269337830944837 0.004629629629629629 0.011111111111111112
0 0.17561371190063657 0.8397128281761418 0.004629629629629629 0.011111111111111112
0 0.19497501339190346 0.8204764383073992 0.004629629629629629 0.011111111111111112
0 0.5398660903514088 0.47781046507021324 0.004629629629629629 0.011111111111111112
0 0.41930364742418574 0.5975950857850025 0.004629629629629629 0.011111111111111112
0 0.6789106849577886 0.3396629323645197 0.004629629629629629 0.011111111111111112
0 0.49927283596840993 0.5181418274894508 0.004629629629629629 0.011111111111111112
0 0.8647727272727272 0.155 0.004629629629629629 0.011111111111111112
0 0.2152778481422321 0.8003045895877178 0.004629629629629629 0.011111111111111112
0 0.24362168618628643 0.7721436150149155 0.004629629629629629 0.011111111111111112
0 0.5383117449203986 0.47935478246618457 0.004629629629629629 0.011111111111111112
0 0.3480936106563379 0.6683457029607999 0.004629629629629629 0.011111111111111112
0 0.3773385434422037 0.6392894471606493 0.004629629629629629 0.011111111111111112
0 0.6704858227996043 0.3480334405732964 0.004629629629629629 0.011111111111111112
0 0.42635878720063347 0.5905854630393707 0.004629629629629629 0.011111111111111112
0 0.43733533452492346 0.5796797321494309 0.004629629629629629 0.011111111111111112
0 0.5395763201167618 0.47809836581947535 0.004629629629629629 0.011111111111111112
0 0.29945714372881166 0.716668386230729 0.004629629629629629 0.011111111111111112
0 0.4737753974780539 0.5434747663766432 0.004629629629629629 0.011111111111111112
0 0.4313605194973409 0.5856159999832871 0.004629629629629629 0.011111111111111112
0 0.3846601052352097 0.6320151212501787 0.004629629629629629 0.011111111111111112
0 0.5011551508252875 0.5162716565993918 0.004629629629629629 0.011111111111111112
0 0.4088846479363731 0.607946865921281 0.004629629629629629 0.011111111111111112
