0 0.22758696302503448 0.7880748883493206 0.004629629629629629 0.011111111111111112
0 0.8588081518803365 0.16092609426082696 0.004629629629629629 0.011111111111111112
0 0.1622628232730369 0.852977582038402 0.004629629629629629 0.011111111111111112
0 0.7920112114280876 0.22729208671015805 0.004629629629629629 0.011111111111111112
0 0.4366139648858541 0.5803964477908288 0.004629629629629629 0.011111111111111112
0 0.41490150736803516 0.6019688249375652 0.004629629629629629 0.011111111111111112
0 0.44594685420752955 0.5711237706583255 0.004629629629629629 0.011111111111111112
0 0.4941912497967085 0.523190629234238 0.004629629629629629 0.011111111111111112
0 0.3861402300102382 0.6305445456672473 0.004629629629629629 0.011111111111111112
0 0.1805062843108348 0.8348518207492351 0.004629629629629629 0.011111111111111112
0 0.8647727272727272 0.1550000000000001 0.004629629629629629 0.011111111111111112
0 0.2968534016122557 0.7192553300110491 0.004629629629629629 0.011111111111111112
0 0.8034974602919449 0.21587994267768057 0.004629629629629629 0.011111111111111112
0 0.6459723481654244 0.3723887637582236 0.004629629629629629 0.011111111111111112
0 0.6667176650345887 0.35177728764305377 0.004629629629629629 0.011111111111111112
0 0.2613041661285114 0.7545752155884468 0.004629629629629629 0.011111111111111112
0 0.6420727840329883 0.37626316941238586 0.004629629629629629 0.011111111111111112
0 0.6227280937343876 0.3954830552574472 0.004629629629629629 0.011111111111111112
0 0.4519626120416923 0.5651468241650283 0.004629629629629629 0.011111111111111112
0 0.3999518224618593 0.6168220602637011 0.004629629629629629 0.011111111111111112
0 0.16022727272727275 0.855 0.004629629629629629 0.011111111111111112
0 0.7943900432707259 0.22492860216973043 0.004629629629629629 0.011111111111111112
0 0.640741360948819 0.37758600267020564 0.004629629629629629 0.011111111111111112
0 0.42266527739998083 0.5942551437445351 0.004629629629629629 0.011111111111111112
0 0.46820346518505845 0.5490107507193613 0.004629629629629629 0.011111111111111112
0 0.8466806236460732 0.17297538037744983 0.004629629629629629 0.011111111111111112
0 0.8135814704124597 0.20586099068697558 0.004629629629629629 0.011111111111111112
0 0.5735085586929226 0.444385044911548 0.004629629629629629 0.011111111111111112
0 0.43227676666824805 0.5847056640844502 0.004629629629629629 0.011111111111111112
0 0.5087041985025953 0.508771312455486 0.004629629629629629 0.011111111111111112
