0 0.8378954467025721 0.1817038787600252 0.004629629629629629 0.011111111111111112
0 0.6966587243424313 0.32202939645977813 0.004629629629629629 0.011111111111111112
0 0.2727911293279235 0.743162361829031 0.004629629629629629 0.011111111111111112
0 0.7507091353354478 0.26832769779574883 0.004629629629629629 0.011111111111111112
0 0.42554298890497544 0.591395998120218 0.004629629629629629 0.011111111111111112
0 0.5517460301610739 0.4660071700335137 0.004629629629629629 0.011111111111111112
0 0.8647727272727272 0.155 0.004629629629629629 0.011111111111111112
0 0.28247828536577835 0.7335377035720654 0.004629629629629629 0.011111111111111112
0 0.49456054282459194 0.5228237187420184 0.004629629629629629 0.011111111111111112
0 0.24495441298349918 0.7708194864551041 0.004629629629629629 0.011111111111111112
0 0.29747989288013105 0.7186328806223214 0.004629629629629629 0.011111111111111112
0 0.16022727272727275 0.855 0.004629629629629629 0.011111111111111112
0 0.3027602953658299 0.7133865452494336 0.004629629629629629 0.011111111111111112
0 0.6041248187898669 0.41396630907329357 0.004629629629629629 0.011111111111111112
0 0.5097953550126718 0.5076871956648293 0.004629629629629629 0.011111111111111112
0 0.525763663787777 0.49182190823666044 0.004629629629629629 0.011111111111111112
0 0.2383672716494626 0.7773641301031146 0.004629629629629629 0.011111111111111112
0 0.37270251626707307 0.6438955644830371 0.004629629629629629 0.011111111111111112
0 0.35267354169302395 0.6637953198662859 0.004629629629629629 0.011111111111111112
0 0.16698959699685778 0.8482813036289284 0.004629629629629629 0.011111111111111112
0 0.2557847258263779 0.7600590465983085 0.004629629629629629 0.011111111111111112
0 0.35247320736338406 0.6639943617163798 0.004629629629629629 0.011111111111111112
0 0.768513725383853 0.2506379760702365 0.004629629629629629 0.011111111111111112
0 0.32172576335901276 0.6945434351142712 0.004629629629629629 0.011111111111111112
0 0.21673909444768696 0.798852770677782 0.004629629629629629 0.011111111111111112
0 0.4234342826713808 0.5934910997974668 0.004629629629629629 0.011111111111111112
0 0.3844045307795983 0.6322690468383347 0.004629629629629629 0.011111111111111112
0 0.29187090517437997 0.7242056813106161 0.004629629629629629 0.011111111111111112
0 0.5869706906396822 0.431009765428961 0.004629629629629629 0.011111111111111112
0 0.19790508208313864 0.8175652732851397 0.004629629629629629 0.011111111111111112
