0 0.2585306609535225 0.7573308271816616 0.004629629629629629 0.011111111111111112
0 0.828005675907638 0.1915298445820887 0.004629629629629629 0.011111111111111112
0 0.3499847212589179 0.6664667930717849 0.004629629629629629 0.011111111111111112
0 0.18260131317768583 0.8327703081976541 0.004629629629629629 0.011111111111111112
0 0.6365046529084831 0.3817953771102814 0.004629629629629629 0.011111111111111112
0 0.3601432103347792 0.6563738426351227 0.004629629629629629 0.011111111111111112
0 0.6394781538077784 0.37884106008775564 0.004629629629629629 0.011111111111111112
0 0.6699989503808901 0.34851717187963177 0.004629629629629629 0.011111111111111112
0 0.37411251498631165 0.6424946625297291 0.004629629629629629 0.011111111111111112
0 0.38182506472655425 0.6348318711749074 0.004629629629629629 0.011111111111111112
0 0.5541054299756706 0.46366299215320467 0.004629629629629629 0.011111111111111112
0 0.16022727272727272 0.855 0.004629629629629629 0.011111111111111112
0 0.2646848484621871 0.7512163441085367 0.004629629629629629 0.011111111111111112
0 0.6806226901326695 0.33796197238431547 0.004629629629629629 0.011111111111111112
0 0.6443878881068953 0.3739630014937943 0.004629629629629629 0.011111111111111112
0 0.7690591957940853 0.2500960248239411 0.004629629629629629 0.011111111111111112
0 0.803446638086367 0.21593043699806128 0.004629629629629629 0.011111111111111112
0 0.5846289911973194 0.4333363571329859 0.004629629629629629 0.011111111111111112
0 0.6371619552508218 0.38114231542821586 0.004629629629629629 0.011111111111111112
0 0.6424028049751261 0.37593527763761664 0.004629629629629629 0.011111111111111112
0 0.3850537360391279 0.6316240299998342 0.004629629629629629 0.011111111111111112
0 0.8250453745571558 0.19447104721418076 0.004629629629629629 0.011111111111111112
0 0.28267523100415864 0.733342028550707 0.004629629629629629 0.011111111111111112
0 0.3231140578181737 0.6931640973935564 0.004629629629629629 0.011111111111111112
0 0.6752928731130571 0.34325740348767225 0.004629629629629629 0.011111111111111112
0 0.7413326953373318 0.2776436446325864 0.004629629629629629 0.011111111111111112
0 0.42488477545485137 0.5920499650319541 0.004629629629629629 0.011111111111111112
0 0.8647727272727272 0.155 0.004629629629629629 0.011111111111111112
0 0.7509684328733074 0.2680700731452301 0.004629629629629629 0.011111111111111112
0 0.22558568741949508 0.7900632524993404 0.004629629629629629 0.011111111111111112
