0 0.16022727272727275 0.855 0.004629629629629629 0.011111111111111112
0 0.22759613591218672 0.7880657746420855 0.004629629629629629 0.011111111111111112
0 0.25781717436764257 0.7580397106282777 0.004629629629629629 0.011111111111111112
0 0.34094969211499015 0.6754435317051066 0.004629629629629629 0.011111111111111112
0 0.2335253327333651 0.7821748307036244 0.004629629629629629 0.011111111111111112
0 0.3712712096133874 0.6453176369002475 0.004629629629629629 0.011111111111111112
0 0.3532663115518377 0.6632063743291419 0.004629629629629629 0.011111111111111112
0 0.16202947973378215 0.853209420135468 0.004629629629629629 0.011111111111111112
0 0.17144111685708713 0.8438585032516682 0.004629629629629629 0.011111111111111112
0 0.18688622740065142 0.8285130385825786 0.004629629629629629 0.011111111111111112
0 0.23387615650290616 0.7818262703132416 0.004629629629629629 0.011111111111111112
0 0.18406420899158973 0.8313168504212592 0.004629629629629629 0.011111111111111112
0 0.2622876288632575 0.75359809777457 0.004629629629629629 0.011111111111111112
0 0.8647727272727275 0.1549999999999999 0.004629629629629629 0.011111111111111112
0 0.4905428401643299 0.5268155007399561 0.004629629629629629 0.011111111111111112
0 0.2127725006906152 0.8027937735073888 0.004629629629629629 0.011111111111111112
0 0.3102120207063293 0.7059828955562922 0.004629629629629629 0.011111111111111112
0 0.3477590782681339 0.6686780770755315 0.004629629629629629 0.011111111111111112
0 0.19680636532685541 0.8186569015462211 0.004629629629629629 0.011111111111111112
0 0.22139622179358506 0.7942256893147607 0.004629629629629629 0.011111111111111112
0 0.5135307985532802 0.5039758517599667 0.004629629629629629 0.011111111111111112
0 0.35148939262754314 0.6649718292603765 0.004629629629629629 0.011111111111111112
0 0.6428123303035692 0.3755283944080668 0.004629629629629629 0.011111111111111112
0 0.18375561006767466 0.8316234583843749 0.004629629629629629 0.011111111111111112
0 0.31213378766668587 0.704073527092454 0.004629629629629629 0.011111111111111112
0 0.5376415156295815 0.480020687697061 0.004629629629629629 0.011111111111111112
0 0.30656594552390265 0.7096054476730258 0.004629629629629629 0.011111111111111112
0 0.20777531279990294 0.8077587214762254 0.004629629629629629 0.011111111111111112
0 0.1917437231846809 0.8236868814810268 0.004629629629629629 0.011111111111111112
0 0.19697546225625523 0.8184888955647529 0.004629629629629629 0.011111111111111112
