0 0.18134259649778334 0.834020904124783 0.004629629629629629 0.011111111111111112
0 0.16121650573613802 0.854017149139579 0.004629629629629629 0.011111111111111112
0 0.2611826101990426 0.7546959872861125 0.004629629629629629 0.011111111111111112
0 0.3089086068305235 0.7072779003103186 0.004629629629629629 0.011111111111111112
0 0.4031302952651023 0.613664093736608 0.004629629629629629 0.011111111111111112
0 0.16901953282763388 0.8462644641583509 0.004629629629629629 0.011111111111111112
0 0.20044651176342868 0.8150402399253676 0.004629629629629629 0.011111111111111112
0 0.16022727272727272 0.855 0.004629629629629629 0.011111111111111112
0 0.2646389934985654 0.7512619032336834 0.004629629629629629 0.011111111111111112
0 0.22486404842530097 0.7907802357580881 0.004629629629629629 0.011111111111111112
0 0.16543829372754204 0.849822598490055 0.004629629629629629 0.011111111111111112
0 0.24241422984655314 0.7733432813137472 0.004629629629629629 0.011111111111111112
0 0.2824201392243342 0.7335954745771133 0.004629629629629629 0.011111111111111112
0 0.33174807945030516 0.6845857791267935 0.004629629629629629 0.011111111111111112
0 0.16342767101687702 0.8518202494412964 0.004629629629629629 0.011111111111111112
0 0.16770518213045538 0.8475703351736121 0.004629629629629629 0.011111111111111112
0 0.17351774882367518 0.8417952689106711 0.004629629629629629 0.011111111111111112
0 0.16228056111629457 0.8529599586328428 0.004629629629629629 0.011111111111111112
0 0.16671332691043503 0.8485557913276969 0.004629629629629629 0.011111111111111112
0 0.27728359565263 0.7386988791580321 0.004629629629629629 0.011111111111111112
0 0.17197902748284405 0.8433240630170453 0.004629629629629629 0.011111111111111112
0 0.2928142426942675 0.7232684298392439 0.004629629629629629 0.011111111111111112
0 0.2208371358612349 0.7947811682410957 0.004629629629629629 0.011111111111111112
0 0.22277283220148164 0.7928579602643343 0.004629629629629629 0.011111111111111112
0 0.215392614784686 0.8001905633752152 0.004629629629629629 0.011111111111111112
0 0.8647727272727271 0.1550000000000001 0.004629629629629629 0.011111111111111112
0 0.48019775283143107 0.537093845573933 0.004629629629629629 0.011111111111111112
0 0.16199550039404514 0.8532431802536583 0.004629629629629629 0.011111111111111112
0 0.23301622650687004 0.7826806523738193 0.004629629629629629 0.011111111111111112
0 0.22411760477512918 0.7915218636427749 0.004629629629629629 0.011111111111111112
