0 0.3169328069444946 0.6993054692293408 0.004629629629629629 0.011111111111111112
0 0.5013861433941719 0.5160421543051454 0.004629629629629629 0.011111111111111112
0 0.3115057324376128 0.7046975303523072 0.004629629629629629 0.011111111111111112
0 0.5103492168710109 0.5071369071088021 0.004629629629629629 0.011111111111111112
0 0.2923479691592181 0.7237316951579381 0.004629629629629629 0.011111111111111112
0 0.42667290766671384 0.5902733691569424 0.004629629629629629 0.011111111111111112
0 0.2816317986396746 0.7343787290934847 0.004629629629629629 0.011111111111111112
0 0.44476718159746204 0.5722958324773604 0.004629629629629629 0.011111111111111112
0 0.30034908032013874 0.7157822040690235 0.004629629629629629 0.011111111111111112
0 0.21978851356348408 0.7958230252336997 0.004629629629629629 0.011111111111111112
0 0.5707299190513946 0.44714575784571114 0.004629629629629629 0.011111111111111112
0 0.1789174987116031 0.8364303561187945 0.004629629629629629 0.011111111111111112
0 0.17594886223571976 0.8393798401012849 0.004629629629629629 0.011111111111111112
0 0.29348577740378284 0.7226012276117254 0.004629629629629629 0.011111111111111112
0 0.5986043959162268 0.4194511163154907 0.004629629629629629 0.011111111111111112
0 0.4943327994104328 0.523049992843828 0.004629629629629629 0.011111111111111112
0 0.3193630018169837 0.6968909530334486 0.004629629629629629 0.011111111111111112
0 0.1937333129547729 0.8217101277739676 0.004629629629629629 0.011111111111111112
0 0.8647727272727272 0.155 0.004629629629629629 0.011111111111111112
0 0.5263073792920542 0.4912817005743462 0.004629629629629629 0.011111111111111112
0 0.6582726200565114 0.36016784845998223 0.004629629629629629 0.011111111111111112
0 0.2054591990737286 0.8100598925331988 0.004629629629629629 0.011111111111111112
0 0.20627088509670147 0.809253443194245 0.004629629629629629 0.011111111111111112
0 0.25869724044826903 0.7571653223933328 0.004629629629629629 0.011111111111111112
0 0.17519747529862775 0.8401263793807183 0.004629629629629629 0.011111111111111112
0 0.17197982958306382 0.8433232660916655 0.004629629629629629 0.011111111111111112
0 0.5096458262666598 0.5078357597092541 0.004629629629629629 0.011111111111111112
0 0.3253191582859742 0.6909732233803869 0.004629629629629629 0.011111111111111112
0 0.16022727272727275 0.855 0.004629629629629629 0.011111111111111112
0 0.20337646957367989 0.812129185068731 0.004629629629629629 0.011111111111111112
