0 0.42539440510416543 0.5915436233158614 0.004629629629629629 0.011111111111111112
0 0.8647727272727272 0.155 0.004629629629629629 0.011111111111111112
0 0.2595856799851612 0.7562826147244206 0.004629629629629629 0.011111111111111112
0 0.396064928605224 0.6206838773857775 0.004629629629629629 0.011111111111111112
0 0.28910673124276143 0.7269520218620307 0.004629629629629629 0.011111111111111112
0 0.16022727272727275 0.855 0.004629629629629629 0.011111111111111112
0 0.4242827903031042 0.5926480664085289 0.004629629629629629 0.011111111111111112
0 0.41236828823618676 0.6044857007201757 0.004629629629629629 0.011111111111111112
0 0.27743918150434627 0.7385442970860043 0.004629629629629629 0.011111111111111112
0 0.26082888796153836 0.7550474274446651 0.004629629629629629 0.011111111111111112
0 0.2669264256316225 0.7489892287272912 0.004629629629629629 0.011111111111111112
0 0.37536766373303143 0.6412476115168592 0.004629629629629629 0.011111111111111112
0 0.5978065355121007 0.4202438292331385 0.004629629629629629 0.011111111111111112
0 0.7181937719176155 0.30063328467540146 0.004629629629629629 0.011111111111111112
0 0.3004613072524441 0.7156707011814426 0.004629629629629629 0.011111111111111112
0 0.2980718829891256 0.7180447098043525 0.004629629629629629 0.011111111111111112
0 0.516806892422646 0.5007208939800808 0.004629629629629629 0.011111111111111112
0 0.2902576738882193 0.725808504652995 0.004629629629629629 0.011111111111111112
0 0.2871470474665379 0.7288990625171172 0.004629629629629629 0.011111111111111112
0 0.20106450731495368 0.8144262314419171 0.004629629629629629 0.011111111111111112
0 0.28292142513197344 0.7330974227721039 0.004629629629629629 0.011111111111111112
0 0.2798437964049639 0.7361551958299068 0.004629629629629629 0.011111111111111112
0 0.3399802674560646 0.676406702011394 0.004629629629629629 0.011111111111111112
0 0.185381662252533 0.8300078968587736 0.004629629629629629 0.011111111111111112
0 0.24206967650090505 0.7736856117345846 0.004629629629629629 0.011111111111111112
0 0.3632688793750889 0.6532683392015247 0.004629629629629629 0.011111111111111112
0 0.2490470186856097 0.7667532846607492 0.004629629629629629 0.011111111111111112
0 0.2904201772806726 0.7256470496695253 0.004629629629629629 0.011111111111111112
0 0.23945216281944975 0.7762862382309984 0.004629629629629629 0.011111111111111112
0 0.3474728753455819 0.6689624335276154 0.004629629629629629 0.011111111111111112
