0 0.41329816753944226 0.6035618206382314 0.004629629629629629 0.011111111111111112
0 0.1602272727272726 0.855 0.004629629629629629 0.011111111111111112
0 0.6410893710486429 0.37724023779683213 0.004629629629629629 0.011111111111111112
0 0.27036425692827715 0.745573576987389 0.004629629629629629 0.011111111111111112
0 0.3433528549497224 0.6730558731467274 0.004629629629629629 0.011111111111111112
0 0.5395370135246286 0.47813741882069155 0.004629629629629629 0.011111111111111112
0 0.5960170862977197 0.4220217336138785 0.004629629629629629 0.011111111111111112
0 0.6900726388047479 0.3285729911230246 0.004629629629629629 0.011111111111111112
0 0.7198081911482234 0.2990292810527328 0.004629629629629629 0.011111111111111112
0 0.413180799464703 0.6036784314995853 0.004629629629629629 0.011111111111111112
0 0.5721728470238069 0.4457121390860241 0.004629629629629629 0.011111111111111112
0 0.7333866860373764 0.28553838935641296 0.004629629629629629 0.011111111111111112
0 0.7182229121516251 0.3006043324429014 0.004629629629629629 0.011111111111111112
0 0.5496623165339309 0.46807744034693305 0.004629629629629629 0.011111111111111112
0 0.2985808295380683 0.7175390467815321 0.004629629629629629 0.011111111111111112
0 0.5592719627720447 0.4585297918264846 0.004629629629629629 0.011111111111111112
0 0.5676171526067867 0.45023844192616025 0.004629629629629629 0.011111111111111112
0 0.5995230871676324 0.41853835210441676 0.004629629629629629 0.011111111111111112
0 0.4673791970278693 0.5498297010174718 0.004629629629629629 0.011111111111111112
0 0.48143818810005173 0.535861413113497 0.004629629629629629 0.011111111111111112
0 0.6527836907736208 0.36562136529588646 0.004629629629629629 0.011111111111111112
0 0.5057105943355557 0.5117456030472544 0.004629629629629629 0.011111111111111112
0 0.30624917417212916 0.7099201753386587 0.004629629629629629 0.011111111111111112
0 0.5001264869769737 0.5172936839067486 0.004629629629629629 0.011111111111111112
0 0.3755927334794944 0.6410239938332766 0.004629629629629629 0.011111111111111112
0 0.36721634231129274 0.6493463437681349 0.004629629629629629 0.011111111111111112
0 0.40065272243878863 0.6161256822221066 0.004629629629629629 0.011111111111111112
0 0.8647727272727271 0.1550000000000001 0.004629629629629629 0.011111111111111112
0 0.478666593610681 0.5386151263480976 0.004629629629629629 0.011111111111111112
0 0.506608450054363 0.5108535399459878 0.004629629629629629 0.011111111111111112
