0 0.3247425425264467 0.69154611903824 0.004629629629629629 0.011111111111111112
0 0.16195501528017522 0.8532834041732452 0.004629629629629629 0.011111111111111112
0 0.31338980796983057 0.7028256101461038 0.004629629629629629 0.011111111111111112
0 0.8647727272727272 0.155 0.004629629629629629 0.011111111111111112
0 0.18646623959444145 0.8289303167900389 0.004629629629629629 0.011111111111111112
0 0.16022727272727275 0.855 0.004629629629629629 0.011111111111111112
0 0.18083874833420605 0.8345215016550469 0.004629629629629629 0.011111111111111112
0 0.1877322667192826 0.8276724575821323 0.004629629629629629 0.011111111111111112
0 0.24799013941180334 0.7678033453585954 0.004629629629629629 0.011111111111111112
0 0.5600468789930947 0.45775987506492527 0.004629629629629629 0.011111111111111112
0 0.20633880455839337 0.8091859619226285 0.004629629629629629 0.011111111111111112
0 0.3868087337116861 0.6298803548929054 0.004629629629629629 0.011111111111111112
0 0.28229798793250016 0.7337168377960965 0.004629629629629629 0.011111111111111112
0 0.2188100932552368 0.7967951331528614 0.004629629629629629 0.011111111111111112
0 0.5485216794785044 0.46921071845361495 0.004629629629629629 0.011111111111111112
0 0.30348109509077364 0.7126703958452958 0.004629629629629629 0.011111111111111112
0 0.3827370679830007 0.633925751810438 0.004629629629629629 0.011111111111111112
0 0.3010578123247357 0.7150780445289723 0.004629629629629629 0.011111111111111112
0 0.2228026462765375 0.7928283385381498 0.004629629629629629 0.011111111111111112
0 0.28423105957567973 0.7317962375828732 0.004629629629629629 0.011111111111111112
0 0.28762029403916034 0.728428869148189 0.004629629629629629 0.011111111111111112
0 0.24992357464720225 0.7658823838989087 0.004629629629629629 0.011111111111111112
0 0.20229463050440247 0.8132040445311098 0.004629629629629629 0.011111111111111112
0 0.3972490481774919 0.6195073972946209 0.004629629629629629 0.011111111111111112
0 0.16307541315843338 0.8521702346683953 0.004629629629629629 0.011111111111111112
0 0.31130845659127687 0.7048935334512474 0.004629629629629629 0.011111111111111112
0 0.32752234061828506 0.6887842551276393 0.004629629629629629 0.011111111111111112
0 0.39699637245284 0.6197584428533074 0.004629629629629629 0.011111111111111112
0 0.1851309241965778 0.8302570172498518 0.004629629629629629 0.011111111111111112
0 0.32165450999006834 0.6946142287840611 0.004629629629629629 0.011111111111111112
