0 0.2974186029633152 0.7186937751203191 0.004629629629629629 0.011111111111111112
0 0.16022727272727275 0.855 0.004629629629629629 0.011111111111111112
0 0.4451519091961063 0.5719135869922557 0.004629629629629629 0.011111111111111112
0 0.5883545074411889 0.42963487647778653 0.004629629629629629 0.011111111111111112
0 0.7826135608416218 0.23662910729284023 0.004629629629629629 0.011111111111111112
0 0.7193459060653589 0.2994885836511919 0.004629629629629629 0.011111111111111112
0 0.5298337400399168 0.487778090540986 0.004629629629629629 0.011111111111111112
0 0.6195901668499394 0.3986007374523183 0.004629629629629629 0.011111111111111112
0 0.7149774417913718 0.30382886428470157 0.004629629629629629 0.011111111111111112
0 0.37421967534172645 0.6423881935314459 0.004629629629629629 0.011111111111111112
0 0.8053418634525719 0.21404743889228348 0.004629629629629629 0.011111111111111112
0 0.28959465307029575 0.7264672479172546 0.004629629629629629 0.011111111111111112
0 0.35931031047788514 0.6572013689445528 0.004629629629629629 0.011111111111111112
0 0.6580713077285218 0.3603678619987589 0.004629629629629629 0.011111111111111112
0 0.656190810584139 0.36223622690350066 0.004629629629629629 0.011111111111111112
0 0.3670909643187093 0.6494709128704437 0.004629629629629629 0.011111111111111112
0 0.5044693461087675 0.5129788432209665 0.004629629629629629 0.011111111111111112
0 0.6847555706399302 0.3338557556222629 0.004629629629629629 0.011111111111111112
0 0.44272391522397175 0.5743259164871506 0.004629629629629629 0.011111111111111112
0 0.4898400275686038 0.5275137790608712 0.004629629629629629 0.011111111111111112
0 0.3151594163218625 0.7010674186221495 0.004629629629629629 0.011111111111111112
0 0.640733945819448 0.3775933699600323 0.004629629629629629 0.011111111111111112
0 0.6812994030523195 0.33728962535446966 0.004629629629629629 0.011111111111111112
0 0.8647727272727272 0.155 0.004629629629629629 0.011111111111111112
0 0.6513205640013997 0.3670750525405448 0.004629629629629629 0.011111111111111112
0 0.16487246519771767 0.8503847765132353 0.004629629629629629 0.011111111111111112
0 0.8279734235535848 0.19156188885643838 0.004629629629629629 0.011111111111111112
0 0.4119153157348347 0.6049357508182933 0.004629629629629629 0.011111111111111112
0 0.40962810901032015 0.6072082013703917 0.004629629629629629 0.011111111111111112
0 0.6932205713394792 0.3254453678304528 0.004629629629629629 0.011111111111111112
