0 0.2305219015406373 0.7851588849209151 0.004629629629629629 0.011111111111111112
0 0.20070071552923496 0.8147876761838568 0.004629629629629629 0.011111111111111112
0 0.24125957115621144 0.7744904905931835 0.004629629629629629 0.011111111111111112
0 0.2812319772668969 0.7347759709735346 0.004629629629629629 0.011111111111111112
0 0.4992889915416392 0.5181257761457263 0.004629629629629629 0.011111111111111112
0 0.24176270699938537 0.7739906007877074 0.004629629629629629 0.011111111111111112
0 0.30844970564328206 0.7077338408447391 0.004629629629629629 0.011111111111111112
0 0.6603283651441973 0.35812536624382973 0.004629629629629629 0.011111111111111112
0 0.5308745038059023 0.48674404137994226 0.004629629629629629 0.011111111111111112
0 0.21092775764839639 0.8046266149815933 0.004629629629629629 0.011111111111111112
0 0.7499430711523637 0.26908881962926445 0.004629629629629629 0.011111111111111112
0 0.7380322762086882 0.28092277073459365 0.004629629629629629 0.011111111111111112
0 0.18078067684442298 0.8345791984900571 0.004629629629629629 0.011111111111111112
0 0.5082588278428517 0.5092138097561345 0.004629629629629629 0.011111111111111112
0 0.7457974256746834 0.27320771900708873 0.004629629629629629 0.011111111111111112
0 0.2072179243833183 0.8083125138385097 0.004629629629629629 0.011111111111111112
0 0.8647727272727272 0.155 0.004629629629629629 0.011111111111111112
0 0.3293335681865092 0.686984712898565 0.004629629629629629 0.011111111111111112
0 0.34899474488302074 0.6674503825033213 0.004629629629629629 0.011111111111111112
0 0.7340231740817077 0.28490600768656144 0.004629629629629629 0.011111111111111112
0 0.3043395027233204 0.7118175263265075 0.004629629629629629 0.011111111111111112
0 0.33651455935438623 0.6798500507059647 0.004629629629629629 0.011111111111111112
0 0.16022727272727275 0.855 0.004629629629629629 0.011111111111111112
0 0.3425875268742524 0.6738162636217105 0.004629629629629629 0.011111111111111112
0 0.46350985922464294 0.5536740753509999 0.004629629629629629 0.011111111111111112
0 0.654927902971825 0.3634909867247674 0.004629629629629629 0.011111111111111112
0 0.3919060370809501 0.6248159373518303 0.004629629629629629 0.011111111111111112
0 0.2599905105240661 0.755880395995444 0.004629629629629629 0.011111111111111112
0 0.3094578755535901 0.7067321752564331 0.004629629629629629 0.011111111111111112
0 0.29904659635277975 0.7170762849140124 0.004629629629629629 0.011111111111111112
