0 0.37463276323887196 0.6419777707175078 0.004629629629629629 0.011111111111111112
0 0.591151389787365 0.42685603853384374 0.004629629629629629 0.011111111111111112
0 0.4466522555371563 0.5704229203050191 0.004629629629629629 0.011111111111111112
0 0.8647727272727275 0.155 0.004629629629629629 0.011111111111111112
0 0.6342398588768173 0.38404555956754927 0.004629629629629629 0.011111111111111112
0 0.8536875929520147 0.1660136173250951 0.004629629629629629 0.011111111111111112
0 0.7136988597548743 0.3050991974048345 0.004629629629629629 0.011111111111111112
0 0.6113713815068688 0.4067664983738208 0.004629629629629629 0.011111111111111112
0 0.16022727272727272 0.855 0.004629629629629629 0.011111111111111112
0 0.7364969471898377 0.2824481944049355 0.004629629629629629 0.011111111111111112
0 0.43817543355694366 0.5788450531111656 0.004629629629629629 0.011111111111111112
0 0.5071975694290404 0.5102682213414695 0.004629629629629629 0.011111111111111112
0 0.6179291003117121 0.40025108743223436 0.004629629629629629 0.011111111111111112
0 0.48563695777358473 0.5316897322765674 0.004629629629629629 0.011111111111111112
0 0.752554693709081 0.2664940462503325 0.004629629629629629 0.011111111111111112
0 0.552514509058654 0.46524364906430515 0.004629629629629629 0.011111111111111112
0 0.5774085112093602 0.44051025337908734 0.004629629629629629 0.011111111111111112
0 0.7918692375141285 0.227433144663382 0.004629629629629629 0.011111111111111112
0 0.3720950906594149 0.6444990712158072 0.004629629629629629 0.011111111111111112
0 0.5437505607591423 0.4739510557618845 0.004629629629629629 0.011111111111111112
0 0.700061967142735 0.31864811006463756 0.004629629629629629 0.011111111111111112
0 0.7690017703354088 0.25015307979578744 0.004629629629629629 0.011111111111111112
0 0.8033644848478336 0.2160120602157008 0.004629629629629629 0.011111111111111112
0 0.5710432922373384 0.4468344064222574 0.004629629629629629 0.011111111111111112
0 0.6053263620235206 0.41277251773147 0.004629629629629629 0.011111111111111112
0 0.3803076951521665 0.63633945126817 0.004629629629629629 0.011111111111111112
0 0.3945075762229921 0.6222311823332852 0.004629629629629629 0.011111111111111112
0 0.6204481122959925 0.3977483271381752 0.004629629629629629 0.011111111111111112
0 0.6432782573876256 0.3750654733051979 0.004629629629629629 0.011111111111111112
0 0.6848541451312654 0.333757817095388 0.004629629629629629 0.011111111111111112
