0 0.5121005853536518 0.5053968377776621 0.004629629629629629 0.011111111111111112
0 0.40816502844417346 0.6086618427070792 0.004629629629629629 0.011111111111111112
0 0.4156342531299282 0.6012408065676843 0.004629629629629629 0.011111111111111112
0 0.5704442576884171 0.4474295762321533 0.004629629629629629 0.011111111111111112
0 0.33841158428549195 0.6779652646453822 0.004629629629629629 0.011111111111111112
0 0.3510428424241419 0.6654154984947236 0.004629629629629629 0.011111111111111112
0 0.47721189565642 0.5400604391542665 0.004629629629629629 0.011111111111111112
0 0.25879234545215335 0.7570708309701185 0.004629629629629629 0.011111111111111112
0 0.20012453984003548 0.8153601346105454 0.004629629629629629 0.011111111111111112
0 0.6584296397025804 0.36001184184388796 0.004629629629629629 0.011111111111111112
0 0.2101820002811777 0.805367561010959 0.004629629629629629 0.011111111111111112
0 0.4135554454874222 0.6033062025479805 0.004629629629629629 0.011111111111111112
0 0.6559323513454891 0.3624930186631914 0.004629629629629629 0.011111111111111112
0 0.16022727272727275 0.855 0.004629629629629629 0.011111111111111112
0 0.6940242755889642 0.3246468487696743 0.004629629629629629 0.011111111111111112
0 0.3809850135754239 0.6356665026411917 0.004629629629629629 0.011111111111111112
0 0.20265831042669055 0.812842710930901 0.004629629629629629 0.011111111111111112
0 0.6968037683514213 0.3218852882185879 0.004629629629629629 0.011111111111111112
0 0.26362011867861906 0.7522742046676947 0.004629629629629629 0.011111111111111112
0 0.2674168903118869 0.7485019283352865 0.004629629629629629 0.011111111111111112
0 0.3792865128328191 0.6373540453144895 0.004629629629629629 0.011111111111111112
0 0.8647727272727272 0.155 0.004629629629629629 0.011111111111111112
0 0.36502455625420577 0.6515239892700149 0.004629629629629629 0.011111111111111112
0 0.422404914598705 0.5945138267858029 0.004629629629629629 0.011111111111111112
0 0.2546440033496044 0.7611924095752317 0.004629629629629629 0.011111111111111112
0 0.16707499555644792 0.8481964560277873 0.004629629629629629 0.011111111111111112
0 0.19428566013850967 0.8211613441204485 0.004629629629629629 0.011111111111111112
0 0.49727525351619867 0.5201265223129381 0.004629629629629629 0.011111111111111112
0 0.24170018000505478 0.7740527243820745 0.004629629629629629 0.011111111111111112
0 0.3769083859748475 0.6397168294185386 0.004629629629629629 0.011111111111111112
