0 0.6639732794692977 0.3545039674950202 0.004629629629629629 0.011111111111111112
0 0.535812298746502 0.4818381031808948 0.004629629629629629 0.011111111111111112
0 0.6055304873924129 0.41256970930044135 0.004629629629629629 0.011111111111111112
0 0.8647727272727272 0.155 0.004629629629629629 0.011111111111111112
0 0.517446694277615 0.5000852198790148 0.004629629629629629 0.011111111111111112
0 0.6313697532543298 0.3868971483795691 0.004629629629629629 0.011111111111111112
0 0.4952586534567112 0.5221301120494611 0.004629629629629629 0.011111111111111112
0 0.33495224498546855 0.681402285627341 0.004629629629629629 0.011111111111111112
0 0.18692625230579799 0.8284732719026265 0.004629629629629629 0.011111111111111112
0 0.3010478453333384 0.7150879472171993 0.004629629629629629 0.011111111111111112
0 0.4592044240079369 0.5579517335663079 0.004629629629629629 0.011111111111111112
0 0.4740355971434108 0.5432162454188048 0.004629629629629629 0.011111111111111112
0 0.5183709537002931 0.49916692342035396 0.004629629629629629 0.011111111111111112
0 0.19990838947758657 0.8155748904545269 0.004629629629629629 0.011111111111111112
0 0.4900671009430784 0.5272881706759092 0.004629629629629629 0.011111111111111112
0 0.24186541904969952 0.7738885513957824 0.004629629629629629 0.011111111111111112
0 0.38956242234881466 0.6271444319889197 0.004629629629629629 0.011111111111111112
0 0.4653413118891299 0.5518544385101547 0.004629629629629629 0.011111111111111112
0 0.25488884739171047 0.760949145172107 0.004629629629629629 0.011111111111111112
0 0.649966185136772 0.3684206934770136 0.004629629629629629 0.011111111111111112
0 0.5347332733779044 0.4829101670955013 0.004629629629629629 0.011111111111111112
0 0.5559077068566262 0.4618723428650294 0.004629629629629629 0.011111111111111112
0 0.23698080140029704 0.7787416553829307 0.004629629629629629 0.011111111111111112
0 0.3257167199467449 0.6905782266335567 0.004629629629629629 0.011111111111111112
0 0.25268274018583353 0.7631410194282686 0.004629629629629629 0.011111111111111112
0 0.6371454207937856 0.3811587432113356 0.004629629629629629 0.011111111111111112
0 0.6681981446120797 0.35030635954670775 0.004629629629629629 0.011111111111111112
0 0.48034956036980875 0.5369430174390288 0.004629629629629629 0.011111111111111112
0 0.1602272727272728 0.855 0.004629629629629629 0.011111111111111112
0 0.4798720536456752 0.5374174434746194 0.004629629629629629 0.011111111111111112
