0 0.364093674841804 0.6524488649958851 0.004629629629629629 0.011111111111111112
0 0.29878174412089664 0.7173394284218189 0.004629629629629629 0.011111111111111112
0 0.34579680387507117 0.6706276916338003 0.004629629629629629 0.011111111111111112
0 0.26647563322547513 0.7494371127953344 0.004629629629629629 0.011111111111111112
0 0.44120197241803966 0.5758380403072381 0.004629629629629629 0.011111111111111112
0 0.5552623973599844 0.462513489074596 0.004629629629629629 0.011111111111111112
0 0.29132422617638615 0.7247488333473325 0.004629629629629629 0.011111111111111112
0 0.35798859481160195 0.658514557412989 0.004629629629629629 0.011111111111111112
0 0.23574592146479934 0.7799685683511026 0.004629629629629629 0.011111111111111112
0 0.17530922833177853 0.8400153473348781 0.004629629629629629 0.011111111111111112
0 0.18010918516300867 0.8352463579670752 0.004629629629629629 0.011111111111111112
0 0.1698346697772997 0.8454545861567474 0.004629629629629629 0.011111111111111112
0 0.8647727272727272 0.155 0.004629629629629629 0.011111111111111112
0 0.2016276884700685 0.8138666837136093 0.004629629629629629 0.011111111111111112
0 0.16022727272727272 0.855 0.004629629629629629 0.011111111111111112
0 0.24385709924247892 0.7719097207526338 0.004629629629629629 0.011111111111111112
0 0.33302313782613563 0.683318946934033 0.004629629629629629 0.011111111111111112
0 0.21949932991274024 0.796110343183471 0.004629629629629629 0.011111111111111112
0 0.2757893682405328 0.740183466393277 0.004629629629629629 0.011111111111111112
0 0.20030348955799684 0.8151823394068934 0.004629629629629629 0.011111111111111112
0 0.3583441225974097 0.6581613233548317 0.004629629629629629 0.011111111111111112
0 0.33344674520891215 0.6828980725021131 0.004629629629629629 0.011111111111111112
0 0.5272326130134298 0.49036243610278585 0.004629629629629629 0.011111111111111112
0 0.3543768378635985 0.6621030127032634 0.004629629629629629 0.011111111111111112
0 0.17960253448707264 0.835749739928973 0.004629629629629629 0.011111111111111112
0 0.39332385745975385 0.6234072642012768 0.004629629629629629 0.011111111111111112
0 0.2670682220156406 0.7488483471586538 0.004629629629629629 0.011111111111111112
0 0.3399318527371805 0.6764548043772529 0.004629629629629629 0.011111111111111112
0 0.17501731708166698 0.8403053752866018 0.004629629629629629 0.011111111111111112
0 0.43297307788740436 0.5840138451957402 0.004629629629629629 0.011111111111111112
