0 0.4452276121947265 0.5718383724000783 0.004629629629629629 0.011111111111111112
0 0.8571422948638788 0.16258120381266258 0.004629629629629629 0.011111111111111112
0 0.43759887926634783 0.5794178876966609 0.004629629629629629 0.011111111111111112
0 0.31808918542932163 0.6981565512508675 0.004629629629629629 0.011111111111111112
0 0.8627683121789107 0.15699148338353394 0.004629629629629629 0.011111111111111112
0 0.5460699072861457 0.47164667276086175 0.004629629629629629 0.011111111111111112
0 0.7762891684932282 0.24291269710995414 0.004629629629629629 0.011111111111111112
0 0.3723018774183071 0.644293618565037 0.004629629629629629 0.011111111111111112
0 0.18622853351062502 0.8291664892862177 0.004629629629629629 0.011111111111111112
0 0.5964843753292123 0.4215574593503311 0.004629629629629629 0.011111111111111112
0 0.3243731038833766 0.6919131742061936 0.004629629629629629 0.011111111111111112
0 0.5394760751294189 0.47819796406496445 0.004629629629629629 0.011111111111111112
0 0.5260810776481113 0.49150654220768314 0.004629629629629629 0.011111111111111112
0 0.2471571008512054 0.7686310094768669 0.004629629629629629 0.011111111111111112
0 0.16022727272727275 0.855 0.004629629629629629 0.011111111111111112
0 0.19270516938221008 0.8227316381621913 0.004629629629629629 0.011111111111111112
0 0.3561695308016288 0.6603218855261237 0.004629629629629629 0.011111111111111112
0 0.4941433443293679 0.5232382256340474 0.004629629629629629 0.011111111111111112
0 0.8647727272727275 0.155 0.004629629629629629 0.011111111111111112
0 0.4503249006371599 0.5667739696895315 0.004629629629629629 0.011111111111111112
0 0.23552030026086934 0.7801927339343621 0.004629629629629629 0.011111111111111112
0 0.8310013661623579 0.18855348136127031 0.004629629629629629 0.011111111111111112
0 0.1955560037810911 0.8198991962433031 0.004629629629629629 0.011111111111111112
0 0.3140121286767703 0.7022073044114671 0.004629629629629629 0.011111111111111112
0 0.2779604814020413 0.7380263604134557 0.004629629629629629 0.011111111111111112
0 0.38673387913148805 0.629954726540328 0.004629629629629629 0.011111111111111112
0 0.1816634437467819 0.8337021268580361 0.004629629629629629 0.011111111111111112
0 0.6376576482988834 0.3806498203998192 0.004629629629629629 0.011111111111111112
0 0.6977231600439956 0.32097182808532065 0.004629629629629629 0.011111111111111112
0 0.7437036596924133 0.2752879768217315 0.004629629629629629 0.011111111111111112
