0 0.21962280639269807 0.7959876633259645 0.004629629629629629 0.011111111111111112
0 0.3060995368160029 0.7100688472924874 0.004629629629629629 0.011111111111111112
0 0.5024335603459487 0.5150014948820899 0.004629629629629629 0.011111111111111112
0 0.23825284063060545 0.777477822857334 0.004629629629629629 0.011111111111111112
0 0.6698597724322907 0.3486554519059823 0.004629629629629629 0.011111111111111112
0 0.44228286873634565 0.5747641175135664 0.004629629629629629 0.011111111111111112
0 0.18765498475071635 0.8277492409573528 0.004629629629629629 0.011111111111111112
0 0.2109940181026574 0.8045607820141341 0.004629629629629629 0.011111111111111112
0 0.377918517269605 0.6387132150998763 0.004629629629629629 0.011111111111111112
0 0.38768275183482925 0.6290119755963633 0.004629629629629629 0.011111111111111112
0 0.3302105108978515 0.6861134278821347 0.004629629629629629 0.011111111111111112
0 0.824256276790804 0.19525505402720136 0.004629629629629629 0.011111111111111112
0 0.2314800008353407 0.7842069669119841 0.004629629629629629 0.011111111111111112
0 0.5845098876817775 0.4334546922387501 0.004629629629629629 0.011111111111111112
0 0.3211446060839204 0.6951208429875887 0.004629629629629629 0.011111111111111112
0 0.17085115972500836 0.8444446542087014 0.004629629629629629 0.011111111111111112
0 0.4370995658108234 0.5799139797750529 0.004629629629629629 0.011111111111111112
0 0.30502193957018214 0.7111394922980127 0.004629629629629629 0.011111111111111112
0 0.44457708156414083 0.5724847060588537 0.004629629629629629 0.011111111111111112
0 0.3954346321784631 0.6213101073839786 0.004629629629629629 0.011111111111111112
0 0.228352556481078 0.7873142342058967 0.004629629629629629 0.011111111111111112
0 0.16963856518644305 0.8456494255566953 0.004629629629629629 0.011111111111111112
0 0.5371347995947736 0.4805241345961605 0.004629629629629629 0.011111111111111112
0 0.3600576111338559 0.6564588895831367 0.004629629629629629 0.011111111111111112
0 0.5666611064651592 0.4511883200281644 0.004629629629629629 0.011111111111111112
0 0.706802999335298 0.3119505684023493 0.004629629629629629 0.011111111111111112
0 0.3342478666549428 0.6821021195815408 0.004629629629629629 0.011111111111111112
0 0.8647727272727275 0.155 0.004629629629629629 0.011111111111111112
0 0.16022727272727275 0.855 0.004629629629629629 0.011111111111111112
0 0.6368619972143962 0.38144033825150325 0.004629629629629629 0.011111111111111112
