0 0.5211075296403189 0.49644800280897355 0.004629629629629629 0.011111111111111112
0 0.1872332699035563 0.8281682350635634 0.004629629629629629 0.011111111111111112
0 0.19509421454970202 0.8203580061893283 0.004629629629629629 0.011111111111111112
0 0.3088621222826774 0.707324084957856 0.004629629629629629 0.011111111111111112
0 0.18403665329973085 0.831344228334461 0.004629629629629629 0.011111111111111112
0 0.4386208656412662 0.5784024947822258 0.004629629629629629 0.011111111111111112
0 0.2597540318694849 0.756115348981286 0.004629629629629629 0.011111111111111112
0 0.25999978798510165 0.7558711783889958 0.004629629629629629 0.011111111111111112
0 0.8647727272727272 0.1550000000000001 0.004629629629629629 0.011111111111111112
0 0.5260733606570985 0.491514209411657 0.004629629629629629 0.011111111111111112
0 0.521553401868974 0.4960050071753419 0.004629629629629629 0.011111111111111112
0 0.2752165975812775 0.7407525417579566 0.004629629629629629 0.011111111111111112
0 0.2576429060580551 0.7582128546261904 0.004629629629629629 0.011111111111111112
0 0.45598727219477847 0.561148129561317 0.004629629629629629 0.011111111111111112
0 0.6519099675210109 0.3664894516242859 0.004629629629629629 0.011111111111111112
0 0.5012284752800013 0.5161988052056762 0.004629629629629629 0.011111111111111112
0 0.22064776045647827 0.7949693218690475 0.004629629629629629 0.011111111111111112
0 0.3638234672008908 0.6527173293616957 0.004629629629629629 0.011111111111111112
0 0.21387871051332358 0.8016947005222463 0.004629629629629629 0.011111111111111112
0 0.2757873629124629 0.7401854587837465 0.004629629629629629 0.011111111111111112
0 0.7410670287267209 0.2779075972650644 0.004629629629629629 0.011111111111111112
0 0.22993499616195615 0.7857420038132823 0.004629629629629629 0.011111111111111112
0 0.26160821342764773 0.7542731298847888 0.004629629629629629 0.011111111111111112
0 0.6016772233040414 0.4163981136205009 0.004629629629629629 0.011111111111111112
0 0.16022727272727275 0.855 0.004629629629629629 0.011111111111111112
0 0.3651991239052664 0.6513505478618644 0.004629629629629629 0.011111111111111112
0 0.4376477559697981 0.5793693263267812 0.004629629629629629 0.011111111111111112
0 0.4631013856224682 0.5540799136396123 0.004629629629629629 0.011111111111111112
0 0.2368222967683083 0.7788991374043905 0.004629629629629629 0.011111111111111112
0 0.25749741674415816 0.7583574052993527 0.004629629629629629 0.011111111111111112
