0 0.6503954596979394 0.36799418842914405 0.004629629629629629 0.011111111111111112
0 0.5818333781364561 0.43611393398055326 0.004629629629629629 0.011111111111111112
0 0.579417850018714 0.43851387804592284 0.004629629629629629 0.011111111111111112
0 0.568697843301472 0.4491647234295052 0.004629629629629629 0.011111111111111112
0 0.5654091279860413 0.45243222122677185 0.004629629629629629 0.011111111111111112
0 0.4621147514646798 0.5550601824157375 0.004629629629629629 0.011111111111111112
0 0.6126188790999575 0.40552704915230026 0.004629629629629629 0.011111111111111112
0 0.16022727272727266 0.855 0.004629629629629629 0.011111111111111112
0 0.6517656214607271 0.36663286641966464 0.004629629629629629 0.011111111111111112
0 0.493058291090978 0.5243162785289637 0.004629629629629629 0.011111111111111112
0 0.3841282214382087 0.632543573538812 0.004629629629629629 0.011111111111111112
0 0.36162577186695705 0.6549008460160556 0.004629629629629629 0.011111111111111112
0 0.4801363991779427 0.5371548033973989 0.004629629629629629 0.011111111111111112
0 0.6038022407376388 0.4142868059767975 0.004629629629629629 0.011111111111111112
0 0.49712336325612666 0.5202774326358482 0.004629629629629629 0.011111111111111112
0 0.43209953245299215 0.5848817548531562 0.004629629629629629 0.011111111111111112
0 0.41606238023007514 0.6008154415778607 0.004629629629629629 0.011111111111111112
0 0.8647727272727271 0.155 0.004629629629629629 0.011111111111111112
0 0.5106043748568126 0.5068833953035539 0.004629629629629629 0.011111111111111112
0 0.6465356764855043 0.37182906981440206 0.004629629629629629 0.011111111111111112
0 0.8099279875051579 0.20949090273681087 0.004629629629629629 0.011111111111111112
0 0.4700949395934224 0.5471314793716964 0.004629629629629629 0.011111111111111112
0 0.25698949532143855 0.7588620498096675 0.004629629629629629 0.011111111111111112
0 0.44217909804099653 0.5748672187205582 0.004629629629629629 0.011111111111111112
0 0.5967094286905007 0.4213338579462122 0.004629629629629629 0.011111111111111112
0 0.3093181732748241 0.7068709762301746 0.004629629629629629 0.011111111111111112
0 0.5884002210685543 0.4295894577770492 0.004629629629629629 0.011111111111111112
0 0.3624234840774429 0.65410828033596 0.004629629629629629 0.011111111111111112
0 0.4716315212806093 0.5456048111147493 0.004629629629629629 0.011111111111111112
0 0.6326653956148046 0.385609865002065 0.004629629629629629 0.011111111111111112
