0 0.3270426615924859 0.6892608394500462 0.004629629629629629 0.011111111111111112
0 0.3024552114200002 0.7136896609117417 0.004629629629629629 0.011111111111111112
0 0.5795508061126411 0.43838177973324693 0.004629629629629629 0.011111111111111112
0 0.16022727272727275 0.855 0.004629629629629629 0.011111111111111112
0 0.727183512580396 0.29170154233947754 0.004629629629629629 0.011111111111111112
0 0.1799927772795212 0.8353620148319596 0.004629629629629629 0.011111111111111112
0 0.18750492184794784 0.8278983357123615 0.004629629629629629 0.011111111111111112
0 0.28782027099004764 0.7282301823711784 0.004629629629629629 0.011111111111111112
0 0.20897788780121515 0.8065639050233089 0.004629629629629629 0.011111111111111112
0 0.216602761979302 0.7989882235818547 0.004629629629629629 0.011111111111111112
0 0.8647727272727272 0.155 0.004629629629629629 0.011111111111111112
0 0.16246263667496907 0.852779057755192 0.004629629629629629 0.011111111111111112
0 0.7333583529697942 0.285566539630011 0.004629629629629629 0.011111111111111112
0 0.5896739723128642 0.4283239242827027 0.004629629629629629 0.011111111111111112
0 0.3476507673830532 0.6687856891807085 0.004629629629629629 0.011111111111111112
0 0.2262588491196902 0.7893944337778562 0.004629629629629629 0.011111111111111112
0 0.23507037696222643 0.780639754502046 0.004629629629629629 0.011111111111111112
0 0.4755588066542157 0.5417028630661341 0.004629629629629629 0.011111111111111112
0 0.24068559055605696 0.7750607680926919 0.004629629629629629 0.011111111111111112
0 0.2656349964923276 0.7502723260656874 0.004629629629629629 0.011111111111111112
0 0.24990668982258693 0.7658991597891717 0.004629629629629629 0.011111111111111112
0 0.7409396726320477 0.278034131707514 0.004629629629629629 0.011111111111111112
0 0.31449565809213537 0.7017268945407171 0.004629629629629629 0.011111111111111112
0 0.39150163067551913 0.6252177346836778 0.004629629629629629 0.011111111111111112
0 0.3510563924315749 0.6654020359066933 0.004629629629629629 0.011111111111111112
0 0.29700129648265694 0.7191083893011021 0.004629629629629629 0.011111111111111112
0 0.2726664023018878 0.7432862841645761 0.004629629629629629 0.011111111111111112
0 0.2651022914451607 0.7508015943060984 0.004629629629629629 0.011111111111111112
0 0.17764196341938723 0.8376976621510605 0.004629629629629629 0.011111111111111112
0 0.37692281709751696 0.6397024913998864 0.004629629629629629 0.011111111111111112
