0 0.17595378664461211 0.8393749474627725 0.004629629629629629 0.011111111111111112
0 0.2562580723667165 0.7595887539066172 0.004629629629629629 0.011111111111111112
0 0.27358342267861746 0.7423751800483415 0.004629629629629629 0.011111111111111112
0 0.16022727272727275 0.855 0.004629629629629629 0.011111111111111112
0 0.47893190092894 0.5383515306899563 0.004629629629629629 0.011111111111111112
0 0.35540735180553895 0.6610791472383678 0.004629629629629629 0.011111111111111112
0 0.2518437488453343 0.7639745979214099 0.004629629629629629 0.011111111111111112
0 0.8647727272727272 0.155 0.004629629629629629 0.011111111111111112
0 0.42695900069945575 0.5899891218857021 0.004629629629629629 0.011111111111111112
0 0.21240217908240594 0.8031617059439322 0.004629629629629629 0.011111111111111112
0 0.4292991924195052 0.5876640281767498 0.004629629629629629 0.011111111111111112
0 0.45266971410118884 0.5644442840543027 0.004629629629629629 0.011111111111111112
0 0.40343236545288486 0.6133639723887466 0.004629629629629629 0.011111111111111112
0 0.21494280409652675 0.8006374720589347 0.004629629629629629 0.011111111111111112
0 0.4775438091119155 0.5397306670759033 0.004629629629629629 0.011111111111111112
0 0.22626205550631312 0.7893912480775985 0.004629629629629629 0.011111111111111112
0 0.2103067055975597 0.8052436602450053 0.004629629629629629 0.011111111111111112
0 0.7737294384234235 0.24545591279221163 0.004629629629629629 0.011111111111111112
0 0.24255956688135596 0.7731988819372334 0.004629629629629629 0.011111111111111112
0 0.6121861769764414 0.4059569596492131 0.004629629629629629 0.011111111111111112
0 0.16886732515006525 0.846415689850903 0.004629629629629629 0.011111111111111112
0 0.16432836980432705 0.8509253616137654 0.004629629629629629 0.011111111111111112
0 0.36004574950465873 0.6564706746856939 0.004629629629629629 0.011111111111111112
0 0.2491305894702713 0.7666702530424402 0.004629629629629629 0.011111111111111112
0 0.33170949209818257 0.6846241175282574 0.004629629629629629 0.011111111111111112
0 0.2839779353364777 0.7320477287624673 0.004629629629629629 0.011111111111111112
0 0.21536992525507978 0.8002131065207594 0.004629629629629629 0.011111111111111112
0 0.4921252666530301 0.5252432834544088 0.004629629629629629 0.011111111111111112
0 0.16098445261760835 0.854247705141215 0.004629629629629629 0.011111111111111112
0 0.4176146606146177 0.5992731759054766 0.004629629629629629 0.011111111111111112
