0 0.7687111995561126 0.25044177592489464 0.004629629629629629 0.011111111111111112
0 0.6311596667570031 0.3871058794801387 0.004629629629629629 0.011111111111111112
0 0.8066116490392833 0.21278584547064736 0.004629629629629629 0.011111111111111112
0 0.8647727272727272 0.1550000000000001 0.004629629629629629 0.011111111111111112
0 0.7113637420337363 0.30741924985035224 0.004629629629629629 0.011111111111111112
0 0.564982408269002 0.45285618791337867 0.004629629629629629 0.011111111111111112
0 0.6303883450712168 0.3878722248969847 0.004629629629629629 0.011111111111111112
0 0.7100874685242563 0.3086872893371907 0.004629629629629629 0.011111111111111112
0 0.7657125792529712 0.2534210502905963 0.004629629629629629 0.011111111111111112
0 0.5216158156362257 0.4959429960775564 0.004629629629629629 0.011111111111111112
0 0.664197380520903 0.35428131225665116 0.004629629629629629 0.011111111111111112
0 0.7814199065491054 0.23781506058992102 0.004629629629629629 0.011111111111111112
0 0.17597407172618337 0.8393547932526952 0.004629629629629629 0.011111111111111112
0 0.6344107328495224 0.3838757880075713 0.004629629629629629 0.011111111111111112
0 0.4763989006990166 0.5408681889829126 0.004629629629629629 0.011111111111111112
0 0.7906792391414857 0.22861546562716886 0.004629629629629629 0.011111111111111112
0 0.5711002170730626 0.4467778488435378 0.004629629629629629 0.011111111111111112
0 0.8212328413847177 0.19825898339840944 0.004629629629629629 0.011111111111111112
0 0.6008240339507012 0.4172457985264001 0.004629629629629629 0.011111111111111112
0 0.7890187004849746 0.23026529113105756 0.004629629629629629 0.011111111111111112
0 0.7791370695684554 0.24008316959005072 0.004629629629629629 0.011111111111111112
0 0.5875964602204433 0.43038803307130147 0.004629629629629629 0.011111111111111112
0 0.5257449280501691 0.49184052309854154 0.004629629629629629 0.011111111111111112
0 0.8110246828831336 0.20840128281288672 0.004629629629629629 0.011111111111111112
0 0.5669325491373284 0.4509186285990414 0.004629629629629629 0.011111111111111112
0 0.7935734444982078 0.22573993256307096 0.004629629629629629 0.011111111111111112
0 0.1602272727272728 0.855 0.004629629629629629 0.011111111111111112
0 0.5277685940671618 0.48982991299133605 0.004629629629629629 0.011111111111111112
0 0.42539313461074224 0.5915448856125529 0.004629629629629629 0.011111111111111112
0 0.817848656598708 0.20162133473418692 0.004629629629629629 0.011111111111111112
