0 0.5571510813098826 0.46063699018243925 0.004629629629629629 0.011111111111111112
0 0.16022727272727275 0.855 0.004629629629629629 0.011111111111111112
0 0.7423946657623774 0.2765885256296382 0.004629629629629629 0.011111111111111112
0 0.7787298734176774 0.24048773866888837 0.004629629629629629 0.011111111111111112
0 0.280506274123518 0.7354969921611499 0.004629629629629629 0.011111111111111112
0 0.6541188438383316 0.36429482612191566 0.004629629629629629 0.011111111111111112
0 0.47344743239368475 0.5438006155572424 0.004629629629629629 0.011111111111111112
0 0.32753595651139544 0.6887707270790007 0.004629629629629629 0.011111111111111112
0 0.44581066216867743 0.5712590840388625 0.004629629629629629 0.011111111111111112
0 0.21312418547052175 0.8024443576615462 0.004629629629629629 0.011111111111111112
0 0.35984338256576714 0.6566717360314315 0.004629629629629629 0.011111111111111112
0 0.4874169510791749 0.5299212227987554 0.004629629629629629 0.011111111111111112
0 0.23964087747296398 0.7760987410913778 0.004629629629629629 0.011111111111111112
0 0.3163196510474753 0.6999146692818633 0.004629629629629629 0.011111111111111112
0 0.26214647684726183 0.753738339132398 0.004629629629629629 0.011111111111111112
0 0.2708600580784661 0.7450809745542983 0.004629629629629629 0.011111111111111112
0 0.8647727272727275 0.155 0.004629629629629629 0.011111111111111112
0 0.2480831908137419 0.7677108942882823 0.004629629629629629 0.011111111111111112
0 0.3641154411768032 0.6524272390888537 0.004629629629629629 0.011111111111111112
0 0.17959274308948467 0.835759468156254 0.004629629629629629 0.011111111111111112
0 0.2833712463381677 0.7326505036382076 0.004629629629629629 0.011111111111111112
0 0.2435042631270863 0.7722602805059918 0.004629629629629629 0.011111111111111112
0 0.32934835149243524 0.6869700249688063 0.004629629629629629 0.011111111111111112
0 0.26211379092012776 0.7537708141825828 0.004629629629629629 0.011111111111111112
0 0.1651100306724121 0.8501487437190228 0.004629629629629629 0.011111111111111112
0 0.5086257185930497 0.5088492860430346 0.004629629629629629 0.011111111111111112
0 0.6687890944696966 0.3497192222688177 0.004629629629629629 0.011111111111111112
0 0.39389158898463744 0.6228431954604248 0.004629629629629629 0.011111111111111112
0 0.19028373923475084 0.825137446179667 0.004629629629629629 0.011111111111111112
0 0.3142644060100733 0.7019566546738627 0.004629629629629629 0.011111111111111112
