0 0.2128548713462988 0.8027119342752902 0.004629629629629629 0.011111111111111112
0 0.3615366496646586 0.6549893932364038 0.004629629629629629 0.011111111111111112
0 0.25424456294247666 0.7615892729474748 0.004629629629629629 0.011111111111111112
0 0.18988673737365705 0.825531886738431 0.004629629629629629 0.011111111111111112
0 0.22366965959324786 0.7919669188557408 0.004629629629629629 0.011111111111111112
0 0.45807746282718936 0.5590714240297603 0.004629629629629629 0.011111111111111112
0 0.2814357547351426 0.7345735081986325 0.004629629629629629 0.011111111111111112
0 0.23107507712490039 0.7846092782113894 0.004629629629629629 0.011111111111111112
0 0.2366652144578785 0.7790552062805594 0.004629629629629629 0.011111111111111112
0 0.30419017890174505 0.7119658867685889 0.004629629629629629 0.011111111111111112
0 0.1656202261818687 0.8496418397934982 0.004629629629629629 0.011111111111111112
0 0.4921502212350731 0.5252184898696693 0.004629629629629629 0.011111111111111112
0 0.16022727272727272 0.855 0.004629629629629629 0.011111111111111112
0 0.4195155358879309 0.5973845643436041 0.004629629629629629 0.011111111111111112
0 0.6458764429423941 0.3724840502378794 0.004629629629629629 0.011111111111111112
0 0.3752084438470619 0.6414058041777578 0.004629629629629629 0.011111111111111112
0 0.16455292683745543 0.8507022533356894 0.004629629629629629 0.011111111111111112
0 0.2728513360766227 0.7431025435109684 0.004629629629629629 0.011111111111111112
0 0.21676586547841958 0.7988261723633766 0.004629629629629629 0.011111111111111112
0 0.8647727272727272 0.1550000000000001 0.004629629629629629 0.011111111111111112
0 0.6303890449665647 0.3878715295170906 0.004629629629629629 0.011111111111111112
0 0.24727339361402287 0.7685154669899387 0.004629629629629629 0.011111111111111112
0 0.4171227947755637 0.5997618684165367 0.004629629629629629 0.011111111111111112
0 0.18118011489262495 0.834182337461521 0.004629629629629629 0.011111111111111112
0 0.3822568671302903 0.634402854593131 0.004629629629629629 0.011111111111111112
0 0.38921078901893874 0.6274937967166674 0.004629629629629629 0.011111111111111112
0 0.20685122911614517 0.8086768433297654 0.004629629629629629 0.011111111111111112
0 0.1870132774630487 0.8283868081980033 0.004629629629629629 0.011111111111111112
0 0.1978237237798791 0.8176461066961201 0.004629629629629629 0.011111111111111112
0 0.48581910259579586 0.5315087625822417 0.004629629629629629 0.011111111111111112
