0 0.23058707148355925 0.7850941354292379 0.004629629629629629 0.011111111111111112
0 0.5323702481535668 0.48525794699581104 0.004629629629629629 0.011111111111111112
0 0.5373394886215953 0.48032076614370534 0.004629629629629629 0.011111111111111112
0 0.4068126507209447 0.6100054954127389 0.004629629629629629 0.011111111111111112
0 0.46928330175936245 0.5479378808326335 0.004629629629629629 0.011111111111111112
0 0.31030481308803576 0.7058907018351128 0.004629629629629629 0.011111111111111112
0 0.22327134650413938 0.7923626621829841 0.004629629629629629 0.011111111111111112
0 0.17257747465720435 0.8427294767921969 0.004629629629629629 0.011111111111111112
0 0.4292630073280194 0.5876999798160323 0.004629629629629629 0.011111111111111112
0 0.23513498639429462 0.7805755619050234 0.004629629629629629 0.011111111111111112
0 0.30671211285630107 0.709460223355675 0.004629629629629629 0.011111111111111112
0 0.6240194399288967 0.3942000403287091 0.004629629629629629 0.011111111111111112
0 0.16022727272727272 0.855 0.004629629629629629 0.011111111111111112
0 0.31919266727596124 0.6970601886419481 0.004629629629629629 0.011111111111111112
0 0.38203512180057764 0.6346231693078133 0.004629629629629629 0.011111111111111112
0 0.5005410308532727 0.516881814507071 0.004629629629629629 0.011111111111111112
0 0.3567426253286834 0.6597524883831146 0.004629629629629629 0.011111111111111112
0 0.4609433227479073 0.5562240535278856 0.004629629629629629 0.011111111111111112
0 0.3146576351826155 0.7015659624637239 0.004629629629629629 0.011111111111111112
0 0.23331145888080107 0.7823873247248815 0.004629629629629629 0.011111111111111112
0 0.36483244904460754 0.6517148570782609 0.004629629629629629 0.011111111111111112
0 0.8647727272727272 0.155 0.004629629629629629 0.011111111111111112
0 0.5765516649336261 0.44136157161433287 0.004629629629629629 0.011111111111111112
0 0.6626210851659425 0.35584743796416046 0.004629629629629629 0.011111111111111112
0 0.3375075559259084 0.6788634605639361 0.004629629629629629 0.011111111111111112
0 0.44957820484803324 0.5675158480864703 0.004629629629629629 0.011111111111111112
0 0.5726012571110463 0.44528649293483147 0.004629629629629629 0.011111111111111112
0 0.4369872895091773 0.5800255317134626 0.004629629629629629 0.011111111111111112
0 0.647217685589788 0.3711514607688558 0.004629629629629629 0.011111111111111112
0 0.4628614399985465 0.5543183112272506 0.004629629629629629 0.011111111111111112
