0 0.5349401541049974 0.48270462108277684 0.004629629629629629 0.011111111111111112
0 0.85829848697043 0.1614324710100243 0.004629629629629629 0.011111111111111112
0 0.8522464561687858 0.16744545645165795 0.004629629629629629 0.011111111111111112
0 0.7501593266654966 0.2688739593129906 0.004629629629629629 0.011111111111111112
0 0.8310774157608848 0.18847792240531452 0.004629629629629629 0.011111111111111112
0 0.7634665745485555 0.2556525646420805 0.004629629629629629 0.011111111111111112
0 0.5629726925292305 0.4548529377451516 0.004629629629629629 0.011111111111111112
0 0.5285220126739791 0.48908135514972406 0.004629629629629629 0.011111111111111112
0 0.8345870222307075 0.18499095855787756 0.004629629629629629 0.011111111111111112
0 0.16022727272727272 0.855 0.004629629629629629 0.011111111111111112
0 0.7984305125253266 0.2209142004587077 0.004629629629629629 0.011111111111111112
0 0.8465576902160945 0.1730975206885255 0.004629629629629629 0.011111111111111112
0 0.42316782127707453 0.5937558420860034 0.004629629629629629 0.011111111111111112
0 0.48136793733432265 0.5359312106484795 0.004629629629629629 0.011111111111111112
0 0.8356837414199275 0.18390131497633003 0.004629629629629629 0.011111111111111112
0 0.5613208218903262 0.4564941511541276 0.004629629629629629 0.011111111111111112
0 0.8162020779945928 0.20325729025053352 0.004629629629629629 0.011111111111111112
0 0.7797455742932979 0.2394785907021428 0.004629629629629629 0.011111111111111112
0 0.8613647875895875 0.1583859529755066 0.004629629629629629 0.011111111111111112
0 0.7481814797580126 0.27083904591784563 0.004629629629629629 0.011111111111111112
0 0.6564767841508001 0.361952098327592 0.004629629629629629 0.011111111111111112
0 0.8647727272727271 0.155 0.004629629629629629 0.011111111111111112
0 0.7531053993160486 0.2659468935827647 0.004629629629629629 0.011111111111111112
0 0.6156610462610175 0.40250450887615036 0.004629629629629629 0.011111111111111112
0 0.8512588553143936 0.16842668568763475 0.004629629629629629 0.011111111111111112
0 0.7880764022811029 0.23120150999167846 0.004629629629629629 0.011111111111111112
0 0.628473783137236 0.3897744348184881 0.004629629629629629 0.011111111111111112
0 0.5150255520956697 0.5024907417888185 0.004629629629629629 0.011111111111111112
0 0.8163632017316274 0.2030972060214799 0.004629629629629629 0.011111111111111112
0 0.8296999521940611 0.1898464991104165 0.004629629629629629 0.011111111111111112
