0 0.4672706564977106 0.5499375412861456 0.004629629629629629 0.011111111111111112
0 0.16022727272727275 0.855 0.004629629629629629 0.011111111111111112
0 0.8647727272727272 0.155 0.004629629629629629 0.011111111111111112
0 0.4120123431223304 0.6048393494139427 0.004629629629629629 0.011111111111111112
0 0.4573419650946735 0.5598021766156147 0.004629629629629629 0.011111111111111112
0 0.23686160156255145 0.778860086189465 0.004629629629629629 0.011111111111111112
0 0.2568231926141553 0.7590272795962586 0.004629629629629629 0.011111111111111112
0 0.4665803569488269 0.5506233872895527 0.004629629629629629 0.011111111111111112
0 0.4878104100083769 0.5295303023142578 0.004629629629629629 0.011111111111111112
0 0.2605525390163594 0.7553219934934237 0.004629629629629629 0.011111111111111112
0 0.20048540046009167 0.8150016021235219 0.004629629629629629 0.011111111111111112
0 0.23789750060657455 0.7778308703650808 0.004629629629629629 0.011111111111111112
0 0.5171078110135361 0.5004219167994545 0.004629629629629629 0.011111111111111112
0 0.2443457971506248 0.7714241757342181 0.004629629629629629 0.011111111111111112
0 0.7958713097791569 0.22345689221941825 0.004629629629629629 0.011111111111111112
0 0.769481270722919 0.24967667295916432 0.004629629629629629 0.011111111111111112
0 0.21445995909625234 0.8011172019301751 0.004629629629629629 0.011111111111111112
0 0.3052711685051354 0.710891871291672 0.004629629629629629 0.011111111111111112
0 0.321594113056202 0.6946742360602897 0.004629629629629629 0.011111111111111112
0 0.16812195009049738 0.8471562560391187 0.004629629629629629 0.011111111111111112
0 0.6365441327128671 0.3817561520143126 0.004629629629629629 0.011111111111111112
0 0.3423055377805312 0.6740964334309562 0.004629629629629629 0.011111111111111112
0 0.25511864420091335 0.7607208309229636 0.004629629629629629 0.011111111111111112
0 0.6428365521919823 0.37550432878990136 0.004629629629629629 0.011111111111111112
0 0.38222739807669487 0.6344321335238 0.004629629629629629 0.011111111111111112
0 0.17579320733052411 0.8395344907812857 0.004629629629629629 0.011111111111111112
0 0.342321898898366 0.6740801778687203 0.004629629629629629 0.011111111111111112
0 0.6130844583963622 0.40506447359329173 0.004629629629629629 0.011111111111111112
0 0.3121270161352155 0.7040802549366246 0.004629629629629629 0.011111111111111112
0 0.2510667712876318 0.7647465627206755 0.004629629629629629 0.011111111111111112
