0 0.4829391226197497 0.5343701620423132 0.004629629629629629 0.011111111111111112
0 0.7481092527553631 0.27091080693983294 0.004629629629629629 0.011111111111111112
0 0.3934896261856434 0.6232425649510381 0.004629629629629629 0.011111111111111112
0 0.7848509622073171 0.23440614077466557 0.004629629629629629 0.011111111111111112
0 0.715351743178977 0.30345697774475855 0.004629629629629629 0.011111111111111112
0 0.263972235050063 0.7519243600147762 0.004629629629629629 0.011111111111111112
0 0.3281223708166715 0.6881880960918232 0.004629629629629629 0.011111111111111112
0 0.2369114584674262 0.7788105509420411 0.004629629629629629 0.011111111111111112
0 0.4107349985899778 0.6061084530138284 0.004629629629629629 0.011111111111111112
0 0.8647727272727272 0.155 0.004629629629629629 0.011111111111111112
0 0.45310114563183473 0.5640156359528867 0.004629629629629629 0.011111111111111112
0 0.16022727272727275 0.855 0.004629629629629629 0.011111111111111112
0 0.5569346041761896 0.46085207068946327 0.004629629629629629 0.011111111111111112
0 0.3439520895569272 0.6724605045692467 0.004629629629629629 0.011111111111111112
0 0.8092173110398323 0.21019699419268273 0.004629629629629629 0.011111111111111112
0 0.7171614435708749 0.30165895283925975 0.004629629629629629 0.011111111111111112
0 0.7324972794890506 0.2864220577979755 0.004629629629629629 0.011111111111111112
0 0.23782045808194482 0.7779074158411645 0.004629629629629629 0.011111111111111112
0 0.2222548657614945 0.7933725849853539 0.004629629629629629 0.011111111111111112
0 0.3547088560159813 0.6617731366034768 0.004629629629629629 0.011111111111111112
0 0.8462114027760543 0.17344157401604934 0.004629629629629629 0.011111111111111112
0 0.6444706171295873 0.3738808062067326 0.004629629629629629 0.011111111111111112
0 0.23469051636644697 0.7810171643843044 0.004629629629629629 0.011111111111111112
0 0.5617994885948534 0.45601857262188755 0.004629629629629629 0.011111111111111112
0 0.16536887809280507 0.8498915662819873 0.004629629629629629 0.011111111111111112
0 0.6566326003522611 0.36179728739194705 0.004629629629629629 0.011111111111111112
0 0.5621442067078181 0.45567607849674846 0.004629629629629629 0.011111111111111112
0 0.23232283859253083 0.7833695668177436 0.004629629629629629 0.011111111111111112
0 0.474568132855548 0.5426871454209393 0.004629629629629629 0.011111111111111112
0 0.7458597903762173 0.2731457566584679 0.004629629629629629 0.011111111111111112
