0 0.3652643155003753 0.6512857768576916 0.004629629629629629 0.011111111111111112
0 0.34834248072205515 0.6680984385084097 0.004629629629629629 0.011111111111111112
0 0.33612105999295816 0.6802410113618351 0.004629629629629629 0.011111111111111112
0 0.28841882426257875 0.7276354907326636 0.004629629629629629 0.011111111111111112
0 0.5136754773590915 0.5038321063658058 0.004629629629629629 0.011111111111111112
0 0.4325973522752268 0.5843871467717102 0.004629629629629629 0.011111111111111112
0 0.2873048601823755 0.7287422679478334 0.004629629629629629 0.011111111111111112
0 0.2916199322567379 0.7244550350481442 0.004629629629629629 0.011111111111111112
0 0.4301387067878442 0.5868299300301419 0.004629629629629629 0.011111111111111112
0 0.21368784539147062 0.8018843342562163 0.004629629629629629 0.011111111111111112
0 0.8647727272727272 0.155 0.004629629629629629 0.011111111111111112
0 0.28490806479419356 0.7311236001399625 0.004629629629629629 0.011111111111111112
0 0.588934358844038 0.42905876605173 0.004629629629629629 0.011111111111111112
0 0.19100241038245358 0.8244234116200139 0.004629629629629629 0.011111111111111112
0 0.5071794054164536 0.5102862681668785 0.004629629629629629 0.011111111111111112
0 0.2902918818933333 0.7257745173446882 0.004629629629629629 0.011111111111111112
0 0.31521175437262805 0.7010154182362276 0.004629629629629629 0.011111111111111112
0 0.16279669290976953 0.8524471567219064 0.004629629629629629 0.011111111111111112
0 0.4090146108530596 0.6078177414750247 0.004629629629629629 0.011111111111111112
0 0.560291520620747 0.4575168117703546 0.004629629629629629 0.011111111111111112
0 0.28905160799200996 0.7270067894789063 0.004629629629629629 0.011111111111111112
0 0.2809886776855733 0.7350177008801401 0.004629629629629629 0.011111111111111112
0 0.16022727272727275 0.855 0.004629629629629629 0.011111111111111112
0 0.2262186425444157 0.7894343809558709 0.004629629629629629 0.011111111111111112
0 0.4693793538600567 0.5478424484229115 0.004629629629629629 0.011111111111111112
0 0.4076050362379296 0.6092182220603797 0.004629629629629629 0.011111111111111112
0 0.3657109088605476 0.6508420647450044 0.004629629629629629 0.011111111111111112
0 0.20292428782873279 0.8125784495120978 0.004629629629629629 0.011111111111111112
0 0.19895771290837144 0.8165194336265212 0.004629629629629629 0.011111111111111112
0 0.3163044704857692 0.6999297519044616 0.004629629629629629 0.011111111111111112
