0 0.4296654339067527 0.587300149537807 0.004629629629629629 0.011111111111111112
0 0.32767510581896253 0.6886324755089017 0.004629629629629629 0.011111111111111112
0 0.2805924761218402 0.7354113463047524 0.004629629629629629 0.011111111111111112
0 0.24277949005264352 0.7729803776251155 0.004629629629629629 0.011111111111111112
0 0.8647727272727272 0.155 0.004629629629629629 0.011111111111111112
0 0.7851938377735758 0.23406547730883448 0.004629629629629629 0.011111111111111112
0 0.2541258078911586 0.7617072618371715 0.004629629629629629 0.011111111111111112
0 0.5190362283725704 0.49850594084273653 0.004629629629629629 0.011111111111111112
0 0.3740478766530989 0.6425588838414372 0.004629629629629629 0.011111111111111112
0 0.7643145281151166 0.2548100817436906 0.004629629629629629 0.011111111111111112
0 0.37838739390466664 0.6382473634753635 0.004629629629629629 0.011111111111111112
0 0.32592715188793847 0.6903691523177902 0.004629629629629629 0.011111111111111112
0 0.16710967946853386 0.848161995882876 0.004629629629629629 0.011111111111111112
0 0.4531781967641754 0.5639390819246257 0.004629629629629629 0.011111111111111112
0 0.32568429413750444 0.6906104432440279 0.004629629629629629 0.011111111111111112
0 0.16458912907730344 0.8506662846586791 0.004629629629629629 0.011111111111111112
0 0.21113109289234247 0.8044245915779307 0.004629629629629629 0.011111111111111112
0 0.1649940016891704 0.8502640241281791 0.004629629629629629 0.011111111111111112
0 0.27687273772061166 0.7391070863937149 0.004629629629629629 0.011111111111111112
0 0.5027316582384758 0.5147053202017724 0.004629629629629629 0.011111111111111112
0 0.6292547917279375 0.38899846499288776 0.004629629629629629 0.011111111111111112
0 0.25779268150042434 0.7580640454769978 0.004629629629629629 0.011111111111111112
0 0.18661039778637695 0.8287870886509545 0.004629629629629629 0.011111111111111112
0 0.244382656036554 0.7713875546475528 0.004629629629629629 0.011111111111111112
0 0.6825630035753257 0.3360341770929022 0.004629629629629629 0.011111111111111112
0 0.20604872509690933 0.8094741699037159 0.004629629629629629 0.011111111111111112
0 0.31327443406763145 0.7029402397005468 0.004629629629629629 0.011111111111111112
0 0.653563668812861 0.3648464193730284 0.004629629629629629 0.011111111111111112
0 0.23847852861690355 0.7772535909225603 0.004629629629629629 0.011111111111111112
0 0.16022727272727275 0.855 0.004629629629629629 0.011111111111111112
