0 0.16022727272727275 0.855 0.004629629629629629 0.011111111111111112
0 0.4496608005283257 0.5674337852815344 0.004629629629629629 0.011111111111111112
0 0.19410668705726916 0.8213391625366487 0.004629629629629629 0.011111111111111112
0 0.4812273661299043 0.5360708749419016 0.004629629629629629 0.011111111111111112
0 0.5299872963538919 0.4876255249129075 0.004629629629629629 0.011111111111111112
0 0.6264472124942982 0.39178793081211666 0.004629629629629629 0.011111111111111112
0 0.4574401045275571 0.5597046703403626 0.004629629629629629 0.011111111111111112
0 0.4833826975694825 0.5339294488664498 0.004629629629629629 0.011111111111111112
0 0.5220085703994954 0.4955527752159853 0.004629629629629629 0.011111111111111112
0 0.6000592923048931 0.4180056063551385 0.004629629629629629 0.011111111111111112
0 0.7362482480833619 0.28269528900104696 0.004629629629629629 0.011111111111111112
0 0.6147904185144926 0.403369519669472 0.004629629629629629 0.011111111111111112
0 0.39760328526993544 0.6191554456027739 0.004629629629629629 0.011111111111111112
0 0.674348644294335 0.3441955405075639 0.004629629629629629 0.011111111111111112
0 0.8647727272727272 0.155 0.004629629629629629 0.011111111111111112
0 0.8123651891858347 0.20706942493794508 0.004629629629629629 0.011111111111111112
0 0.6321001550676605 0.386171458836002 0.004629629629629629 0.011111111111111112
0 0.7356986659187518 0.28324132547427255 0.004629629629629629 0.011111111111111112
0 0.5048905951613749 0.5125603119041824 0.004629629629629629 0.011111111111111112
0 0.8134488494413457 0.20599275603892114 0.004629629629629629 0.011111111111111112
0 0.4516796336042049 0.5654279769351772 0.004629629629629629 0.011111111111111112
0 0.5067705958893627 0.5106924402131494 0.004629629629629629 0.011111111111111112
0 0.5448961068577738 0.4728129002832442 0.004629629629629629 0.011111111111111112
0 0.5521703899393884 0.46558554806022073 0.004629629629629629 0.011111111111111112
0 0.4511840136998986 0.5659203992917138 0.004629629629629629 0.011111111111111112
0 0.5582416352279431 0.4595534720961082 0.004629629629629629 0.011111111111111112
0 0.42681079889175105 0.5901363675527119 0.004629629629629629 0.011111111111111112
0 0.46842367148117026 0.5487919651090309 0.004629629629629629 0.011111111111111112
0 0.5300627699292673 0.48755053826382494 0.004629629629629629 0.011111111111111112
0 0.4069403621224788 0.6098786079557308 0.004629629629629629 0.011111111111111112
