0 0.4630889420536632 0.5540922769273282 0.004629629629629629 0.011111111111111112
0 0.5337230629379042 0.483913860048792 0.004629629629629629 0.011111111111111112
0 0.3923318893723743 0.6243928324945442 0.004629629629629629 0.011111111111111112
0 0.20579302025879834 0.8097282250331939 0.004629629629629629 0.011111111111111112
0 0.8647727272727272 0.155 0.004629629629629629 0.011111111111111112
0 0.3758447224487671 0.6407736305992895 0.004629629629629629 0.011111111111111112
0 0.4324695110902865 0.5845141631748122 0.004629629629629629 0.011111111111111112
0 0.21049789664538565 0.8050537026878104 0.004629629629629629 0.011111111111111112
0 0.5388252028887195 0.47884463712991737 0.004629629629629629 0.011111111111111112
0 0.29074141514165586 0.725327884310871 0.004629629629629629 0.011111111111111112
0 0.3646635360590357 0.6518826803026355 0.004629629629629629 0.011111111111111112
0 0.30111979985746784 0.7150164569158062 0.004629629629629629 0.011111111111111112
0 0.25481637776057947 0.7610211472572307 0.004629629629629629 0.011111111111111112
0 0.2000418099674109 0.8154423307420564 0.004629629629629629 0.011111111111111112
0 0.3297255641462068 0.686595245945059 0.004629629629629629 0.011111111111111112
0 0.6484816746132472 0.36989562651328994 0.004629629629629629 0.011111111111111112
0 0.16022727272727275 0.855 0.004629629629629629 0.011111111111111112
0 0.31213755033097573 0.7040697887034176 0.004629629629629629 0.011111111111111112
0 0.6215787804193024 0.39662495364791905 0.004629629629629629 0.011111111111111112
0 0.2923763456276773 0.723703501763469 0.004629629629629629 0.011111111111111112
0 0.46197182039059714 0.5552021913538583 0.004629629629629629 0.011111111111111112
0 0.39083546382414114 0.6258796036844018 0.004629629629629629 0.011111111111111112
0 0.3273114708655661 0.6889937644303408 0.004629629629629629 0.011111111111111112
0 0.7424123539667359 0.27657095154272704 0.004629629629629629 0.011111111111111112
0 0.4502041651549309 0.5668939262331653 0.004629629629629629 0.011111111111111112
0 0.4796905726514104 0.5375977536237599 0.004629629629629629 0.011111111111111112
0 0.5752381798298877 0.44266658262062764 0.004629629629629629 0.011111111111111112
0 0.20427345262181593 0.8112379890080021 0.004629629629629629 0.011111111111111112
0 0.46160716673668817 0.5555644924035484 0.004629629629629629 0.011111111111111112
0 0.4694881080707533 0.5477343958522838 0.004629629629629629 0.011111111111111112
