0 0.582186180432492 0.4357634078283628 0.004629629629629629 0.011111111111111112
0 0.6383163704126205 0.3799953481061706 0.004629629629629629 0.011111111111111112
0 0.16022727272727272 0.855 0.004629629629629629 0.011111111111111112
0 0.6687816544128773 0.34972661432527025 0.004629629629629629 0.011111111111111112
0 0.46757774360162235 0.5496324353893558 0.004629629629629629 0.011111111111111112
0 0.3924119069849303 0.6243133311246499 0.004629629629629629 0.011111111111111112
0 0.21082659037556198 0.8047271295623448 0.004629629629629629 0.011111111111111112
0 0.29387613659727885 0.722213386864639 0.004629629629629629 0.011111111111111112
0 0.5485150654918327 0.46921728976940486 0.004629629629629629 0.011111111111111112
0 0.6513213607427503 0.36707426093946105 0.004629629629629629 0.011111111111111112
0 0.5458871056892085 0.4718282949926573 0.004629629629629629 0.011111111111111112
0 0.6103160736179764 0.4078149978247203 0.004629629629629629 0.011111111111111112
0 0.3063775623912609 0.7097926154306182 0.004629629629629629 0.011111111111111112
0 0.29775855379676774 0.7183560175180501 0.004629629629629629 0.011111111111111112
0 0.2663364599268585 0.7495753882017018 0.004629629629629629 0.011111111111111112
0 0.3280941784523606 0.6882161065699126 0.004629629629629629 0.011111111111111112
0 0.4921259701363626 0.5252425845096784 0.004629629629629629 0.011111111111111112
0 0.44716157133482387 0.5699168904157234 0.004629629629629629 0.011111111111111112
0 0.4126775647314995 0.6041784195570908 0.004629629629629629 0.011111111111111112
0 0.7835900302379872 0.2356589376990321 0.004629629629629629 0.011111111111111112
0 0.6484393336668042 0.36993769429233636 0.004629629629629629 0.011111111111111112
0 0.8647727272727272 0.155 0.004629629629629629 0.011111111111111112
0 0.6838948684161144 0.3347109049285058 0.004629629629629629 0.011111111111111112
0 0.7858971811100152 0.23336667167133976 0.004629629629629629 0.011111111111111112
0 0.7583178619278923 0.260768059761965 0.004629629629629629 0.011111111111111112
0 0.43437555724088206 0.5826204140961558 0.004629629629629629 0.011111111111111112
0 0.35735801278523904 0.6591410711682141 0.004629629629629629 0.011111111111111112
0 0.688732138250353 0.3299048432867461 0.004629629629629629 0.011111111111111112
0 0.6881800437928431 0.33045337584453 0.004629629629629629 0.011111111111111112
0 0.8634669139822783 0.1562973886885752 0.004629629629629629 0.011111111111111112
