0 0.5578827228186466 0.4599100689414737 0.004629629629629629 0.011111111111111112
0 0.37427109238263856 0.6423371082133783 0.004629629629629629 0.011111111111111112
0 0.29412038322593226 0.7219707160206866 0.004629629629629629 0.011111111111111112
0 0.48243172927635025 0.5348742818802714 0.004629629629629629 0.011111111111111112
0 0.3569129321311134 0.6595832803342485 0.004629629629629629 0.011111111111111112
0 0.426726342169996 0.590220279392391 0.004629629629629629 0.011111111111111112
0 0.36856103247637717 0.6480103290234703 0.004629629629629629 0.011111111111111112
0 0.21402632280147557 0.8015480405714371 0.004629629629629629 0.011111111111111112
0 0.7723481613309335 0.24682827841958851 0.004629629629629629 0.011111111111111112
0 0.3228364254866603 0.6934399385487373 0.004629629629629629 0.011111111111111112
0 0.8647727272727271 0.155 0.004629629629629629 0.011111111111111112
0 0.5383617863523943 0.47930506388213723 0.004629629629629629 0.011111111111111112
0 0.4004954014178126 0.6162819882687538 0.004629629629629629 0.011111111111111112
0 0.4279817527654375 0.5889729682201459 0.004629629629629629 0.011111111111111112
0 0.41524856076787053 0.6016240105919222 0.004629629629629629 0.011111111111111112
0 0.4995142592118003 0.5179019618153725 0.004629629629629629 0.011111111111111112
0 0.36028667695745353 0.6562313016035622 0.004629629629629629 0.011111111111111112
0 0.7969833891439638 0.22235198756019064 0.004629629629629629 0.011111111111111112
0 0.29407382636324514 0.7220169725165176 0.004629629629629629 0.011111111111111112
0 0.1602272727272726 0.855 0.004629629629629629 0.011111111111111112
0 0.4210881513089623 0.5958220948285148 0.004629629629629629 0.011111111111111112
0 0.47654058313725783 0.540727420624918 0.004629629629629629 0.011111111111111112
0 0.35970999597275877 0.6568042620657751 0.004629629629629629 0.011111111111111112
0 0.50602135068097 0.5114368515814879 0.004629629629629629 0.011111111111111112
0 0.5985736835795317 0.4194816305080782 0.004629629629629629 0.011111111111111112
0 0.43078783037687496 0.5861849943352337 0.004629629629629629 0.011111111111111112
0 0.5342249121676159 0.483415248556046 0.004629629629629629 0.011111111111111112
0 0.45838036786917336 0.5587704732138536 0.004629629629629629 0.011111111111111112
0 0.4491577770585086 0.567933563438643 0.004629629629629629 0.011111111111111112
0 0.2757468858087851 0.7402256747448198 0.004629629629629629 0.011111111111111112
