0 0.6090486186527141 0.4090742756611746 0.004629629629629629 0.011111111111111112
0 0.6774908265158587 0.3410736304294051 0.004629629629629629 0.011111111111111112
0 0.4691967376091405 0.5480238865044669 0.004629629629629629 0.011111111111111112
0 0.8025500833628226 0.21682120749758269 0.004629629629629629 0.011111111111111112
0 0.8370101453546627 0.18258346848633528 0.004629629629629629 0.011111111111111112
0 0.4787715604529448 0.5385108367112678 0.004629629629629629 0.011111111111111112
0 0.7816395179243449 0.23759686606226388 0.004629629629629629 0.011111111111111112
0 0.6561863162549736 0.36224069223699396 0.004629629629629629 0.011111111111111112
0 0.3905124440592484 0.6262005394508114 0.004629629629629629 0.011111111111111112
0 0.6829734091641881 0.3356264192820327 0.004629629629629629 0.011111111111111112
0 0.7126802388132109 0.3061112465984875 0.004629629629629629 0.011111111111111112
0 0.7401713498252055 0.2787974975930217 0.004629629629629629 0.011111111111111112
0 0.575407855175083 0.44249800195507893 0.004629629629629629 0.011111111111111112
0 0.7792673977278675 0.2399536822574737 0.004629629629629629 0.011111111111111112
0 0.8618547233902062 0.1578991780510212 0.004629629629629629 0.011111111111111112
0 0.6051194189277027 0.41297812571054077 0.004629629629629629 0.011111111111111112
0 0.6332460803921417 0.3850329265781304 0.004629629629629629 0.011111111111111112
0 0.7292121486778491 0.28968599421684665 0.004629629629629629 0.011111111111111112
0 0.8289503198085678 0.19059129515793916 0.004629629629629629 0.011111111111111112
0 0.8647727272727275 0.155 0.004629629629629629 0.011111111111111112
0 0.41104080126259834 0.6058046232616766 0.004629629629629629 0.011111111111111112
0 0.7788846729611474 0.24033393783215046 0.004629629629629629 0.011111111111111112
0 0.841661280585961 0.17796234057910965 0.004629629629629629 0.011111111111111112
0 0.6526226185944521 0.36578139829970585 0.004629629629629629 0.011111111111111112
0 0.1602272727272729 0.855 0.004629629629629629 0.011111111111111112
0 0.7714372836132011 0.24773327950688417 0.004629629629629629 0.011111111111111112
0 0.7658289500420625 0.25330543028078956 0.004629629629629629 0.011111111111111112
0 0.4233701569441562 0.5935548118103222 0.004629629629629629 0.011111111111111112
0 0.794701426850009 0.22461922751676525 0.004629629629629629 0.011111111111111112
0 0.6513410071144767 0.36705474131851995 0.004629629629629629 0.011111111111111112
