0 0.18425518730833798 0.8311271042226835 0.004629629629629629 0.011111111111111112
0 0.24953679445681207 0.7662666687332319 0.004629629629629629 0.011111111111111112
0 0.2380084665149595 0.7777206203657823 0.004629629629629629 0.011111111111111112
0 0.17227657806108346 0.8430284321199558 0.004629629629629629 0.011111111111111112
0 0.17380405080502703 0.8415108140388763 0.004629629629629629 0.011111111111111112
0 0.8647727272727275 0.155 0.004629629629629629 0.011111111111111112
0 0.21305249536808699 0.802515585247191 0.004629629629629629 0.011111111111111112
0 0.30926683919099823 0.7069219791263631 0.004629629629629629 0.011111111111111112
0 0.16022727272727275 0.855 0.004629629629629629 0.011111111111111112
0 0.20397789278787107 0.8115316420043087 0.004629629629629629 0.011111111111111112
0 0.20755454004261617 0.8079780698931427 0.004629629629629629 0.011111111111111112
0 0.21097516096650762 0.8045795174913407 0.004629629629629629 0.011111111111111112
0 0.20712382942595564 0.8084060017316312 0.004629629629629629 0.011111111111111112
0 0.22267825487150936 0.7929519274179843 0.004629629629629629 0.011111111111111112
0 0.26053959369929736 0.755334855292311 0.004629629629629629 0.011111111111111112
0 0.20877323286544516 0.8067672396046545 0.004629629629629629 0.011111111111111112
0 0.21736916976492784 0.7982267603625878 0.004629629629629629 0.011111111111111112
0 0.17605144905902906 0.8392779151284485 0.004629629629629629 0.011111111111111112
0 0.22830103995742354 0.7873654183648824 0.004629629629629629 0.011111111111111112
0 0.18845642570731103 0.8269529705875749 0.004629629629629629 0.011111111111111112
0 0.21458238579051359 0.8009955650855543 0.004629629629629629 0.011111111111111112
0 0.36780950216878483 0.6487570107484333 0.004629629629629629 0.011111111111111112
0 0.19201657155691929 0.8234157934208673 0.004629629629629629 0.011111111111111112
0 0.2890916943058938 0.7269669617864023 0.004629629629629629 0.011111111111111112
0 0.19524993875921043 0.8202032866521394 0.004629629629629629 0.011111111111111112
0 0.1765011130753827 0.838831152170265 0.004629629629629629 0.011111111111111112
0 0.2000937627291522 0.815390713159423 0.004629629629629629 0.011111111111111112
0 0.1725878789302119 0.8427191396435314 0.004629629629629629 0.011111111111111112
0 0.17996182960343218 0.8353927628456222 0.004629629629629629 0.011111111111111112
0 0.29367751834019157 0.7224107237136161 0.004629629629629629 0.011111111111111112
