0 0.19105402015426928 0.8243721348144679 0.004629629629629629 0.011111111111111112
0 0.16022727272727275 0.855 0.004629629629629629 0.011111111111111112
0 0.509246778413616 0.5082322330600202 0.004629629629629629 0.011111111111111112
0 0.30132380806840153 0.7148137648868785 0.004629629629629629 0.011111111111111112
0 0.5115694994411677 0.5059244973294204 0.004629629629629629 0.011111111111111112
0 0.44149017867064194 0.5755516934498139 0.004629629629629629 0.011111111111111112
0 0.3030226202469778 0.7131259127868737 0.004629629629629629 0.011111111111111112
0 0.6276182615264125 0.39062443693504817 0.004629629629629629 0.011111111111111112
0 0.41600147824902345 0.6008759506429058 0.004629629629629629 0.011111111111111112
0 0.3540226026346095 0.6624549625436783 0.004629629629629629 0.011111111111111112
0 0.18779844519382943 0.8276067060654856 0.004629629629629629 0.011111111111111112
0 0.18434065714026815 0.831042185809024 0.004629629629629629 0.011111111111111112
0 0.3215821045889878 0.6946861670535218 0.004629629629629629 0.011111111111111112
0 0.34376674044508754 0.6726446578803646 0.004629629629629629 0.011111111111111112
0 0.7228858781952752 0.295971450051146 0.004629629629629629 0.011111111111111112
0 0.18965993283114765 0.8257572280258275 0.004629629629629629 0.011111111111111112
0 0.7148355706617767 0.3039698201166863 0.004629629629629629 0.011111111111111112
0 0.3286392567962429 0.687674544860507 0.004629629629629629 0.011111111111111112
0 0.23583488561231783 0.7798801781658262 0.004629629629629629 0.011111111111111112
0 0.4495303916089915 0.5675633528530019 0.004629629629629629 0.011111111111111112
0 0.3952822203853687 0.6214615358751822 0.004629629629629629 0.011111111111111112
0 0.7342659665894633 0.2846647815820816 0.004629629629629629 0.011111111111111112
0 0.49988059161744514 0.5175379928446028 0.004629629629629629 0.011111111111111112
0 0.2042735895127685 0.8112378530002171 0.004629629629629629 0.011111111111111112
0 0.1844473068140256 0.8309362241976778 0.004629629629629629 0.011111111111111112
0 0.37755482666909 0.6390745593094203 0.004629629629629629 0.011111111111111112
0 0.24170375169146543 0.774049175738802 0.004629629629629629 0.011111111111111112
0 0.8647727272727272 0.155 0.004629629629629629 0.011111111111111112
0 0.21727084080316061 0.7983244549439565 0.004629629629629629 0.011111111111111112
0 0.3131831622859679 0.7030309226320062 0.004629629629629629 0.011111111111111112
