0 0.4021056999052455 0.6146820788038206 0.004629629629629629 0.011111111111111112
0 0.22539247459837672 0.790255218786129 0.004629629629629629 0.011111111111111112
0 0.2055883148502409 0.8099316097616961 0.004629629629629629 0.011111111111111112
0 0.18206985376217277 0.8332983388427444 0.004629629629629629 0.011111111111111112
0 0.3991760988868425 0.617592779170492 0.004629629629629629 0.011111111111111112
0 0.16022727272727275 0.855 0.004629629629629629 0.011111111111111112
0 0.3018461871912699 0.7142947559518997 0.004629629629629629 0.011111111111111112
0 0.2489935829971861 0.7668063756027957 0.004629629629629629 0.011111111111111112
0 0.7401137095505336 0.27885476599495385 0.004629629629629629 0.011111111111111112
0 0.16673904124155903 0.8485302428954833 0.004629629629629629 0.011111111111111112
0 0.20622495699401347 0.809299074986593 0.004629629629629629 0.011111111111111112
0 0.3974771730397479 0.6192807442056698 0.004629629629629629 0.011111111111111112
0 0.22687132196380627 0.7887859123714441 0.004629629629629629 0.011111111111111112
0 0.4404558769687576 0.5765793222374924 0.004629629629629629 0.011111111111111112
0 0.20686105675767158 0.8086670790923779 0.004629629629629629 0.011111111111111112
0 0.39842766950594727 0.6183363799747363 0.004629629629629629 0.011111111111111112
0 0.8647727272727272 0.1550000000000001 0.004629629629629629 0.011111111111111112
0 0.21298537128202952 0.8025822762746287 0.004629629629629629 0.011111111111111112
0 0.46187992243111786 0.5552934964232764 0.004629629629629629 0.011111111111111112
0 0.22419286942626973 0.7914470845700288 0.004629629629629629 0.011111111111111112
0 0.3371106066542361 0.6792578488725656 0.004629629629629629 0.011111111111111112
0 0.19104875795922668 0.8243773630598652 0.004629629629629629 0.011111111111111112
0 0.2842063494237093 0.7318207883145083 0.004629629629629629 0.011111111111111112
0 0.2554619119932107 0.7603797777615842 0.004629629629629629 0.011111111111111112
0 0.21484498392597998 0.8007346611316071 0.004629629629629629 0.011111111111111112
0 0.7352341046528127 0.283702889570754 0.004629629629629629 0.011111111111111112
0 0.20144721928129397 0.814045988585037 0.004629629629629629 0.011111111111111112
0 0.41594143853020504 0.6009356030086995 0.004629629629629629 0.011111111111111112
0 0.2065206708393983 0.8090052689724688 0.004629629629629629 0.011111111111111112
0 0.33353538606802496 0.6828100035195107 0.004629629629629629 0.011111111111111112
