0 0.4986974038176181 0.5187135471747536 0.004629629629629629 0.011111111111111112
0 0.6794506896350611 0.33912641158839096 0.004629629629629629 0.011111111111111112
0 0.6534992550507793 0.36491041756245157 0.004629629629629629 0.011111111111111112
0 0.39828381593696366 0.618479305456178 0.004629629629629629 0.011111111111111112
0 0.6416217068913747 0.37671133637889215 0.004629629629629629 0.011111111111111112
0 0.16022727272727272 0.855 0.004629629629629629 0.011111111111111112
0 0.24585833958867642 0.7699213916344764 0.004629629629629629 0.011111111111111112
0 0.3916430843021987 0.6250771936610413 0.004629629629629629 0.011111111111111112
0 0.5659286518496709 0.4519160491300045 0.004629629629629629 0.011111111111111112
0 0.6833890305856154 0.3352134792891304 0.004629629629629629 0.011111111111111112
0 0.7700072735669641 0.24915406368185494 0.004629629629629629 0.011111111111111112
0 0.7525936880660777 0.2664553034698322 0.004629629629629629 0.011111111111111112
0 0.8225510862554022 0.19694924333334235 0.004629629629629629 0.011111111111111112
0 0.3440780989016242 0.6723353081880636 0.004629629629629629 0.011111111111111112
0 0.8553992066186762 0.16431304632725074 0.004629629629629629 0.011111111111111112
0 0.7143024589528387 0.30449949239524404 0.004629629629629629 0.011111111111111112
0 0.5879322041777574 0.4300544552040344 0.004629629629629629 0.011111111111111112
0 0.46619594410989 0.5510053200456575 0.004629629629629629 0.011111111111111112
0 0.5132870638399611 0.5042180139912644 0.004629629629629629 0.011111111111111112
0 0.4357389146453076 0.5812658525459524 0.004629629629629629 0.011111111111111112
0 0.8647727272727275 0.15499999999999978 0.004629629629629629 0.011111111111111112
0 0.7008856130292085 0.31782977802259277 0.004629629629629629 0.011111111111111112
0 0.7590100828849653 0.26008030474655036 0.004629629629629629 0.011111111111111112
0 0.8604096046197734 0.1593349734745475 0.004629629629629629 0.011111111111111112
0 0.855299301252312 0.16441230714286417 0.004629629629629629 0.011111111111111112
0 0.8370484283081484 0.18254543251964606 0.004629629629629629 0.011111111111111112
0 0.7516830422783953 0.2673600741234006 0.004629629629629629 0.011111111111111112
0 0.8518935324198247 0.1677961032732062 0.004629629629629629 0.011111111111111112
0 0.7954879516263454 0.22383777709382435 0.004629629629629629 0.011111111111111112
0 0.5535084459883841 0.4642561246308958 0.004629629629629629 0.011111111111111112
