0 0.8519024962188145 0.16778719730517774 0.004629629629629629 0.011111111111111112
0 0.4835901907140097 0.5337232943873709 0.004629629629629629 0.011111111111111112
0 0.3626375104804979 0.6538956347484085 0.004629629629629629 0.011111111111111112
0 0.16022727272727272 0.8549999999999999 0.004629629629629629 0.011111111111111112
0 0.4991748485168292 0.5182391827639246 0.004629629629629629 0.011111111111111112
0 0.7042074823751459 0.31452934009179045 0.004629629629629629 0.011111111111111112
0 0.7183763209343537 0.3004519133942548 0.004629629629629629 0.011111111111111112
0 0.3873250836242202 0.6293673362701296 0.004629629629629629 0.011111111111111112
0 0.3323727917250005 0.6839650972538704 0.004629629629629629 0.011111111111111112
0 0.8150214683750922 0.2044302830337791 0.004629629629629629 0.011111111111111112
0 0.8574299817661806 0.1622953729548916 0.004629629629629629 0.011111111111111112
0 0.7651182520260441 0.2540115431483174 0.004629629629629629 0.011111111111111112
0 0.7985484082992997 0.22079706530263127 0.004629629629629629 0.011111111111111112
0 0.7116040025763984 0.30718053937570733 0.004629629629629629 0.011111111111111112
0 0.7194383240555656 0.29939676190608305 0.004629629629629629 0.011111111111111112
0 0.5366660205999694 0.480989889210353 0.004629629629629629 0.011111111111111112
0 0.833362160673152 0.18620791778280352 0.004629629629629629 0.011111111111111112
0 0.5563381397931264 0.4614446869152163 0.004629629629629629 0.011111111111111112
0 0.5994346844454375 0.41862618448646854 0.004629629629629629 0.011111111111111112
0 0.5440923905952023 0.4736114312796054 0.004629629629629629 0.011111111111111112
0 0.8504931019494194 0.16918749870831867 0.004629629629629629 0.011111111111111112
0 0.7294193159595798 0.289480163498224 0.004629629629629629 0.011111111111111112
0 0.8647727272727272 0.1549999999999999 0.004629629629629629 0.011111111111111112
0 0.3987368819404168 0.6180291624591988 0.004629629629629629 0.011111111111111112
0 0.6074641502597683 0.4106485216773914 0.004629629629629629 0.011111111111111112
0 0.7746638110989578 0.24452756832748707 0.004629629629629629 0.011111111111111112
0 0.546838506522508 0.47088303222925004 0.004629629629629629 0.011111111111111112
0 0.690898220626529 0.32775273563557755 0.004629629629629629 0.011111111111111112
0 0.838215938651447 0.18138545450114305 0.004629629629629629 0.011111111111111112
0 0.6196706449083106 0.3985207786072268 0.004629629629629629 0.011111111111111112
