0 0.5597263799964295 0.4580783063261282 0.004629629629629629 0.011111111111111112
0 0.6139929276677297 0.40416186541399757 0.004629629629629629 0.011111111111111112
0 0.388754111902832 0.6279475275287992 0.004629629629629629 0.011111111111111112
0 0.7251298032424288 0.2937420019397805 0.004629629629629629 0.011111111111111112
0 0.533125132529506 0.48450793284165206 0.004629629629629629 0.011111111111111112
0 0.7351045442864242 0.2838316140638108 0.004629629629629629 0.011111111111111112
0 0.7931466367216509 0.2261639867410695 0.004629629629629629 0.011111111111111112
0 0.8647727272727275 0.155 0.004629629629629629 0.011111111111111112
0 0.5749434946741897 0.4429593665817729 0.004629629629629629 0.011111111111111112
0 0.4422560163059007 0.5747907967025245 0.004629629629629629 0.011111111111111112
0 0.6093460697021457 0.4087787436507714 0.004629629629629629 0.011111111111111112
0 0.5957968137768473 0.4222405850217131 0.004629629629629629 0.011111111111111112
0 0.6150567953097036 0.4031048614342301 0.004629629629629629 0.011111111111111112
0 0.6430125395612358 0.3753294768230303 0.004629629629629629 0.011111111111111112
0 0.8519734020118964 0.16771674896882552 0.004629629629629629 0.011111111111111112
0 0.5947657491510199 0.4232649976176965 0.004629629629629629 0.011111111111111112
0 0.5053047718120889 0.5121488073608924 0.004629629629629629 0.011111111111111112
0 0.6290731379172595 0.3891789468434971 0.004629629629629629 0.011111111111111112
0 0.5505592161123787 0.4671863272173787 0.004629629629629629 0.011111111111111112
0 0.5038042768359241 0.5136396217243078 0.004629629629629629 0.011111111111111112
0 0.3223982518205812 0.6938752852879388 0.004629629629629629 0.011111111111111112
0 0.297444853075761 0.7186676943634375 0.004629629629629629 0.011111111111111112
0 0.761527295759495 0.2575793319550825 0.004629629629629629 0.011111111111111112
0 0.792755915907083 0.2265521867761886 0.004629629629629629 0.011111111111111112
0 0.600294960899358 0.4177714582032186 0.004629629629629629 0.011111111111111112
0 0.4843264916078105 0.5329917438219174 0.004629629629629629 0.011111111111111112
0 0.1602272727272728 0.855 0.004629629629629629 0.011111111111111112
0 0.3947131741802729 0.6220269108144386 0.004629629629629629 0.011111111111111112
0 0.5101207122591556 0.5073639374973552 0.004629629629629629 0.011111111111111112
0 0.516903008036305 0.5006253984671551 0.004629629629629629 0.011111111111111112
