0 0.39016192414303935 0.6265487979482062 0.004629629629629629 0.011111111111111112
0 0.40344725943154525 0.6133491745002712 0.004629629629629629 0.011111111111111112
0 0.1625053381198213 0.8527366318035324 0.004629629629629629 0.011111111111111112
0 0.2314636060780254 0.7842232558966716 0.004629629629629629 0.011111111111111112
0 0.16657681697648408 0.8486914205523965 0.004629629629629629 0.011111111111111112
0 0.4079834695505409 0.6088422302530111 0.004629629629629629 0.011111111111111112
0 0.4171360359463777 0.5997487126726312 0.004629629629629629 0.011111111111111112
0 0.3055595544908176 0.7106053458607361 0.004629629629629629 0.011111111111111112
0 0.1679169773076072 0.847359906416958 0.004629629629629629 0.011111111111111112
0 0.40800308189110457 0.6088227444436767 0.004629629629629629 0.011111111111111112
0 0.23109061252669377 0.7845938430379946 0.004629629629629629 0.011111111111111112
0 0.3093590301136765 0.706830382983831 0.004629629629629629 0.011111111111111112
0 0.5411304572375841 0.4765542553897551 0.004629629629629629 0.011111111111111112
0 0.20515038413754036 0.81036671511496 0.004629629629629629 0.011111111111111112
0 0.8647727272727272 0.155 0.004629629629629629 0.011111111111111112
0 0.2639449093744929 0.7519515093956652 0.004629629629629629 0.011111111111111112
0 0.5696299849772125 0.44823859557102763 0.004629629629629629 0.011111111111111112
0 0.3831465708704059 0.6335188908771452 0.004629629629629629 0.011111111111111112
0 0.4823645573921971 0.5349410203974301 0.004629629629629629 0.011111111111111112
0 0.19789346590023554 0.8175768145249273 0.004629629629629629 0.011111111111111112
0 0.2653905977070447 0.7505151480846136 0.004629629629629629 0.011111111111111112
0 0.16022727272727275 0.855 0.004629629629629629 0.011111111111111112
0 0.22200892635173072 0.7936169376892481 0.004629629629629629 0.011111111111111112
0 0.2088753532206394 0.8066657780904616 0.004629629629629629 0.011111111111111112
0 0.43433055517846214 0.5826651258226893 0.004629629629629629 0.011111111111111112
0 0.4005587081254623 0.6162190899914761 0.004629629629629629 0.011111111111111112
0 0.20497260266357215 0.8105433496116767 0.004629629629629629 0.011111111111111112
0 0.30526364229955 0.7108993489410922 0.004629629629629629 0.011111111111111112
0 0.6948356887738344 0.32384067050857746 0.004629629629629629 0.011111111111111112
0 0.47816524913061526 0.5391132363476467 0.004629629629629629 0.011111111111111112
