0 0.39319061060742966 0.6235396513964893 0.004629629629629629 0.011111111111111112
0 0.1716654697870183 0.8436355977599946 0.004629629629629629 0.011111111111111112
0 0.3747555473516394 0.6418557787603066 0.004629629629629629 0.011111111111111112
0 0.32491077513641536 0.6913789717999487 0.004629629629629629 0.011111111111111112
0 0.664049969757292 0.3544277719830775 0.004629629629629629 0.011111111111111112
0 0.21354878182390435 0.8020225006394757 0.004629629629629629 0.011111111111111112
0 0.2870561536595067 0.72898936991249 0.004629629629629629 0.011111111111111112
0 0.684599396091049 0.3340109225934091 0.004629629629629629 0.011111111111111112
0 0.552817248083755 0.46494286319420464 0.004629629629629629 0.011111111111111112
0 0.19782157064267492 0.8176482459421165 0.004629629629629629 0.011111111111111112
0 0.24886023542780247 0.76693886286528 0.004629629629629629 0.011111111111111112
0 0.20148668598711508 0.8140067765031244 0.004629629629629629 0.011111111111111112
0 0.5149311179917799 0.5025845666404251 0.004629629629629629 0.011111111111111112
0 0.524737518091024 0.4928414336385955 0.004629629629629629 0.011111111111111112
0 0.8578301738203196 0.16189776278497264 0.004629629629629629 0.011111111111111112
0 0.5863884632533973 0.4315882365095279 0.004629629629629629 0.011111111111111112
0 0.4407471943677202 0.5762898843056198 0.004629629629629629 0.011111111111111112
0 0.8647727272727271 0.155 0.004629629629629629 0.011111111111111112
0 0.19201481783002938 0.8234175358333902 0.004629629629629629 0.011111111111111112
0 0.3204230600558619 0.6958377338799824 0.004629629629629629 0.011111111111111112
0 0.16635962580275346 0.8489072104927482 0.004629629629629629 0.011111111111111112
0 0.36909860066052935 0.6474762290211515 0.004629629629629629 0.011111111111111112
0 0.33507384861105344 0.6812814665412759 0.004629629629629629 0.011111111111111112
0 0.32164233423359784 0.694626325987264 0.004629629629629629 0.011111111111111112
0 0.16022727272727272 0.855 0.004629629629629629 0.011111111111111112
0 0.34325689670905984 0.6731512123019663 0.004629629629629629 0.011111111111111112
0 0.3636074021658688 0.6529320004287497 0.004629629629629629 0.011111111111111112
0 0.3000116709416857 0.7161174366127768 0.004629629629629629 0.011111111111111112
0 0.25246516695710475 0.7633571889587475 0.004629629629629629 0.011111111111111112
0 0.28728858285735215 0.7287584402578566 0.004629629629629629 0.011111111111111112
