0 0.6583496347104695 0.36009133067475957 0.004629629629629629 0.011111111111111112
0 0.6155624561886107 0.40260246288357393 0.004629629629629629 0.011111111111111112
0 0.24242794494577008 0.7733296546990414 0.004629629629629629 0.011111111111111112
0 0.3484340220049456 0.6680074878144412 0.004629629629629629 0.011111111111111112
0 0.8647727272727275 0.1549999999999999 0.004629629629629629 0.011111111111111112
0 0.45119350473652103 0.5659109694875856 0.004629629629629629 0.011111111111111112
0 0.1697602546887826 0.8455285211479192 0.004629629629629629 0.011111111111111112
0 0.35721292498041196 0.6592852229226874 0.004629629629629629 0.011111111111111112
0 0.44518562923346566 0.5718800845035246 0.004629629629629629 0.011111111111111112
0 0.6323473866839883 0.38592582226236016 0.004629629629629629 0.011111111111111112
0 0.39951659783921906 0.6172544769855501 0.004629629629629629 0.011111111111111112
0 0.688617399920347 0.3300188413694617 0.004629629629629629 0.011111111111111112
0 0.17446020254771125 0.8408588955332417 0.004629629629629629 0.011111111111111112
0 0.5615609957485261 0.45625552680469034 0.004629629629629629 0.011111111111111112
0 0.22328424201416122 0.7923498498698012 0.004629629629629629 0.011111111111111112
0 0.24130184450814976 0.774448489972548 0.004629629629629629 0.011111111111111112
0 0.45877786827786904 0.5583755373239238 0.004629629629629629 0.011111111111111112
0 0.41576687719581157 0.6011090381409356 0.004629629629629629 0.011111111111111112
0 0.5990713522999067 0.41898717255364115 0.004629629629629629 0.011111111111111112
0 0.6904117242305398 0.32823609334514103 0.004629629629629629 0.011111111111111112
0 0.782948300979876 0.23629652676838123 0.004629629629629629 0.011111111111111112
0 0.7902682152109489 0.22902383779041202 0.004629629629629629 0.011111111111111112
0 0.38102547334804926 0.6356263038993576 0.004629629629629629 0.011111111111111112
0 0.27456247414705076 0.7414024450409947 0.004629629629629629 0.011111111111111112
0 0.5068509403397092 0.5106126141140954 0.004629629629629629 0.011111111111111112
0 0.519021805620224 0.4985202705450677 0.004629629629629629 0.011111111111111112
0 0.5218277983309098 0.49573238101316064 0.004629629629629629 0.011111111111111112
0 0.16022727272727272 0.855 0.004629629629629629 0.011111111111111112
0 0.3765248999212782 0.6400978413685364 0.004629629629629629 0.011111111111111112
0 0.2542348749986039 0.7615988983884839 0.004629629629629629 0.011111111111111112
