0 0.177713809223229 0.8376262798685339 0.004629629629629629 0.011111111111111112
0 0.5721910455744564 0.44569405794537875 0.004629629629629629 0.011111111111111112
0 0.1736673231601034 0.8416466595699618 0.004629629629629629 0.011111111111111112
0 0.35843596142366296 0.6580700770371348 0.004629629629629629 0.011111111111111112
0 0.45050945189761665 0.5665906090823679 0.004629629629629629 0.011111111111111112
0 0.3569580996067867 0.6595384042616441 0.004629629629629629 0.011111111111111112
0 0.416186875563939 0.6006917494396993 0.004629629629629629 0.011111111111111112
0 0.3007394606891314 0.7153943422830567 0.004629629629629629 0.011111111111111112
0 0.22812445155480077 0.7875408674874882 0.004629629629629629 0.011111111111111112
0 0.3130767580119168 0.7031366404268699 0.004629629629629629 0.011111111111111112
0 0.17539303010118526 0.8399320862220482 0.004629629629629629 0.011111111111111112
0 0.266926596542172 0.7489890589193904 0.004629629629629629 0.011111111111111112
0 0.2486648305898539 0.7671330070268548 0.004629629629629629 0.011111111111111112
0 0.16022727272727275 0.855 0.004629629629629629 0.011111111111111112
0 0.5921729788447548 0.4258410403735985 0.004629629629629629 0.011111111111111112
0 0.17060952912791358 0.8446847258987181 0.004629629629629629 0.011111111111111112
0 0.37666047046050255 0.6399631454779523 0.004629629629629629 0.011111111111111112
0 0.3045805882364173 0.7115779962038177 0.004629629629629629 0.011111111111111112
0 0.633358388233754 0.384921343303238 0.004629629629629629 0.011111111111111112
0 0.3259072171456269 0.690388958448861 0.004629629629629629 0.011111111111111112
0 0.1739344149083934 0.8413812909942414 0.004629629629629629 0.011111111111111112
0 0.17812639157107768 0.8372163593422841 0.004629629629629629 0.011111111111111112
0 0.18145457500302328 0.8339096480615124 0.004629629629629629 0.011111111111111112
0 0.32960456440692376 0.6867154650408629 0.004629629629629629 0.011111111111111112
0 0.3107459429295959 0.7054524179925307 0.004629629629629629 0.011111111111111112
0 0.2416690847977866 0.7740836189751024 0.004629629629629629 0.011111111111111112
0 0.20508294479987732 0.8104337193601219 0.004629629629629629 0.011111111111111112
0 0.21929980019079304 0.7963085856168896 0.004629629629629629 0.011111111111111112
0 0.20647906856371284 0.8090466028463756 0.004629629629629629 0.011111111111111112
0 0.8647727272727272 0.155 0.004629629629629629 0.011111111111111112
