0 0.7490015141805421 0.27002430203997757 0.004629629629629629 0.011111111111111112
0 0.6823495004641527 0.33624630276464834 0.004629629629629629 0.011111111111111112
0 0.38271710185565677 0.6339455891240572 0.004629629629629629 0.011111111111111112
0 0.4099113324399185 0.6069268051887261 0.004629629629629629 0.011111111111111112
0 0.18417508376573963 0.831206690968233 0.004629629629629629 0.011111111111111112
0 0.2733917469102126 0.7425656191988855 0.004629629629629629 0.011111111111111112
0 0.5407995476821419 0.4768830300448396 0.004629629629629629 0.011111111111111112
0 0.29044922884996804 0.7256181855297092 0.004629629629629629 0.011111111111111112
0 0.26233801128128437 0.7535480404044013 0.004629629629629629 0.011111111111111112
0 0.8280740015465163 0.19146195975378372 0.004629629629629629 0.011111111111111112
0 0.37965187100378944 0.6369910442930091 0.004629629629629629 0.011111111111111112
0 0.1796465877684724 0.8357059708622919 0.004629629629629629 0.011111111111111112
0 0.42885115539994084 0.5881091746348975 0.004629629629629629 0.011111111111111112
0 0.38004147547567174 0.6366039533983647 0.004629629629629629 0.011111111111111112
0 0.337687962044135 0.6786842183561498 0.004629629629629629 0.011111111111111112
0 0.43031279879116086 0.5866569612010402 0.004629629629629629 0.011111111111111112
0 0.17825982051380918 0.8370837912314412 0.004629629629629629 0.011111111111111112
0 0.2866138028938247 0.7294288668022645 0.004629629629629629 0.011111111111111112
0 0.20326623254342957 0.8122387108923345 0.004629629629629629 0.011111111111111112
0 0.16022727272727275 0.855 0.004629629629629629 0.011111111111111112
0 0.30352672500497024 0.7126250603176425 0.004629629629629629 0.011111111111111112
0 0.24564162891036498 0.7701367041793793 0.004629629629629629 0.011111111111111112
0 0.2529317616245658 0.7628936045794636 0.004629629629629629 0.011111111111111112
0 0.5501973708971681 0.4675458379473297 0.004629629629629629 0.011111111111111112
0 0.2862435791462295 0.7297967020095526 0.004629629629629629 0.011111111111111112
0 0.20299219405382085 0.8125109813916876 0.004629629629629629 0.011111111111111112
0 0.26051543202323246 0.7553588610865949 0.004629629629629629 0.011111111111111112
0 0.2991923976134324 0.7169314243066542 0.004629629629629629 0.011111111111111112
0 0.8647727272727272 0.155 0.004629629629629629 0.011111111111111112
0 0.2765839633199241 0.7393939977337529 0.004629629629629629 0.011111111111111112
