0 0.3802530461929617 0.6363937476534445 0.004629629629629629 0.011111111111111112
0 0.3729428125627602 0.6436568184860317 0.004629629629629629 0.011111111111111112
0 0.20639565703464943 0.8091294762365419 0.004629629629629629 0.011111111111111112
0 0.47461466117898404 0.5426409172802351 0.004629629629629629 0.011111111111111112
0 0.3361885092863686 0.6801739972251564 0.004629629629629629 0.011111111111111112
0 0.21075283370055878 0.8048004103878319 0.004629629629629629 0.011111111111111112
0 0.6100677955623272 0.40806167408646205 0.004629629629629629 0.011111111111111112
0 0.2809959084299573 0.7350105167857198 0.004629629629629629 0.011111111111111112
0 0.42420864506299116 0.592721733292254 0.004629629629629629 0.011111111111111112
0 0.3153393425035824 0.7008886532545052 0.004629629629629629 0.011111111111111112
0 0.18217218859841805 0.8331966642312492 0.004629629629629629 0.011111111111111112
0 0.42814431455125646 0.588811455220042 0.004629629629629629 0.011111111111111112
0 0.4095159473458658 0.6073196394112044 0.004629629629629629 0.011111111111111112
0 0.4101119331950698 0.6067274986319952 0.004629629629629629 0.011111111111111112
0 0.26612026399612226 0.7497901893199818 0.004629629629629629 0.011111111111111112
0 0.1772521437100625 0.8380849668945185 0.004629629629629629 0.011111111111111112
0 0.5104466046848342 0.5070401476034552 0.004629629629629629 0.011111111111111112
0 0.6097926108132684 0.40833508345004293 0.004629629629629629 0.011111111111111112
0 0.3730352920314554 0.6435649356590701 0.004629629629629629 0.011111111111111112
0 0.42772325248278625 0.5892298007590382 0.004629629629629629 0.011111111111111112
0 0.8647727272727271 0.15500000000000022 0.004629629629629629 0.011111111111111112
0 0.2847008863885468 0.7313294419107341 0.004629629629629629 0.011111111111111112
0 0.47196249137356794 0.5452759763127132 0.004629629629629629 0.011111111111111112
0 0.19345985887048117 0.8219818176383606 0.004629629629629629 0.011111111111111112
0 0.3559430444595935 0.6605469106659523 0.004629629629629629 0.011111111111111112
0 0.539110097243344 0.4785615808033872 0.004629629629629629 0.011111111111111112
0 0.40410592000533446 0.6126947633495385 0.004629629629629629 0.011111111111111112
0 0.25049575093231663 0.7653138990736984 0.004629629629629629 0.011111111111111112
0 0.17315085997956925 0.8421597907299763 0.004629629629629629 0.011111111111111112
0 0.16022727272727272 0.855 0.004629629629629629 0.011111111111111112
