0 0.26636015513021827 0.7495518458706218 0.004629629629629629 0.011111111111111112
0 0.5394107894067875 0.4782628285893852 0.004629629629629629 0.011111111111111112
0 0.8232455239069949 0.19625928592466313 0.004629629629629629 0.011111111111111112
0 0.8192912134485142 0.20018808470276656 0.004629629629629629 0.011111111111111112
0 0.3440958901439281 0.6723176317279682 0.004629629629629629 0.011111111111111112
0 0.16022727272727275 0.855 0.004629629629629629 0.011111111111111112
0 0.6374876801150918 0.38081869201468294 0.004629629629629629 0.011111111111111112
0 0.7756154015660236 0.24358211715375716 0.004629629629629629 0.011111111111111112
0 0.48309493844372997 0.5342153514817135 0.004629629629629629 0.011111111111111112
0 0.326135905791897 0.690161745213212 0.004629629629629629 0.011111111111111112
0 0.7492911176558222 0.2697365669742153 0.004629629629629629 0.011111111111111112
0 0.30723445440297287 0.7089412517544657 0.004629629629629629 0.011111111111111112
0 0.1976211932175789 0.8178473306096313 0.004629629629629629 0.011111111111111112
0 0.7338294891184578 0.2850984430694032 0.004629629629629629 0.011111111111111112
0 0.5564429205580439 0.4613405821552338 0.004629629629629629 0.011111111111111112
0 0.7531913032700341 0.26586154384783706 0.004629629629629629 0.011111111111111112
0 0.4679437366718316 0.5492688035647609 0.004629629629629629 0.011111111111111112
0 0.5295301921475468 0.48807968005985675 0.004629629629629629 0.011111111111111112
0 0.3242158792361721 0.6920693845008354 0.004629629629629629 0.011111111111111112
0 0.22054129343509046 0.7950751020064263 0.004629629629629629 0.011111111111111112
0 0.5393969888260483 0.47827654013411974 0.004629629629629629 0.011111111111111112
0 0.7811590087200414 0.23807427520718477 0.004629629629629629 0.011111111111111112
0 0.8189726144305725 0.20050462824317322 0.004629629629629629 0.011111111111111112
0 0.36066993074514764 0.6558505204209502 0.004629629629629629 0.011111111111111112
0 0.4839160816555259 0.5333995059680581 0.004629629629629629 0.011111111111111112
0 0.8647727272727272 0.155 0.004629629629629629 0.011111111111111112
0 0.18371806171311406 0.8316607644914867 0.004629629629629629 0.011111111111111112
0 0.2808547796670642 0.7351507350404651 0.004629629629629629 0.011111111111111112
0 0.4043311301452633 0.6124710061782546 0.004629629629629629 0.011111111111111112
0 0.6847836898455886 0.33382781783083454 0.004629629629629629 0.011111111111111112
