0 0.27765151515151515 0.7383333333333334 0.004629629629629629 0.011111111111111112
0 0.5125 0.505 0.004629629629629629 0.011111111111111112
0 0.45378787878787885 0.5633333333333334 0.004629629629629629 0.011111111111111112
0 0.33636363636363636 0.68 0.004629629629629629 0.011111111111111112
0 0.45378787878787885 0.5633333333333334 0.004629629629629629 0.011111111111111112
0 0.33636363636363636 0.68 0.004629629629629629 0.011111111111111112
0 0.3950757575757576 0.6216666666666666 0.004629629629629629 0.011111111111111112
0 0.6886363636363636 0.33 0.004629629629629629 0.011111111111111112
0 0.21893939393939396 0.7966666666666667 0.004629629629629629 0.011111111111111112
0 0.27765151515151515 0.7383333333333334 0.004629629629629629 0.011111111111111112
0 0.33636363636363636 0.68 0.004629629629629629 0.011111111111111112
0 0.3950757575757576 0.6216666666666666 0.004629629629629629 0.011111111111111112
0 0.33636363636363636 0.68 0.004629629629629629 0.011111111111111112
0 0.45378787878787885 0.5633333333333334 0.004629629629629629 0.011111111111111112
0 0.27765151515151515 0.7383333333333334 0.004629629629629629 0.011111111111111112
0 0.33636363636363636 0.68 0.004629629629629629 0.011111111111111112
0 0.3950757575757576 0.6216666666666666 0.004629629629629629 0.011111111111111112
0 0.33636363636363636 0.68 0.004629629629629629 0.011111111111111112
0 0.3950757575757576 0.6216666666666666 0.004629629629629629 0.011111111111111112
0 0.45378787878787885 0.5633333333333334 0.004629629629629629 0.011111111111111112
0 0.3950757575757576 0.6216666666666666 0.004629629629629629 0.011111111111111112
0 0.27765151515151515 0.7383333333333334 0.004629629629629629 0.011111111111111112
0 0.27765151515151515 0.7383333333333334 0.004629629629629629 0.011111111111111112
0 0.45378787878787885 0.5633333333333334 0.004629629629629629 0.011111111111111112
0 0.8647727272727272 0.155 0.004629629629629629 0.011111111111111112
0 0.16022727272727275 0.855 0.004629629629629629 0.011111111111111112
0 0.3950757575757576 0.6216666666666666 0.004629629629629629 0.011111111111111112
0 0.5712121212121213 0.44666666666666666 0.004629629629629629 0.011111111111111112
0 0.6299242424242425 0.38833333333333336 0.004629629629629629 0.011111111111111112
0 0.33636363636363636 0.68 0.004629629629629629 0.011111111111111112
