0 0.6545550789427179 0.3638614054375577 0.004629629629629629 0.011111111111111112
0 0.6808341781655456 0.33775184879036113 0.004629629629629629 0.011111111111111112
0 0.8353656712945537 0.18421733303637894 0.004629629629629629 0.011111111111111112
0 0.864068501534039 0.15569968234682574 0.004629629629629629 0.011111111111111112
0 0.8456241921495159 0.1740249961869325 0.004629629629629629 0.011111111111111112
0 0.8229528225489815 0.19655009888681843 0.004629629629629629 0.011111111111111112
0 0.7549909608706786 0.2640734969413903 0.004629629629629629 0.011111111111111112
0 0.674286590324418 0.3442571941292879 0.004629629629629629 0.011111111111111112
0 0.8061972565470892 0.21319756446289193 0.004629629629629629 0.011111111111111112
0 0.5918122225936928 0.4261994691649761 0.004629629629629629 0.011111111111111112
0 0.3485200265594483 0.667922038128032 0.004629629629629629 0.011111111111111112
0 0.521458585048441 0.49609921227445203 0.004629629629629629 0.011111111111111112
0 0.6677763700726272 0.35072541296009946 0.004629629629629629 0.011111111111111112
0 0.8647727272727275 0.155 0.004629629629629629 0.011111111111111112
0 0.5655839659318398 0.45225851126772043 0.004629629629629629 0.011111111111111112
0 0.8134158199811733 0.20602557240580188 0.004629629629629629 0.011111111111111112
0 0.854551171216907 0.16515561053287944 0.004629629629629629 0.011111111111111112
0 0.5478054745763464 0.4699223026789848 0.004629629629629629 0.011111111111111112
0 0.6969875218435304 0.3217027202328793 0.004629629629629629 0.011111111111111112
0 0.7378416856335512 0.28111213169311666 0.004629629629629629 0.011111111111111112
0 0.5448012893323875 0.4729071060826601 0.004629629629629629 0.011111111111111112
0 0.7235604981828263 0.2953011824506112 0.004629629629629629 0.011111111111111112
0 0.7460443465340475 0.27296239118552706 0.004629629629629629 0.011111111111111112
0 0.6307732590489188 0.3874897942352677 0.004629629629629629 0.011111111111111112
0 0.16022727272727272 0.855 0.004629629629629629 0.011111111111111112
0 0.7727580072291538 0.2464210766884536 0.004629629629629629 0.011111111111111112
0 0.6376609418004805 0.38064654814661936 0.004629629629629629 0.011111111111111112
0 0.5525540249265338 0.4652043881375083 0.004629629629629629 0.011111111111111112
0 0.734645003584667 0.28428818998684685 0.004629629629629629 0.011111111111111112
0 0.7323922810423957 0.286526378835297 0.004629629629629629 0.011111111111111112
