0 0.19916731938475332 0.8163111794499871 0.004629629629629629 0.011111111111111112
0 0.32869746987852544 0.6876167073464974 0.004629629629629629 0.011111111111111112
0 0.2020011871122714 0.8134955947400658 0.004629629629629629 0.011111111111111112
0 0.2981560012451561 0.7179611342467481 0.004629629629629629 0.011111111111111112
0 0.27853229326336576 0.737458237660914 0.004629629629629629 0.011111111111111112
0 0.8647727272727272 0.1550000000000001 0.004629629629629629 0.011111111111111112
0 0.17455316943137458 0.8407665284359246 0.004629629629629629 0.011111111111111112
0 0.3549709153574818 0.6615127679674051 0.004629629629629629 0.011111111111111112
0 0.19642455583890092 0.8190362477471564 0.004629629629629629 0.011111111111111112
0 0.3268145254901229 0.6894875037065876 0.004629629629629629 0.011111111111111112
0 0.16863989164882023 0.8466416560392368 0.004629629629629629 0.011111111111111112
0 0.23670384037857342 0.7790168295593528 0.004629629629629629 0.011111111111111112
0 0.21224450643743029 0.8033183613460371 0.004629629629629629 0.011111111111111112
0 0.3565682289946883 0.659925759579471 0.004629629629629629 0.011111111111111112
0 0.2595863537015115 0.7562819453546272 0.004629629629629629 0.011111111111111112
0 0.3455593244540439 0.6708636389295306 0.004629629629629629 0.011111111111111112
0 0.210289971016459 0.8052602868610665 0.004629629629629629 0.011111111111111112
0 0.22080601470143554 0.7948120886192189 0.004629629629629629 0.011111111111111112
0 0.188240966729639 0.8271670395073264 0.004629629629629629 0.011111111111111112
0 0.22017216811605375 0.7954418458717918 0.004629629629629629 0.011111111111111112
0 0.5427172717630969 0.4749776783773102 0.004629629629629629 0.011111111111111112
0 0.23679333153722637 0.7789279157630139 0.004629629629629629 0.011111111111111112
0 0.17560510390325643 0.8397213806380549 0.004629629629629629 0.011111111111111112
0 0.22088197812599597 0.7947366152812685 0.004629629629629629 0.011111111111111112
0 0.3862574027013711 0.6304281289289604 0.004629629629629629 0.011111111111111112
0 0.16022727272727272 0.855 0.004629629629629629 0.011111111111111112
0 0.26546056040169147 0.7504456367621903 0.004629629629629629 0.011111111111111112
0 0.3837536057841227 0.6329157723177105 0.004629629629629629 0.011111111111111112
0 0.18462772009030892 0.8307569748780156 0.004629629629629629 0.011111111111111112
0 0.3556277013944537 0.6608602192597041 0.004629629629629629 0.011111111111111112
