0 0.3221421589618663 0.6941297259346619 0.004629629629629629 0.011111111111111112
0 0.318474449271826 0.6977737729815406 0.004629629629629629 0.011111111111111112
0 0.3311553152693734 0.6851747190226871 0.004629629629629629 0.011111111111111112
0 0.3090044814109391 0.7071826442755831 0.004629629629629629 0.011111111111111112
0 0.21724925880264814 0.798345897705756 0.004629629629629629 0.011111111111111112
0 0.37195383938224524 0.6446394111944144 0.004629629629629629 0.011111111111111112
0 0.3110946529796097 0.7051059576847749 0.004629629629629629 0.011111111111111112
0 0.33974760983776825 0.676637858612798 0.004629629629629629 0.011111111111111112
0 0.2324326261451208 0.7832604875719446 0.004629629629629629 0.011111111111111112
0 0.6791625937506784 0.33941264878964866 0.004629629629629629 0.011111111111111112
0 0.20392938396699978 0.8115798378650454 0.004629629629629629 0.011111111111111112
0 0.21755212929353845 0.7980449812180327 0.004629629629629629 0.011111111111111112
0 0.3244987378302082 0.6917883508009545 0.004629629629629629 0.011111111111111112
0 0.41342050395418595 0.6034402734906799 0.004629629629629629 0.011111111111111112
0 0.4556858995948392 0.5614475578219018 0.004629629629629629 0.011111111111111112
0 0.2815103486606473 0.7344993955242601 0.004629629629629629 0.011111111111111112
0 0.35168930221392997 0.6647732094132567 0.004629629629629629 0.011111111111111112
0 0.267275551877501 0.7486423549088055 0.004629629629629629 0.011111111111111112
0 0.35751460465636975 0.6589854895672197 0.004629629629629629 0.011111111111111112
0 0.35081778340432235 0.6656391055208669 0.004629629629629629 0.011111111111111112
0 0.16022727272727275 0.855 0.004629629629629629 0.011111111111111112
0 0.6829829626018479 0.3356169274794545 0.004629629629629629 0.011111111111111112
0 0.765564761239411 0.253567914639553 0.004629629629629629 0.011111111111111112
0 0.3499769763174898 0.6664744880458489 0.004629629629629629 0.011111111111111112
0 0.40967821172049346 0.6071584219035099 0.004629629629629629 0.011111111111111112
0 0.24655475608097532 0.7692294681518053 0.004629629629629629 0.011111111111111112
0 0.20817474807984288 0.8073618631980917 0.004629629629629629 0.011111111111111112
0 0.8647727272727271 0.1550000000000001 0.004629629629629629 0.011111111111111112
0 0.2895101313583449 0.726551224327838 0.004629629629629629 0.011111111111111112
0 0.4858775494996235 0.531450692755213 0.004629629629629629 0.011111111111111112
