0 0.34142216908252826 0.6749741029760687 0.004629629629629629 0.011111111111111112
0 0.4060670826166007 0.6107462534002807 0.004629629629629629 0.011111111111111112
0 0.33602873324298166 0.6803327424553602 0.004629629629629629 0.011111111111111112
0 0.8647727272727272 0.1550000000000001 0.004629629629629629 0.011111111111111112
0 0.3757414311962666 0.6408762554566126 0.004629629629629629 0.011111111111111112
0 0.17124298099976595 0.8440553608131357 0.004629629629629629 0.011111111111111112
0 0.3334716068118235 0.68287337129664 0.004629629629629629 0.011111111111111112
0 0.16937443970873592 0.8459118469990624 0.004629629629629629 0.011111111111111112
0 0.3128860009647082 0.7033261667834513 0.004629629629629629 0.011111111111111112
0 0.5233351458898593 0.49423475827717206 0.004629629629629629 0.011111111111111112
0 0.4525854041369802 0.5645280500832585 0.004629629629629629 0.011111111111111112
0 0.34302552428961025 0.6733810919961292 0.004629629629629629 0.011111111111111112
0 0.2764402851643908 0.739536748933444 0.004629629629629629 0.011111111111111112
0 0.2334379546077669 0.7822616450993801 0.004629629629629629 0.011111111111111112
0 0.16022727272727275 0.855 0.004629629629629629 0.011111111111111112
0 0.28854121693139956 0.7275138876939643 0.004629629629629629 0.011111111111111112
0 0.3549190325435562 0.661564316053499 0.004629629629629629 0.011111111111111112
0 0.4719680822328796 0.5452704215234615 0.004629629629629629 0.011111111111111112
0 0.4529392672302019 0.564176469977735 0.004629629629629629 0.011111111111111112
0 0.18774227374221256 0.8276625151206405 0.004629629629629629 0.011111111111111112
0 0.49006195873873243 0.5272932797047434 0.004629629629629629 0.011111111111111112
0 0.28584261749044154 0.7301950768159484 0.004629629629629629 0.011111111111111112
0 0.43133725410000107 0.5856391152812893 0.004629629629629629 0.011111111111111112
0 0.7509209097772622 0.26811728964065573 0.004629629629629629 0.011111111111111112
0 0.24385491091533912 0.771911894961534 0.004629629629629629 0.011111111111111112
0 0.16673568509032388 0.8485335773941299 0.004629629629629629 0.011111111111111112
0 0.2871949052531191 0.7288515134904494 0.004629629629629629 0.011111111111111112
0 0.37324756725587427 0.6433540299522282 0.004629629629629629 0.011111111111111112
0 0.232385639900133 0.7833071706798679 0.004629629629629629 0.011111111111111112
0 0.5158700228775092 0.5016517192055717 0.004629629629629629 0.011111111111111112
