0 0.6964324752793555 0.3222541858514792 0.004629629629629629 0.011111111111111112
0 0.6755378190759903 0.3430140378212743 0.004629629629629629 0.011111111111111112
0 0.8647727272727272 0.155 0.004629629629629629 0.011111111111111112
0 0.5931084472255108 0.4249116072727184 0.004629629629629629 0.011111111111111112
0 0.6700112332504174 0.34850496825442406 0.004629629629629629 0.011111111111111112
0 0.6912962413041454 0.3273572828333008 0.004629629629629629 0.011111111111111112
0 0.8120123193150504 0.20742001822891767 0.004629629629629629 0.011111111111111112
0 0.7920175274521489 0.2272858114346392 0.004629629629629629 0.011111111111111112
0 0.3943023692034948 0.6224350654365278 0.004629629629629629 0.011111111111111112
0 0.3748692821750289 0.6417427777099713 0.004629629629629629 0.011111111111111112
0 0.608469243900991 0.4096499125112734 0.004629629629629629 0.011111111111111112
0 0.7070446524580907 0.3117104743319617 0.004629629629629629 0.011111111111111112
0 0.45137740936389814 0.5657282513416756 0.004629629629629629 0.011111111111111112
0 0.7676376249834133 0.2515084242100282 0.004629629629629629 0.011111111111111112
0 0.6020630263717599 0.41601479960483223 0.004629629629629629 0.011111111111111112
0 0.47260500958555135 0.5446376033795167 0.004629629629629629 0.011111111111111112
0 0.621503673017098 0.3966995764862381 0.004629629629629629 0.011111111111111112
0 0.675955137277662 0.3425994119950972 0.004629629629629629 0.011111111111111112
0 0.6602827249096639 0.3581707120252372 0.004629629629629629 0.011111111111111112
0 0.45909856749111727 0.5580569071378577 0.004629629629629629 0.011111111111111112
0 0.5656222194185376 0.452220504577711 0.004629629629629629 0.011111111111111112
0 0.6141750449439168 0.4039809230879795 0.004629629629629629 0.011111111111111112
0 0.48352082541616076 0.5337922121671693 0.004629629629629629 0.011111111111111112
0 0.5878616755720716 0.43012452878645796 0.004629629629629629 0.011111111111111112
0 0.5726246254975708 0.445263275312091 0.004629629629629629 0.011111111111111112
0 0.16022727272727275 0.855 0.004629629629629629 0.011111111111111112
0 0.8066614798962474 0.21273633610308343 0.004629629629629629 0.011111111111111112
0 0.6430318772056293 0.37531026393763284 0.004629629629629629 0.011111111111111112
0 0.5975142024783247 0.4205342762473421 0.004629629629629629 0.011111111111111112
0 0.8428412827177545 0.17678995136429557 0.004629629629629629 0.011111111111111112
