0 0.31004174541058643 0.7061520723017399 0.004629629629629629 0.011111111111111112
0 0.22539100662964942 0.7902566772840903 0.004629629629629629 0.011111111111111112
0 0.33123388143504123 0.6850966597355074 0.004629629629629629 0.011111111111111112
0 0.21019614592451452 0.8053535066298372 0.004629629629629629 0.011111111111111112
0 0.43432613921285235 0.5826695132981984 0.004629629629629629 0.011111111111111112
0 0.8647727272727272 0.1549999999999999 0.004629629629629629 0.011111111111111112
0 0.3250118745669993 0.6912785246237555 0.004629629629629629 0.011111111111111112
0 0.16022727272727275 0.855 0.004629629629629629 0.011111111111111112
0 0.25957669026992464 0.7562915464414942 0.004629629629629629 0.011111111111111112
0 0.23958470958504782 0.7761545466058235 0.004629629629629629 0.011111111111111112
0 0.23103270819210495 0.7846513737962313 0.004629629629629629 0.011111111111111112
0 0.3398247217030625 0.6765612442434089 0.004629629629629629 0.011111111111111112
0 0.6930901635083817 0.3255749343207045 0.004629629629629629 0.011111111111111112
0 0.1604260466872506 0.8548025084526671 0.004629629629629629 0.011111111111111112
0 0.2858163673165752 0.7302211576338543 0.004629629629629629 0.011111111111111112
0 0.20485899427254622 0.8106562250453412 0.004629629629629629 0.011111111111111112
0 0.16995616674879027 0.8453338730366858 0.004629629629629629 0.011111111111111112
0 0.22991449010105255 0.7857623775770187 0.004629629629629629 0.011111111111111112
0 0.23375955462437698 0.7819421199215867 0.004629629629629629 0.011111111111111112
0 0.34364694430410303 0.6727636811430202 0.004629629629629629 0.011111111111111112
0 0.263651191474192 0.7522433323417705 0.004629629629629629 0.011111111111111112
0 0.2132679853736386 0.8023014854997398 0.004629629629629629 0.011111111111111112
0 0.33367189326926094 0.6826743770098955 0.004629629629629629 0.011111111111111112
0 0.19295808537592424 0.8224803538845656 0.004629629629629629 0.011111111111111112
0 0.4554868352265432 0.5616453379039507 0.004629629629629629 0.011111111111111112
0 0.466006565852464 0.5511934765078744 0.004629629629629629 0.011111111111111112
0 0.18198000559352304 0.83338760734579 0.004629629629629629 0.011111111111111112
0 0.1973987222945772 0.8180683662363556 0.004629629629629629 0.011111111111111112
0 0.3351077626098567 0.681247771342465 0.004629629629629629 0.011111111111111112
0 0.2792395393239181 0.7367555544781716 0.004629629629629629 0.011111111111111112
