0 0.6103009154785176 0.40783005816973095 0.004629629629629629 0.011111111111111112
0 0.5664570657020337 0.45139104439926986 0.004629629629629629 0.011111111111111112
0 0.4181388417323031 0.5987523766014538 0.004629629629629629 0.011111111111111112
0 0.30004905593399483 0.7160802928139665 0.004629629629629629 0.011111111111111112
0 0.6040836759936011 0.41400718643216394 0.004629629629629629 0.011111111111111112
0 0.19259503108585244 0.822841065888895 0.004629629629629629 0.011111111111111112
0 0.36057212176478387 0.6559476983756342 0.004629629629629629 0.011111111111111112
0 0.7427584020593305 0.2762271360184716 0.004629629629629629 0.011111111111111112
0 0.2068979469149381 0.808630426936126 0.004629629629629629 0.011111111111111112
0 0.48918978385549283 0.5281598276532523 0.004629629629629629 0.011111111111111112
0 0.6377910146941027 0.380517314432956 0.004629629629629629 0.011111111111111112
0 0.7684004136055341 0.2507505568048242 0.004629629629629629 0.011111111111111112
0 0.16022727272727275 0.855 0.004629629629629629 0.011111111111111112
0 0.29625325026589766 0.7198516094132371 0.004629629629629629 0.011111111111111112
0 0.45815218971510113 0.5589971792508027 0.004629629629629629 0.011111111111111112
0 0.8647727272727272 0.155 0.004629629629629629 0.011111111111111112
0 0.8187709415009659 0.20070500005710493 0.004629629629629629 0.011111111111111112
0 0.35375556539848496 0.6627202769589247 0.004629629629629629 0.011111111111111112
0 0.25682519554108624 0.7590252895914369 0.004629629629629629 0.011111111111111112
0 0.37488903447731486 0.6417231528418936 0.004629629629629629 0.011111111111111112
0 0.5081050109783731 0.5093666342537455 0.004629629629629629 0.011111111111111112
0 0.22730167160106873 0.7883583391834543 0.004629629629629629 0.011111111111111112
0 0.27298026117173624 0.7429744501906621 0.004629629629629629 0.011111111111111112
0 0.4411876810937734 0.5758522394294123 0.004629629629629629 0.011111111111111112
0 0.8060484943861661 0.2133453668679383 0.004629629629629629 0.011111111111111112
0 0.5671774395203022 0.4506753181540224 0.004629629629629629 0.011111111111111112
0 0.4193602729516992 0.597538825583473 0.004629629629629629 0.011111111111111112
0 0.48429947454049493 0.5330185865855729 0.004629629629629629 0.011111111111111112
0 0.5190207723849156 0.4985212971143419 0.004629629629629629 0.011111111111111112
0 0.8112233399311182 0.2082039074232763 0.004629629629629629 0.011111111111111112
