0 0.19090864373327246 0.8245165733230713 0.004629629629629629 0.011111111111111112
0 0.24053325111046348 0.7752121247031524 0.004629629629629629 0.011111111111111112
0 0.3374932061939073 0.6788777177170211 0.004629629629629629 0.011111111111111112
0 0.19205429398855714 0.8233783143597562 0.004629629629629629 0.011111111111111112
0 0.2236924684626403 0.7919442571403444 0.004629629629629629 0.011111111111111112
0 0.25364388955744427 0.7621860710203457 0.004629629629629629 0.011111111111111112
0 0.2864655001568336 0.729576212747404 0.004629629629629629 0.011111111111111112
0 0.4635042959524115 0.5536796027311525 0.004629629629629629 0.011111111111111112
0 0.5273476159538495 0.49024817511682056 0.004629629629629629 0.011111111111111112
0 0.19546907692725188 0.8199855622787304 0.004629629629629629 0.011111111111111112
0 0.33571620199450014 0.6806432573732063 0.004629629629629629 0.011111111111111112
0 0.4367523964786479 0.5802589093050854 0.004629629629629629 0.011111111111111112
0 0.3347600578746027 0.6815932328213624 0.004629629629629629 0.011111111111111112
0 0.19401790023649831 0.821427376539221 0.004629629629629629 0.011111111111111112
0 0.38581028430534653 0.6308723626901718 0.004629629629629629 0.011111111111111112
0 0.46693639539453924 0.5502696458660707 0.004629629629629629 0.011111111111111112
0 0.5090876879716159 0.5083902971120721 0.004629629629629629 0.011111111111111112
0 0.3177925608220783 0.6984512621509674 0.004629629629629629 0.011111111111111112
0 0.20144158643486623 0.81405158509052 0.004629629629629629 0.011111111111111112
0 0.235129133084013 0.780581377452013 0.004629629629629629 0.011111111111111112
0 0.18063652809234554 0.8347224172501858 0.004629629629629629 0.011111111111111112
0 0.19991007130743138 0.8155732194751972 0.004629629629629629 0.011111111111111112
0 0.34523806677313995 0.6711828239802352 0.004629629629629629 0.011111111111111112
0 0.16022727272727275 0.855 0.004629629629629629 0.011111111111111112
0 0.5094733551275884 0.5080071181312993 0.004629629629629629 0.011111111111111112
0 0.2996956919996139 0.7164313769810289 0.004629629629629629 0.011111111111111112
0 0.18170427629433378 0.8336615577462748 0.004629629629629629 0.011111111111111112
0 0.32259926694265045 0.6936755670376247 0.004629629629629629 0.011111111111111112
0 0.8647727272727272 0.155 0.004629629629629629 0.011111111111111112
0 0.22940750062832482 0.7862660961499225 0.004629629629629629 0.011111111111111112
