0 0.810090718886253 0.20932922123559364 0.004629629629629629 0.011111111111111112
0 0.8647727272727272 0.15499999999999978 0.004629629629629629 0.011111111111111112
0 0.7178247252998194 0.3009999503472761 0.004629629629629629 0.011111111111111112
0 0.6799114780847735 0.3386685959673864 0.004629629629629629 0.011111111111111112
0 0.8395970181247728 0.18001328521796744 0.004629629629629629 0.011111111111111112
0 0.16022727272727272 0.855 0.004629629629629629 0.011111111111111112
0 0.7554626549952977 0.2636048460046718 0.004629629629629629 0.011111111111111112
0 0.2762264886894119 0.739749166076326 0.004629629629629629 0.011111111111111112
0 0.33461584670057787 0.6817365136007161 0.004629629629629629 0.011111111111111112
0 0.2761069630623719 0.7398679205702886 0.004629629629629629 0.011111111111111112
0 0.8474925070403078 0.17216873494059745 0.004629629629629629 0.011111111111111112
0 0.23357203616265054 0.7821284285867858 0.004629629629629629 0.011111111111111112
0 0.7302552669295822 0.28864960576028603 0.004629629629629629 0.011111111111111112
0 0.7467796093780698 0.2722318719727566 0.004629629629629629 0.011111111111111112
0 0.6700520964434692 0.34846436869487546 0.004629629629629629 0.011111111111111112
0 0.3233053791712401 0.6929740103718 0.004629629629629629 0.011111111111111112
0 0.5605767041035612 0.45723346818097776 0.004629629629629629 0.011111111111111112
0 0.773905252610888 0.24528123288982714 0.004629629629629629 0.011111111111111112
0 0.7328189571589464 0.28610245546788543 0.004629629629629629 0.011111111111111112
0 0.3439229131175457 0.6724894927735352 0.004629629629629629 0.011111111111111112
0 0.6753730468223966 0.34317774702807013 0.004629629629629629 0.011111111111111112
0 0.8024562581386808 0.21691442739769765 0.004629629629629629 0.011111111111111112
0 0.3278094959099913 0.688498952450718 0.004629629629629629 0.011111111111111112
0 0.4882163765475051 0.5291269549140913 0.004629629629629629 0.011111111111111112
0 0.39536896225917095 0.6213753536263721 0.004629629629629629 0.011111111111111112
0 0.6297630085642019 0.3884935269749219 0.004629629629629629 0.011111111111111112
0 0.7813856511135174 0.23784909502269874 0.004629629629629629 0.011111111111111112
0 0.43084106364458613 0.5861321045079594 0.004629629629629629 0.011111111111111112
0 0.7366921025804115 0.28225429808139757 0.004629629629629629 0.011111111111111112
0 0.5376597496611267 0.4800025713044288 0.004629629629629629 0.011111111111111112
