0 0.33492061884251517 0.6814337077306624 0.004629629629629629 0.011111111111111112
0 0.25345708212934437 0.7623716732392322 0.004629629629629629 0.011111111111111112
0 0.1964698299903406 0.8189912656870165 0.004629629629629629 0.011111111111111112
0 0.8647727272727272 0.1550000000000001 0.004629629629629629 0.011111111111111112
0 0.16397489963063633 0.8512765513347226 0.004629629629629629 0.011111111111111112
0 0.39622330389522437 0.6205265238718416 0.004629629629629629 0.011111111111111112
0 0.41430116109559834 0.6025652980082442 0.004629629629629629 0.011111111111111112
0 0.17679030376912255 0.8385438272229363 0.004629629629629629 0.011111111111111112
0 0.20745917653988272 0.8080728181474713 0.004629629629629629 0.011111111111111112
0 0.31523421687257897 0.7009931006556313 0.004629629629629629 0.011111111111111112
0 0.62536671834603 0.3928614540303961 0.004629629629629629 0.011111111111111112
0 0.1811264722132144 0.8342356340591288 0.004629629629629629 0.011111111111111112
0 0.2121268048654011 0.8034353035530853 0.004629629629629629 0.011111111111111112
0 0.6498048766978949 0.36858096121628514 0.004629629629629629 0.011111111111111112
0 0.6503001170280117 0.36808891598507215 0.004629629629629629 0.011111111111111112
0 0.6234702936993024 0.39474564367940274 0.004629629629629629 0.011111111111111112
0 0.42252484036327165 0.5943946747358463 0.004629629629629629 0.011111111111111112
0 0.172339053463174 0.8429663597849756 0.004629629629629629 0.011111111111111112
0 0.548081698647608 0.4696478606985056 0.004629629629629629 0.011111111111111112
0 0.5590377027847777 0.45876254045899495 0.004629629629629629 0.011111111111111112
0 0.6155939404766186 0.4025711817200049 0.004629629629629629 0.011111111111111112
0 0.16022727272727275 0.855 0.004629629629629629 0.011111111111111112
0 0.4195436929647565 0.5973565889253386 0.004629629629629629 0.011111111111111112
0 0.5905811562490595 0.42742259314609565 0.004629629629629629 0.011111111111111112
0 0.424657525611542 0.5922757487472421 0.004629629629629629 0.011111111111111112
0 0.4276059950446347 0.5893463016975888 0.004629629629629629 0.011111111111111112
0 0.35838259640364706 0.6581230977666991 0.004629629629629629 0.011111111111111112
0 0.21315392454596724 0.8024148104511035 0.004629629629629629 0.011111111111111112
0 0.1754165281122809 0.8399087398110241 0.004629629629629629 0.011111111111111112
0 0.1644494583296939 0.8508050543046912 0.004629629629629629 0.011111111111111112
