0 0.319187154170171 0.6970656661793139 0.004629629629629629 0.011111111111111112
0 0.41131553729379805 0.6055316597210005 0.004629629629629629 0.011111111111111112
0 0.44925997589476546 0.5678320239497169 0.004629629629629629 0.011111111111111112
0 0.3636695561832377 0.6528702474050413 0.004629629629629629 0.011111111111111112
0 0.3628856871775372 0.6536490591913502 0.004629629629629629 0.011111111111111112
0 0.24794554382357964 0.7678476532333467 0.004629629629629629 0.011111111111111112
0 0.16022727272727275 0.855 0.004629629629629629 0.011111111111111112
0 0.4081760400763901 0.6086509021176512 0.004629629629629629 0.011111111111111112
0 0.22576951655298583 0.7898806093602593 0.004629629629629629 0.011111111111111112
0 0.48386948151391873 0.5334458054635904 0.004629629629629629 0.011111111111111112
0 0.49473298480972405 0.5226523892858226 0.004629629629629629 0.011111111111111112
0 0.39854700457838893 0.6182178148059877 0.004629629629629629 0.011111111111111112
0 0.2633896253566117 0.7525032109360116 0.004629629629629629 0.011111111111111112
0 0.37056498494844914 0.6460193052770248 0.004629629629629629 0.011111111111111112
0 0.4458991473056409 0.5711711697737503 0.004629629629629629 0.011111111111111112
0 0.5716724411458153 0.4462093165389964 0.004629629629629629 0.011111111111111112
0 0.37492614654998646 0.6416862802019488 0.004629629629629629 0.011111111111111112
0 0.239770165780868 0.7759702869015892 0.004629629629629629 0.011111111111111112
0 0.2616741132821177 0.7542076551906701 0.004629629629629629 0.011111111111111112
0 0.3264349760651966 0.6898646044255465 0.004629629629629629 0.011111111111111112
0 0.3303929970281851 0.6859321190816741 0.004629629629629629 0.011111111111111112
0 0.8647727272727271 0.1550000000000001 0.004629629629629629 0.011111111111111112
0 0.5088678552807132 0.5086087115275494 0.004629629629629629 0.011111111111111112
0 0.4214815801670318 0.5954312042211426 0.004629629629629629 0.011111111111111112
0 0.5896408133276496 0.4283568693389804 0.004629629629629629 0.011111111111111112
0 0.41551003323683383 0.6013642250421135 0.004629629629629629 0.011111111111111112
0 0.6583558282727174 0.3600851770709775 0.004629629629629629 0.011111111111111112
0 0.22759868323633115 0.7880632437522904 0.004629629629629629 0.011111111111111112
0 0.3323779529037017 0.6839599693730963 0.004629629629629629 0.011111111111111112
0 0.3350796020068121 0.6812757502641996 0.004629629629629629 0.011111111111111112
