0 0.6173544680651833 0.4008220123739469 0.004629629629629629 0.011111111111111112
0 0.2395289024745495 0.7762099936704476 0.004629629629629629 0.011111111111111112
0 0.7564369956107685 0.2626367914576881 0.004629629629629629 0.011111111111111112
0 0.4083634374713464 0.6084647137381463 0.004629629629629629 0.011111111111111112
0 0.48874533197347814 0.5286014121037701 0.004629629629629629 0.011111111111111112
0 0.7301836972042025 0.28872071374550207 0.004629629629629629 0.011111111111111112
0 0.24104027589885543 0.7747083710424275 0.004629629629629629 0.011111111111111112
0 0.2859801361992809 0.7300584453245855 0.004629629629629629 0.011111111111111112
0 0.5201221229653583 0.4974270520215149 0.004629629629629629 0.011111111111111112
0 0.3723835384666048 0.6442124843622121 0.004629629629629629 0.011111111111111112
0 0.32224210735966047 0.6940304223652406 0.004629629629629629 0.011111111111111112
0 0.6984935636512969 0.32020639482387275 0.004629629629629629 0.011111111111111112
0 0.19575622043647767 0.8197002713082738 0.004629629629629629 0.011111111111111112
0 0.3445076142545887 0.6719085639018927 0.004629629629629629 0.011111111111111112
0 0.84394105868017 0.17569727073066985 0.004629629629629629 0.011111111111111112
0 0.5840902385634882 0.433871633943373 0.004629629629629629 0.011111111111111112
0 0.4301401650888681 0.5868284811375117 0.004629629629629629 0.011111111111111112
0 0.7763600940267039 0.24284222916056525 0.004629629629629629 0.011111111111111112
0 0.6178614282798881 0.4003183228703048 0.004629629629629629 0.011111111111111112
0 0.42249171420425424 0.5944275871777087 0.004629629629629629 0.011111111111111112
0 0.18858430638721885 0.8268259149443117 0.004629629629629629 0.011111111111111112
0 0.20548757248723115 0.8100317021739768 0.004629629629629629 0.011111111111111112
0 0.33426110240749585 0.6820889692209395 0.004629629629629629 0.011111111111111112
0 0.37326385728872996 0.6433378450163586 0.004629629629629629 0.011111111111111112
0 0.8647727272727272 0.1550000000000001 0.004629629629629629 0.011111111111111112
0 0.3165547929313866 0.6996810444423642 0.004629629629629629 0.011111111111111112
0 0.19598165499038708 0.8194762911708412 0.004629629629629629 0.011111111111111112
0 0.3064545422143425 0.7097161322515565 0.004629629629629629 0.011111111111111112
0 0.16022727272727275 0.855 0.004629629629629629 0.011111111111111112
0 0.37988403454751807 0.636760378578595 0.004629629629629629 0.011111111111111112
