0 0.33804775216240446 0.6783267494644499 0.004629629629629629 0.011111111111111112
0 0.4801504360210924 0.5371408571145275 0.004629629629629629 0.011111111111111112
0 0.4606439776396871 0.5565214673773431 0.004629629629629629 0.011111111111111112
0 0.5120154893845555 0.5054813847405062 0.004629629629629629 0.011111111111111112
0 0.2649616199158013 0.7509413582772039 0.004629629629629629 0.011111111111111112
0 0.5319184428586382 0.48570683741786913 0.004629629629629629 0.011111111111111112
0 0.1660672718500175 0.8491976782909504 0.004629629629629629 0.011111111111111112
0 0.3491065522815938 0.6673392964428037 0.004629629629629629 0.011111111111111112
0 0.5883048720098463 0.42968419168053995 0.004629629629629629 0.011111111111111112
0 0.5363037703173859 0.4813498023943391 0.004629629629629629 0.011111111111111112
0 0.5795350406673127 0.43839744346602494 0.004629629629629629 0.011111111111111112
0 0.4561876491468094 0.5609490453638152 0.004629629629629629 0.011111111111111112
0 0.26393557934218365 0.7519607792342177 0.004629629629629629 0.011111111111111112
0 0.28942141234235713 0.7266393709630774 0.004629629629629629 0.011111111111111112
0 0.5230728143049441 0.4944953974002491 0.004629629629629629 0.011111111111111112
0 0.3903049955596196 0.626406649573023 0.004629629629629629 0.011111111111111112
0 0.4120960489220324 0.6047561836516582 0.004629629629629629 0.011111111111111112
0 0.4229120269798891 0.5940099860974005 0.004629629629629629 0.011111111111111112
0 0.4500959626697527 0.5670014306377941 0.004629629629629629 0.011111111111111112
0 0.44393090179380595 0.5731267169274444 0.004629629629629629 0.011111111111111112
0 0.16022727272727275 0.855 0.004629629629629629 0.011111111111111112
0 0.7176374447416534 0.3011860226437767 0.004629629629629629 0.011111111111111112
0 0.1693681137797418 0.8459181321156113 0.004629629629629629 0.011111111111111112
0 0.8392476824752744 0.18036036708908226 0.004629629629629629 0.011111111111111112
0 0.22837142830144738 0.7872954841392072 0.004629629629629629 0.011111111111111112
0 0.19212188882591202 0.8233111556181261 0.004629629629629629 0.011111111111111112
0 0.19591448179274557 0.8195430309930141 0.004629629629629629 0.011111111111111112
0 0.1692426055741036 0.8460428305908906 0.004629629629629629 0.011111111111111112
0 0.8647727272727272 0.155 0.004629629629629629 0.011111111111111112
0 0.48464752373340125 0.5326727828713305 0.004629629629629629 0.011111111111111112
