0 0.2479017077294507 0.7678912065139651 0.004629629629629629 0.011111111111111112
0 0.21434521846973445 0.8012312022945864 0.004629629629629629 0.011111111111111112
0 0.30520178753613825 0.7109608046415143 0.004629629629629629 0.011111111111111112
0 0.21925569942345766 0.7963524018631454 0.004629629629629629 0.011111111111111112
0 0.4235140298105689 0.593411867155951 0.004629629629629629 0.011111111111111112
0 0.2886580769311173 0.7273977816297287 0.004629629629629629 0.011111111111111112
0 0.4038497280529779 0.6129493024505897 0.004629629629629629 0.011111111111111112
0 0.1824208582590777 0.8329495988909809 0.004629629629629629 0.011111111111111112
0 0.19968928576848835 0.8157925805913083 0.004629629629629629 0.011111111111111112
0 0.16022727272727275 0.855 0.004629629629629629 0.011111111111111112
0 0.36357805953190436 0.6529611537553983 0.004629629629629629 0.011111111111111112
0 0.2059793559285727 0.809543091529031 0.004629629629629629 0.011111111111111112
0 0.16228700055760795 0.852953560736312 0.004629629629629629 0.011111111111111112
0 0.554952811591903 0.4628210775151415 0.004629629629629629 0.011111111111111112
0 0.2674636664171991 0.748455454011299 0.004629629629629629 0.011111111111111112
0 0.2625975000753437 0.7532902257315941 0.004629629629629629 0.011111111111111112
0 0.2337726327303549 0.7819291261904862 0.004629629629629629 0.011111111111111112
0 0.26314576120431526 0.7527455017711965 0.004629629629629629 0.011111111111111112
0 0.8014845337856782 0.2178798825613262 0.004629629629629629 0.011111111111111112
0 0.395169995826533 0.621573036404606 0.004629629629629629 0.011111111111111112
0 0.24447862803159182 0.7712922018266766 0.004629629629629629 0.011111111111111112
0 0.34974882733353646 0.6667011651008735 0.004629629629629629 0.011111111111111112
0 0.3606177554096425 0.6559023591413875 0.004629629629629629 0.011111111111111112
0 0.39236330680869375 0.6243616177513623 0.004629629629629629 0.011111111111111112
0 0.8647727272727272 0.155 0.004629629629629629 0.011111111111111112
0 0.2276831931241381 0.787979279089566 0.004629629629629629 0.011111111111111112
0 0.16039796789741984 0.8548304060890152 0.004629629629629629 0.011111111111111112
0 0.37890250957982713 0.6377355711271395 0.004629629629629629 0.011111111111111112
0 0.34001277078127196 0.6763744083850589 0.004629629629629629 0.011111111111111112
0 0.3607217458359703 0.655799039621036 0.004629629629629629 0.011111111111111112
