0 0.4397698930493315 0.5772608804542126 0.004629629629629629 0.011111111111111112
0 0.7873872196984646 0.23188624623507406 0.004629629629629629 0.011111111111111112
0 0.5670738863931611 0.4507782031964722 0.004629629629629629 0.011111111111111112
0 0.8467900375594608 0.1728666723602779 0.004629629629629629 0.011111111111111112
0 0.4011769344921455 0.6156048521819976 0.004629629629629629 0.011111111111111112
0 0.16022727272727272 0.8550000000000001 0.004629629629629629 0.011111111111111112
0 0.5414877981389798 0.47619921991352976 0.004629629629629629 0.011111111111111112
0 0.7644488268116466 0.25467664949036417 0.004629629629629629 0.011111111111111112
0 0.7228844104976552 0.29597290827974926 0.004629629629629629 0.011111111111111112
0 0.7206400800399022 0.2982027591861616 0.004629629629629629 0.011111111111111112
0 0.7452118399439683 0.2737895267653477 0.004629629629629629 0.011111111111111112
0 0.8647727272727271 0.15500000000000033 0.004629629629629629 0.011111111111111112
0 0.33842754018168003 0.6779494116904599 0.004629629629629629 0.011111111111111112
0 0.28714993247522824 0.7288961961213862 0.004629629629629629 0.011111111111111112
0 0.7548569428149599 0.2642066503644918 0.004629629629629629 0.011111111111111112
0 0.7659170427429545 0.2532179059199033 0.004629629629629629 0.011111111111111112
0 0.6181509186980999 0.4000307001322104 0.004629629629629629 0.011111111111111112
0 0.3026983867933521 0.7134480544117664 0.004629629629629629 0.011111111111111112
0 0.6841928512660242 0.3344148445485954 0.004629629629629629 0.011111111111111112
0 0.7197661413272298 0.2990710595845588 0.004629629629629629 0.011111111111111112
0 0.49541180990745676 0.5219779437048495 0.004629629629629629 0.011111111111111112
0 0.7518960012513639 0.26714848907929023 0.004629629629629629 0.011111111111111112
0 0.8532909890779147 0.1664076624645237 0.004629629629629629 0.011111111111111112
0 0.6394174222004716 0.37890139987824123 0.004629629629629629 0.011111111111111112
0 0.7691037728705338 0.25005173534153424 0.004629629629629629 0.011111111111111112
0 0.7563584966285901 0.26271478399482034 0.004629629629629629 0.011111111111111112
0 0.533147914130166 0.48448529821906106 0.004629629629629629 0.011111111111111112
0 0.6296477739220158 0.3886080181678038 0.004629629629629629 0.011111111111111112
0 0.42250584266277635 0.594413549870532 0.004629629629629629 0.011111111111111112
0 0.6442469821254184 0.3741029984044231 0.004629629629629629 0.011111111111111112
