0 0.24072022777991142 0.7750263543347977 0.004629629629629629 0.011111111111111112
0 0.4042410581574403 0.6125604970564786 0.004629629629629629 0.011111111111111112
0 0.179245311115328 0.8361046586338032 0.004629629629629629 0.011111111111111112
0 0.20643044388839626 0.8090949138141096 0.004629629629629629 0.011111111111111112
0 0.16022727272727272 0.855 0.004629629629629629 0.011111111111111112
0 0.201276141108973 0.8142159630272139 0.004629629629629629 0.011111111111111112
0 0.25202368736798453 0.7637958202924541 0.004629629629629629 0.011111111111111112
0 0.4419427325787819 0.5751020592443069 0.004629629629629629 0.011111111111111112
0 0.2939185181806359 0.7221712787108521 0.004629629629629629 0.011111111111111112
0 0.22002036429888144 0.7955926703094984 0.004629629629629629 0.011111111111111112
0 0.8018123319183434 0.2175541992553233 0.004629629629629629 0.011111111111111112
0 0.5571626931926875 0.46062545321500725 0.004629629629629629 0.011111111111111112
0 0.16740441776194562 0.8478691591268411 0.004629629629629629 0.011111111111111112
0 0.3609838833658369 0.6555385933010395 0.004629629629629629 0.011111111111111112
0 0.23467170883343036 0.7810358505783983 0.004629629629629629 0.011111111111111112
0 0.5031351096194354 0.514304471732948 0.004629629629629629 0.011111111111111112
0 0.4823890831224329 0.5349166528977118 0.004629629629629629 0.011111111111111112
0 0.4218738573153548 0.5950414578931313 0.004629629629629629 0.011111111111111112
0 0.6448527726200042 0.3735011162356087 0.004629629629629629 0.011111111111111112
0 0.6940192860914305 0.32465180607690125 0.004629629629629629 0.011111111111111112
0 0.8647727272727271 0.155 0.004629629629629629 0.011111111111111112
0 0.7216572033600382 0.29719219795196206 0.004629629629629629 0.011111111111111112
0 0.7190476022506691 0.2997849629251416 0.004629629629629629 0.011111111111111112
0 0.7989330780598768 0.2204148772824451 0.004629629629629629 0.011111111111111112
0 0.5435907159428799 0.47410986932126775 0.004629629629629629 0.011111111111111112
0 0.18859974492239098 0.8268105760125921 0.004629629629629629 0.011111111111111112
0 0.16032866074831673 0.8548992660952208 0.004629629629629629 0.011111111111111112
0 0.28591936925117134 0.7301188202278684 0.004629629629629629 0.011111111111111112
0 0.27133269446481945 0.7446113874349536 0.004629629629629629 0.011111111111111112
0 0.780746998342493 0.23848362745326496 0.004629629629629629 0.011111111111111112
