0 0.40841136241256853 0.6084170979900932 0.004629629629629629 0.011111111111111112
0 0.29470717592990553 0.7213877090760938 0.004629629629629629 0.011111111111111112
0 0.2734791904202336 0.7424787398405421 0.004629629629629629 0.011111111111111112
0 0.4373104442099765 0.5797044618817008 0.004629629629629629 0.011111111111111112
0 0.6459388095050944 0.3724220860400999 0.004629629629629629 0.011111111111111112
0 0.22690284792744422 0.7887545898011199 0.004629629629629629 0.011111111111111112
0 0.17670576337112634 0.83862782219901 0.004629629629629629 0.011111111111111112
0 0.23202301523586424 0.7836674558301736 0.004629629629629629 0.011111111111111112
0 0.30782155074770934 0.7083579431280824 0.004629629629629629 0.011111111111111112
0 0.8647727272727272 0.155 0.004629629629629629 0.011111111111111112
0 0.5117848032245985 0.505710582602657 0.004629629629629629 0.011111111111111112
0 0.3255210774227649 0.6907726069477045 0.004629629629629629 0.011111111111111112
0 0.3576424054024966 0.6588585133420356 0.004629629629629629 0.011111111111111112
0 0.3701577561308684 0.6464239068119114 0.004629629629629629 0.011111111111111112
0 0.2503035193950377 0.765504890407511 0.004629629629629629 0.011111111111111112
0 0.19872847219930756 0.8167471953632687 0.004629629629629629 0.011111111111111112
0 0.16022727272727272 0.855 0.004629629629629629 0.011111111111111112
0 0.4434363810683165 0.5736180471966404 0.004629629629629629 0.011111111111111112
0 0.3654528122631565 0.6510984962030574 0.004629629629629629 0.011111111111111112
0 0.6727045950765598 0.34582898295619224 0.004629629629629629 0.011111111111111112
0 0.35013539121729614 0.6663170951776543 0.004629629629629629 0.011111111111111112
0 0.21189521241974948 0.8036654018539263 0.004629629629629629 0.011111111111111112
0 0.4814403179928981 0.5358592969618947 0.004629629629629629 0.011111111111111112
0 0.3428175795215743 0.6735876951850165 0.004629629629629629 0.011111111111111112
0 0.28283206597052224 0.733186205422836 0.004629629629629629 0.011111111111111112
0 0.43640244248332466 0.5806066055326967 0.004629629629629629 0.011111111111111112
0 0.2395817199139038 0.7761575169887664 0.004629629629629629 0.011111111111111112
0 0.37364138970686367 0.6429627482912451 0.004629629629629629 0.011111111111111112
0 0.2845160850325442 0.7315130509999238 0.004629629629629629 0.011111111111111112
0 0.2060434116223694 0.8094794490977749 0.004629629629629629 0.011111111111111112
