0 0.5724068976873362 0.44547959842677565 0.004629629629629629 0.011111111111111112
0 0.7288368695641466 0.2900588521749769 0.004629629629629629 0.011111111111111112
0 0.5567837477102063 0.4610019538879239 0.004629629629629629 0.011111111111111112
0 0.35332306696670823 0.6631499850782383 0.004629629629629629 0.011111111111111112
0 0.6972369310664639 0.3214549201017069 0.004629629629629629 0.011111111111111112
0 0.47600864090945405 0.5412559309673811 0.004629629629629629 0.011111111111111112
0 0.5590870468814314 0.45871351471135197 0.004629629629629629 0.011111111111111112
0 0.297046432138132 0.7190635448434043 0.004629629629629629 0.011111111111111112
0 0.17118566420063583 0.844112307826465 0.004629629629629629 0.011111111111111112
0 0.7514901854446205 0.26755168671953833 0.004629629629629629 0.011111111111111112
0 0.21693884884246487 0.798654305021035 0.004629629629629629 0.011111111111111112
0 0.4820793353877337 0.5352244022599291 0.004629629629629629 0.011111111111111112
0 0.22376042094814716 0.7918767430579698 0.004629629629629629 0.011111111111111112
0 0.16022727272727266 0.855 0.004629629629629629 0.011111111111111112
0 0.8099653579079351 0.20945377343340635 0.004629629629629629 0.011111111111111112
0 0.38829332229319713 0.6284053443022428 0.004629629629629629 0.011111111111111112
0 0.4792435004255293 0.5380419415126998 0.004629629629629629 0.011111111111111112
0 0.16386401833849495 0.851386717263689 0.004629629629629629 0.011111111111111112
0 0.19908199453336087 0.8163959538184672 0.004629629629629629 0.011111111111111112
0 0.6934781751899626 0.3251894259402952 0.004629629629629629 0.011111111111111112
0 0.6701573063681656 0.348359837543887 0.004629629629629629 0.011111111111111112
0 0.293418916269311 0.7226676573840394 0.004629629629629629 0.011111111111111112
0 0.39057975245629867 0.626133665301484 0.004629629629629629 0.011111111111111112
0 0.1711737491183818 0.8441241460372207 0.004629629629629629 0.011111111111111112
0 0.31530653253149465 0.7009212515493537 0.004629629629629629 0.011111111111111112
0 0.7825290474964587 0.23671307539061512 0.004629629629629629 0.011111111111111112
0 0.7121290555555628 0.30665887383511825 0.004629629629629629 0.011111111111111112
0 0.8647727272727272 0.1549999999999999 0.004629629629629629 0.011111111111111112
0 0.6571027895957193 0.36133013162747885 0.004629629629629629 0.011111111111111112
0 0.7156721554912588 0.3031386326086847 0.004629629629629629 0.011111111111111112
