0 0.8160042309992235 0.20345386081367486 0.004629629629629629 0.011111111111111112
0 0.41350166092123436 0.6033596401169672 0.004629629629629629 0.011111111111111112
0 0.7582900829953418 0.2607956594755958 0.004629629629629629 0.011111111111111112
0 0.8111887097701966 0.20823831416380462 0.004629629629629629 0.011111111111111112
0 0.8540989471174959 0.16560491705745572 0.004629629629629629 0.011111111111111112
0 0.2468800245718219 0.7689062981673512 0.004629629629629629 0.011111111111111112
0 0.35721481614474937 0.6592833439594102 0.004629629629629629 0.011111111111111112
0 0.4556751755478799 0.5614582126814613 0.004629629629629629 0.011111111111111112
0 0.8647727272727272 0.1550000000000001 0.004629629629629629 0.011111111111111112
0 0.5079663438454386 0.5095044067600158 0.004629629629629629 0.011111111111111112
0 0.7998736643573078 0.21948035928370724 0.004629629629629629 0.011111111111111112
0 0.7249584858635103 0.29391221404528667 0.004629629629629629 0.011111111111111112
0 0.6142899392196103 0.40386677006567767 0.004629629629629629 0.011111111111111112
0 0.16022727272727272 0.855 0.004629629629629629 0.011111111111111112
0 0.7592632186192451 0.25982880214604054 0.004629629629629629 0.011111111111111112
0 0.4951168235050248 0.5222710269692014 0.004629629629629629 0.011111111111111112
0 0.625323584936462 0.3929043091599024 0.004629629629629629 0.011111111111111112
0 0.5668864364435442 0.45096444379157535 0.004629629629629629 0.011111111111111112
0 0.847680695408586 0.17198176069082421 0.004629629629629629 0.011111111111111112
0 0.8322667110402123 0.1872962999987568 0.004629629629629629 0.011111111111111112
0 0.2532959343551301 0.7625317813503868 0.004629629629629629 0.011111111111111112
0 0.7370649313432847 0.2818838746653817 0.004629629629629629 0.011111111111111112
0 0.6792283505300242 0.339347316247589 0.004629629629629629 0.011111111111111112
0 0.7455407522765586 0.2734627364478063 0.004629629629629629 0.011111111111111112
0 0.6873458969962142 0.3312821410489228 0.004629629629629629 0.011111111111111112
0 0.6728896716244351 0.34564510045056124 0.004629629629629629 0.011111111111111112
0 0.7680364512173683 0.25111217104855016 0.004629629629629629 0.011111111111111112
0 0.6282391422318138 0.39000756191161734 0.004629629629629629 0.011111111111111112
0 0.6018954358146625 0.41618130893252886 0.004629629629629629 0.011111111111111112
0 0.852389010088668 0.16730382223448498 0.004629629629629629 0.011111111111111112
