0 0.20322318860762661 0.8122814771253258 0.004629629629629629 0.011111111111111112
0 0.19416499509808255 0.8212812306767439 0.004629629629629629 0.011111111111111112
0 0.23668233197174657 0.7790381992022647 0.004629629629629629 0.011111111111111112
0 0.32394317582653653 0.6923403285336347 0.004629629629629629 0.011111111111111112
0 0.3643117671613705 0.6522321797235415 0.004629629629629629 0.011111111111111112
0 0.18862987172406065 0.8267806435773849 0.004629629629629629 0.011111111111111112
0 0.1643198196946878 0.850933856561407 0.004629629629629629 0.011111111111111112
0 0.763715010376809 0.2554057316256219 0.004629629629629629 0.011111111111111112
0 0.4993492408340675 0.5180659155584103 0.004629629629629629 0.011111111111111112
0 0.32774070517544723 0.6885672993740717 0.004629629629629629 0.011111111111111112
0 0.2572714187242283 0.758581945267541 0.004629629629629629 0.011111111111111112
0 0.23840877602558072 0.777322893497165 0.004629629629629629 0.011111111111111112
0 0.5240654965249182 0.49350911958169413 0.004629629629629629 0.011111111111111112
0 0.8647727272727271 0.1550000000000001 0.004629629629629629 0.011111111111111112
0 0.44378473880854663 0.5732719369257021 0.004629629629629629 0.011111111111111112
0 0.207892536350792 0.8076422542063099 0.004629629629629629 0.011111111111111112
0 0.17384200130160182 0.841473108384215 0.004629629629629629 0.011111111111111112
0 0.20921497408686288 0.8063283483266007 0.004629629629629629 0.011111111111111112
0 0.18013597450516047 0.8352197414593889 0.004629629629629629 0.011111111111111112
0 0.30364975690490137 0.7125028221719044 0.004629629629629629 0.011111111111111112
0 0.19915217185625686 0.8163262292524932 0.004629629629629629 0.011111111111111112
0 0.22472841008104832 0.7909149990162487 0.004629629629629629 0.011111111111111112
0 0.2265520680160595 0.789103106616302 0.004629629629629629 0.011111111111111112
0 0.16022727272727275 0.855 0.004629629629629629 0.011111111111111112
0 0.1871108299227027 0.8282898851090567 0.004629629629629629 0.011111111111111112
0 0.18342988263262772 0.831947084352099 0.004629629629629629 0.011111111111111112
0 0.484300636215724 0.5330174324050225 0.004629629629629629 0.011111111111111112
0 0.2758276028336162 0.7401454784749877 0.004629629629629629 0.011111111111111112
0 0.17204512387693305 0.8432583930513052 0.004629629629629629 0.011111111111111112
0 0.4028060311858786 0.6139862657895142 0.004629629629629629 0.011111111111111112
