0 0.2658508651137289 0.7500578501450693 0.004629629629629629 0.011111111111111112
0 0.2574717792287224 0.7583828774114629 0.004629629629629629 0.011111111111111112
0 0.4225992655021064 0.5943207297591976 0.004629629629629629 0.011111111111111112
0 0.5799505145936268 0.43798465001665476 0.004629629629629629 0.011111111111111112
0 0.2797343617947352 0.7362639244103921 0.004629629629629629 0.011111111111111112
0 0.1742434752431541 0.8410742245971243 0.004629629629629629 0.011111111111111112
0 0.17591715081154333 0.8394113469356279 0.004629629629629629 0.011111111111111112
0 0.26751486880748215 0.7484045819590178 0.004629629629629629 0.011111111111111112
0 0.20035329303736368 0.8151328572402967 0.004629629629629629 0.011111111111111112
0 0.8647727272727272 0.155 0.004629629629629629 0.011111111111111112
0 0.547594050064262 0.4701323631619591 0.004629629629629629 0.011111111111111112
0 0.404551818058263 0.612251742058242 0.004629629629629629 0.011111111111111112
0 0.43713445240344984 0.5798793182572176 0.004629629629629629 0.011111111111111112
0 0.21261998267198892 0.8029453075387981 0.004629629629629629 0.011111111111111112
0 0.29950261521482846 0.7166232081091382 0.004629629629629629 0.011111111111111112
0 0.6381415358725889 0.3801690546814277 0.004629629629629629 0.011111111111111112
0 0.19153939565092232 0.8238898907726321 0.004629629629629629 0.011111111111111112
0 0.2071037054471966 0.8084259958782692 0.004629629629629629 0.011111111111111112
0 0.6578984419855648 0.3605396124788582 0.004629629629629629 0.011111111111111112
0 0.5594493509729775 0.4583535480655578 0.004629629629629629 0.011111111111111112
0 0.16022727272727275 0.855 0.004629629629629629 0.011111111111111112
0 0.1627379835716111 0.8525054872901412 0.004629629629629629 0.011111111111111112
0 0.17235521478942195 0.8429503027253484 0.004629629629629629 0.011111111111111112
0 0.34661217252021764 0.6698175834315256 0.004629629629629629 0.011111111111111112
0 0.17812632495426572 0.8372164255293102 0.004629629629629629 0.011111111111111112
0 0.3331765552576217 0.6831665192924276 0.004629629629629629 0.011111111111111112
0 0.6605324802784517 0.3579225679814093 0.004629629629629629 0.011111111111111112
0 0.3479323544441727 0.6685059188103059 0.004629629629629629 0.011111111111111112
0 0.18532620874248665 0.8300629926042391 0.004629629629629629 0.011111111111111112
0 0.4105269712103178 0.6063151382813616 0.004629629629629629 0.011111111111111112
