0 0.2614176228656039 0.7544624908303033 0.004629629629629629 0.011111111111111112
0 0.1710630935045544 0.8442340877438621 0.004629629629629629 0.011111111111111112
0 0.4756427005193576 0.541619510451735 0.004629629629629629 0.011111111111111112
0 0.349938766297844 0.6665124515492389 0.004629629629629629 0.011111111111111112
0 0.2528251542539688 0.7629995241605729 0.004629629629629629 0.011111111111111112
0 0.3524925735330197 0.663975120489774 0.004629629629629629 0.011111111111111112
0 0.8341525833518649 0.18542259460524393 0.004629629629629629 0.011111111111111112
0 0.6155147918529218 0.40264981970741953 0.004629629629629629 0.011111111111111112
0 0.8647727272727272 0.1549999999999999 0.004629629629629629 0.011111111111111112
0 0.6380672024129865 0.38024290857032317 0.004629629629629629 0.011111111111111112
0 0.19502515680750532 0.8204266183977044 0.004629629629629629 0.011111111111111112
0 0.4128703982660781 0.6039868301098321 0.004629629629629629 0.011111111111111112
0 0.19103427685049723 0.8243917507420866 0.004629629629629629 0.011111111111111112
0 0.24051005927477956 0.7752351669140901 0.004629629629629629 0.011111111111111112
0 0.4687097208826608 0.54850776118755 0.004629629629629629 0.011111111111111112
0 0.2677761281472495 0.7481450081633779 0.004629629629629629 0.011111111111111112
0 0.17324126591946384 0.8420699680542101 0.004629629629629629 0.011111111111111112
0 0.20501005533935632 0.8105061385660589 0.004629629629629629 0.011111111111111112
0 0.22336664360290417 0.7922679799042113 0.004629629629629629 0.011111111111111112
0 0.19716463618399072 0.8183009421139704 0.004629629629629629 0.011111111111111112
0 0.24835325213801493 0.7674425752951336 0.004629629629629629 0.011111111111111112
0 0.22168646805625533 0.7939373156086238 0.004629629629629629 0.011111111111111112
0 0.32618751960791115 0.6901104643895593 0.004629629629629629 0.011111111111111112
0 0.4310345347074729 0.5859398816454786 0.004629629629629629 0.011111111111111112
0 0.29721185667768246 0.7188991875589478 0.004629629629629629 0.011111111111111112
0 0.20723579129400815 0.8082947621982113 0.004629629629629629 0.011111111111111112
0 0.16794648323939568 0.8473305908460197 0.004629629629629629 0.011111111111111112
0 0.16022727272727275 0.855 0.004629629629629629 0.011111111111111112
0 0.3720477420147033 0.6445461143853916 0.004629629629629629 0.011111111111111112
0 0.3420853530744948 0.674315197590502 0.004629629629629629 0.011111111111111112
