0 0.3093132277536588 0.706875889844752 0.004629629629629629 0.011111111111111112
0 0.5662586624879283 0.45158816759263903 0.004629629629629629 0.011111111111111112
0 0.8647727272727272 0.1550000000000001 0.004629629629629629 0.011111111111111112
0 0.392558937764738 0.6241672489305184 0.004629629629629629 0.011111111111111112
0 0.16022727272727275 0.855 0.004629629629629629 0.011111111111111112
0 0.17878757679098112 0.8365594398334768 0.004629629629629629 0.011111111111111112
0 0.6079565224957036 0.4101593260365268 0.004629629629629629 0.011111111111111112
0 0.49300206149261705 0.5243721453557225 0.004629629629629629 0.011111111111111112
0 0.8272533567990696 0.19227731001898907 0.004629629629629629 0.011111111111111112
0 0.2442052615146338 0.7715638046886865 0.004629629629629629 0.011111111111111112
0 0.3251091564620242 0.6911818703538599 0.004629629629629629 0.011111111111111112
0 0.40810441593990676 0.6087220641629314 0.004629629629629629 0.011111111111111112
0 0.23881397836694382 0.7769203053644559 0.004629629629629629 0.011111111111111112
0 0.20113616241810423 0.8143550386297546 0.004629629629629629 0.011111111111111112
0 0.6263995227262037 0.39183531290428814 0.004629629629629629 0.011111111111111112
0 0.22033676337354013 0.7952783125191925 0.004629629629629629 0.011111111111111112
0 0.2511354410126453 0.764678336026146 0.004629629629629629 0.011111111111111112
0 0.17230581295996186 0.8429993858333282 0.004629629629629629 0.011111111111111112
0 0.19251249282142047 0.8229230716483952 0.004629629629629629 0.011111111111111112
0 0.3767941283148595 0.6398303499323332 0.004629629629629629 0.011111111111111112
0 0.28237074640947357 0.7336445487286521 0.004629629629629629 0.011111111111111112
0 0.5501108891814683 0.4676317617164766 0.004629629629629629 0.011111111111111112
0 0.4237374869324331 0.5931898516929374 0.004629629629629629 0.011111111111111112
0 0.2770180868674185 0.7389626749833391 0.004629629629629629 0.011111111111111112
0 0.6548345077181159 0.36358377942845266 0.004629629629629629 0.011111111111111112
0 0.17454211048009804 0.8407775160391284 0.004629629629629629 0.011111111111111112
0 0.17006278423745508 0.8452279434027866 0.004629629629629629 0.011111111111111112
0 0.26099654064821903 0.7548808563882212 0.004629629629629629 0.011111111111111112
0 0.5648859545594273 0.4529520193409562 0.004629629629629629 0.011111111111111112
0 0.6014249575207676 0.41664875188259237 0.004629629629629629 0.011111111111111112
