0 0.8091535264762837 0.21026036724291816 0.004629629629629629 0.011111111111111112
0 0.8352132301974249 0.18436879064255868 0.004629629629629629 0.011111111111111112
0 0.8647727272727275 0.155 0.004629629629629629 0.011111111111111112
0 0.3214916947164022 0.6947759936366069 0.004629629629629629 0.011111111111111112
0 0.5452792740358131 0.47243220515151463 0.004629629629629629 0.011111111111111112
0 0.6555551872237754 0.36286774946799094 0.004629629629629629 0.011111111111111112
0 0.6584379960606206 0.3600035393978351 0.004629629629629629 0.011111111111111112
0 0.4861076266110242 0.5312221000122727 0.004629629629629629 0.011111111111111112
0 0.37369121939139194 0.6429132400885526 0.004629629629629629 0.011111111111111112
0 0.18949127127846604 0.8259248014394596 0.004629629629629629 0.011111111111111112
0 0.5078068569446506 0.5096628647130569 0.004629629629629629 0.011111111111111112
0 0.8057562844121048 0.2136356916163602 0.004629629629629629 0.011111111111111112
0 0.8381731128679502 0.18142800398926237 0.004629629629629629 0.011111111111111112
0 0.7447330476998637 0.2742652300272323 0.004629629629629629 0.011111111111111112
0 0.5863944300624875 0.4315823081959802 0.004629629629629629 0.011111111111111112
0 0.4865249884134888 0.5308074308665982 0.004629629629629629 0.011111111111111112
0 0.24181160568541582 0.7739420175770707 0.004629629629629629 0.011111111111111112
0 0.4013544498657681 0.6154284820688499 0.004629629629629629 0.011111111111111112
0 0.16022727272727272 0.855 0.004629629629629629 0.011111111111111112
0 0.5705768216366756 0.4472978675351742 0.004629629629629629 0.011111111111111112
0 0.6056995644211813 0.4124017230912134 0.004629629629629629 0.011111111111111112
0 0.6081688448693527 0.4099483734846431 0.004629629629629629 0.011111111111111112
0 0.5031934912041685 0.5142464668036004 0.004629629629629629 0.011111111111111112
0 0.8084857681845167 0.21092381741667374 0.004629629629629629 0.011111111111111112
0 0.6411894143335402 0.3771408399524828 0.004629629629629629 0.011111111111111112
0 0.29690845953920586 0.719200627296531 0.004629629629629629 0.011111111111111112
0 0.7248626558381257 0.29400742581244277 0.004629629629629629 0.011111111111111112
0 0.6508086835403185 0.3675836305470384 0.004629629629629629 0.011111111111111112
0 0.5437946309009222 0.4739072699435999 0.004629629629629629 0.011111111111111112
0 0.8097171502874851 0.20970037971436956 0.004629629629629629 0.011111111111111112
