0 0.4644936282474217 0.5526966532251424 0.004629629629629629 0.011111111111111112
0 0.7153254844578469 0.30348306705478423 0.004629629629629629 0.011111111111111112
0 0.6442472589112633 0.37410272340429335 0.004629629629629629 0.011111111111111112
0 0.8255839717587196 0.1939359248332721 0.004629629629629629 0.011111111111111112
0 0.6717677912298196 0.346759742907147 0.004629629629629629 0.011111111111111112
0 0.5255572819952564 0.4920269585337453 0.004629629629629629 0.011111111111111112
0 0.16022727272727275 0.855 0.004629629629629629 0.011111111111111112
0 0.7418490140704311 0.2771306569880878 0.004629629629629629 0.011111111111111112
0 0.3680828580777549 0.6484854184259726 0.004629629629629629 0.011111111111111112
0 0.5160597309643747 0.5014632350418471 0.004629629629629629 0.011111111111111112
0 0.33034579155205307 0.6859790200063474 0.004629629629629629 0.011111111111111112
0 0.4491003942909464 0.5679905759948017 0.004629629629629629 0.011111111111111112
0 0.38727961416241097 0.6294125123805724 0.004629629629629629 0.011111111111111112
0 0.5926544005343239 0.4253627246304136 0.004629629629629629 0.011111111111111112
0 0.36886058233168956 0.6477127117478698 0.004629629629629629 0.011111111111111112
0 0.17645851285606967 0.8388734775494535 0.004629629629629629 0.011111111111111112
0 0.3168857488578927 0.6993522237153841 0.004629629629629629 0.011111111111111112
0 0.46049554043853796 0.5566689469191302 0.004629629629629629 0.011111111111111112
0 0.8647727272727272 0.155 0.004629629629629629 0.011111111111111112
0 0.5442629604467238 0.4734419618787389 0.004629629629629629 0.011111111111111112
0 0.6939423180819722 0.32472827751855665 0.004629629629629629 0.011111111111111112
0 0.40654379816947334 0.6102726134316201 0.004629629629629629 0.011111111111111112
0 0.4307317714381489 0.5862406916033877 0.004629629629629629 0.011111111111111112
0 0.43286205587749216 0.5841241509346208 0.004629629629629629 0.011111111111111112
0 0.48092153766265405 0.5363747303222662 0.004629629629629629 0.011111111111111112
0 0.5744472453817723 0.4434524142658521 0.004629629629629629 0.011111111111111112
0 0.40742561630551755 0.6093964844448407 0.004629629629629629 0.011111111111111112
0 0.306041817145903 0.710126194577619 0.004629629629629629 0.011111111111111112
0 0.800895445488362 0.21846517028898232 0.004629629629629629 0.011111111111111112
0 0.4928229730806439 0.5245500783585861 0.004629629629629629 0.011111111111111112
