0 0.4369099062604383 0.5801024157154354 0.004629629629629629 0.011111111111111112
0 0.6575893395686712 0.3608467206866105 0.004629629629629629 0.011111111111111112
0 0.6332707518688331 0.38500841427225624 0.004629629629629629 0.011111111111111112
0 0.36929579647694977 0.6472803054358047 0.004629629629629629 0.011111111111111112
0 0.4857827815956102 0.5315448492533937 0.004629629629629629 0.011111111111111112
0 0.20420148986983933 0.8113094874841598 0.004629629629629629 0.011111111111111112
0 0.42050414964320143 0.5964023287415935 0.004629629629629629 0.011111111111111112
0 0.4123472132778647 0.6045066397110247 0.004629629629629629 0.011111111111111112
0 0.27648673844987814 0.7394905953465727 0.004629629629629629 0.011111111111111112
0 0.6490340101114481 0.369346854469916 0.004629629629629629 0.011111111111111112
0 0.4528679452423175 0.564247331823762 0.004629629629629629 0.011111111111111112
0 0.2722385569278296 0.7437113692458983 0.004629629629629629 0.011111111111111112
0 0.8647727272727272 0.155 0.004629629629629629 0.011111111111111112
0 0.2407629365297341 0.7749839211252965 0.004629629629629629 0.011111111111111112
0 0.4359116197112021 0.5810942617062894 0.004629629629629629 0.011111111111111112
0 0.2647669741817256 0.75113474823235 0.004629629629629629 0.011111111111111112
0 0.18872687011843675 0.8266842709791015 0.004629629629629629 0.011111111111111112
0 0.603525165394457 0.4145620937371201 0.004629629629629629 0.011111111111111112
0 0.6369151144026197 0.3813875637548166 0.004629629629629629 0.011111111111111112
0 0.4541289339255328 0.5629944785514062 0.004629629629629629 0.011111111111111112
0 0.5347356958939588 0.4829077602085829 0.004629629629629629 0.011111111111111112
0 0.5021443288473232 0.5152888603710467 0.004629629629629629 0.011111111111111112
0 0.16022727272727275 0.855 0.004629629629629629 0.011111111111111112
0 0.23378892341275445 0.7819129406092634 0.004629629629629629 0.011111111111111112
0 0.49420524540135363 0.5231767239238163 0.004629629629629629 0.011111111111111112
0 0.16681964468174157 0.8484501594774954 0.004629629629629629 0.011111111111111112
0 0.5409954185819476 0.4766884228282586 0.004629629629629629 0.011111111111111112
0 0.552827887956754 0.46493229196554775 0.004629629629629629 0.011111111111111112
0 0.7585160561140143 0.2605711442480116 0.004629629629629629 0.011111111111111112
0 0.3695813167344317 0.6469966272445001 0.004629629629629629 0.011111111111111112
