0 0.4088841160362736 0.607947394389767 0.004629629629629629 0.011111111111111112
0 0.22745966355259734 0.7882013665348387 0.004629629629629629 0.011111111111111112
0 0.49413432479876607 0.5232471869741291 0.004629629629629629 0.011111111111111112
0 0.7238615914067587 0.2950020317636075 0.004629629629629629 0.011111111111111112
0 0.3648193896554483 0.6517278322132966 0.004629629629629629 0.011111111111111112
0 0.488980748567896 0.5283675143260905 0.004629629629629629 0.011111111111111112
0 0.16022727272727272 0.855 0.004629629629629629 0.011111111111111112
0 0.7986076388610377 0.22073821687354972 0.004629629629629629 0.011111111111111112
0 0.61407255059775 0.40408275618029993 0.004629629629629629 0.011111111111111112
0 0.7961819833224894 0.22314822302152662 0.004629629629629629 0.011111111111111112
0 0.47147021134389405 0.5457650803421956 0.004629629629629629 0.011111111111111112
0 0.5635920586539414 0.45423756753092276 0.004629629629629629 0.011111111111111112
0 0.8647727272727275 0.155 0.004629629629629629 0.011111111111111112
0 0.5284389741371829 0.4891638579540248 0.004629629629629629 0.011111111111111112
0 0.4583859180272795 0.5587649588632191 0.004629629629629629 0.011111111111111112
0 0.666946704577061 0.35154972577504917 0.004629629629629629 0.011111111111111112
0 0.5634465856036012 0.4543821020454543 0.004629629629629629 0.011111111111111112
0 0.6546841482244459 0.3637331688608731 0.004629629629629629 0.011111111111111112
0 0.43255525758571195 0.5844289698825831 0.004629629629629629 0.011111111111111112
0 0.6222334485256433 0.3959745092067801 0.004629629629629629 0.011111111111111112
0 0.6830819719098821 0.3355185569411494 0.004629629629629629 0.011111111111111112
0 0.5725965307972523 0.44529118875627843 0.004629629629629629 0.011111111111111112
0 0.565443236210221 0.4523983330556514 0.004629629629629629 0.011111111111111112
0 0.586372516528288 0.4316040803525398 0.004629629629629629 0.011111111111111112
0 0.43059605611574425 0.586375531343067 0.004629629629629629 0.011111111111111112
0 0.33104108248371933 0.6852882148226273 0.004629629629629629 0.011111111111111112
0 0.684049072992913 0.33455769521994455 0.004629629629629629 0.011111111111111112
0 0.5216748417818362 0.49588435074578857 0.004629629629629629 0.011111111111111112
0 0.44220316675468363 0.5748433052888949 0.004629629629629629 0.011111111111111112
0 0.5427713382942032 0.4749239606625337 0.004629629629629629 0.011111111111111112
