0 0.7107333099323992 0.30804561464780966 0.004629629629629629 0.011111111111111112
0 0.8617688340450868 0.15798451327133317 0.004629629629629629 0.011111111111111112
0 0.742916985552442 0.2760695756446704 0.004629629629629629 0.011111111111111112
0 0.7838369490244083 0.2354136119370395 0.004629629629629629 0.011111111111111112
0 0.5939770870274811 0.4240485715985029 0.004629629629629629 0.011111111111111112
0 0.6510756001101325 0.36731843601961023 0.004629629629629629 0.011111111111111112
0 0.3907455019799096 0.6259689851296383 0.004629629629629629 0.011111111111111112
0 0.6520095472243598 0.3663905143706362 0.004629629629629629 0.011111111111111112
0 0.8647727272727275 0.1549999999999999 0.004629629629629629 0.011111111111111112
0 0.6751592033309908 0.34339021088404786 0.004629629629629629 0.011111111111111112
0 0.35189389805543764 0.6645699335449201 0.004629629629629629 0.011111111111111112
0 0.6226015132200018 0.3956088191233529 0.004629629629629629 0.011111111111111112
0 0.702599042697101 0.3161274027396545 0.004629629629629629 0.011111111111111112
0 0.7352109372867546 0.2837259074699342 0.004629629629629629 0.011111111111111112
0 0.46390696161276423 0.5532795349137698 0.004629629629629629 0.011111111111111112
0 0.49111142341908137 0.5262505857642678 0.004629629629629629 0.011111111111111112
0 0.8300708969848328 0.18947794751184358 0.004629629629629629 0.011111111111111112
0 0.41180190037600445 0.6050484344651312 0.004629629629629629 0.011111111111111112
0 0.1602272727272726 0.8550000000000001 0.004629629629629629 0.011111111111111112
0 0.7776323368786522 0.2415781943270166 0.004629629629629629 0.011111111111111112
0 0.7966175399390032 0.22271547644770032 0.004629629629629629 0.011111111111111112
0 0.44907879632063574 0.5680120346233685 0.004629629629629629 0.011111111111111112
0 0.6525396579850824 0.36586382367933756 0.004629629629629629 0.011111111111111112
0 0.6524055965400656 0.36599702021180575 0.004629629629629629 0.011111111111111112
0 0.1642127760543057 0.8510402095976576 0.004629629629629629 0.011111111111111112
0 0.32600093754994086 0.6902958426923169 0.004629629629629629 0.011111111111111112
0 0.5674312936944752 0.45042310174871486 0.004629629629629629 0.011111111111111112
0 0.7432147912038647 0.27577369132003116 0.004629629629629629 0.011111111111111112
0 0.4901232290549359 0.5272324046809025 0.004629629629629629 0.011111111111111112
0 0.7014225774405414 0.31729627789778475 0.004629629629629629 0.011111111111111112
