0 0.8618045459792967 0.15794903173669878 0.004629629629629629 0.011111111111111112
0 0.16022727272727272 0.855 0.004629629629629629 0.011111111111111112
0 0.7263998520052932 0.29248014703990227 0.004629629629629629 0.011111111111111112
0 0.6677569659842227 0.35074469186083673 0.004629629629629629 0.011111111111111112
0 0.7897052791333815 0.2295831420223177 0.004629629629629629 0.011111111111111112
0 0.6219421105626044 0.3962639675700575 0.004629629629629629 0.011111111111111112
0 0.8375192632044866 0.18207763526780035 0.004629629629629629 0.011111111111111112
0 0.7878150589041075 0.2314611672823705 0.004629629629629629 0.011111111111111112
0 0.7758125738409754 0.24338621695799872 0.004629629629629629 0.011111111111111112
0 0.8647727272727275 0.15499999999999978 0.004629629629629629 0.011111111111111112
0 0.7985220014297838 0.22082330180524695 0.004629629629629629 0.011111111111111112
0 0.49501965241575563 0.522367571148217 0.004629629629629629 0.011111111111111112
0 0.7623087471839667 0.256802922152704 0.004629629629629629 0.011111111111111112
0 0.8166206028581894 0.2028414655473473 0.004629629629629629 0.011111111111111112
0 0.7498633895734114 0.26916798713351386 0.004629629629629629 0.011111111111111112
0 0.7879402572320771 0.231336776685549 0.004629629629629629 0.011111111111111112
0 0.8204930744996979 0.19899397759384851 0.004629629629629629 0.011111111111111112
0 0.8509313109523824 0.16875211686021363 0.004629629629629629 0.011111111111111112
0 0.5876056975046763 0.43037885538245063 0.004629629629629629 0.011111111111111112
0 0.8382198216156945 0.1813815965882777 0.004629629629629629 0.011111111111111112
0 0.4403462695087425 0.5766882225526042 0.004629629629629629 0.011111111111111112
0 0.6110310467432014 0.4071046374293353 0.004629629629629629 0.011111111111111112
0 0.2543130199181344 0.7615212576297246 0.004629629629629629 0.011111111111111112
0 0.6672282294729458 0.351270017168815 0.004629629629629629 0.011111111111111112
0 0.7738113160952783 0.24537456336340085 0.004629629629629629 0.011111111111111112
0 0.7638554124289857 0.25526623539313675 0.004629629629629629 0.011111111111111112
0 0.8635245317961437 0.15624014260254102 0.004629629629629629 0.011111111111111112
0 0.6530464935949942 0.36536025797658633 0.004629629629629629 0.011111111111111112
0 0.6357990417148666 0.3824964359736165 0.004629629629629629 0.011111111111111112
0 0.7519862392549004 0.2670588332564215 0.004629629629629629 0.011111111111111112
