0 0.4890677118193819 0.5282811121278398 0.004629629629629629 0.011111111111111112
0 0.3558190139941326 0.6606701409348619 0.004629629629629629 0.011111111111111112
0 0.29185948671579176 0.7242170261017296 0.004629629629629629 0.011111111111111112
0 0.5371251909603273 0.48053368123941687 0.004629629629629629 0.011111111111111112
0 0.357781823254288 0.6587199949602559 0.004629629629629629 0.011111111111111112
0 0.18638564591025997 0.8290103905149675 0.004629629629629629 0.011111111111111112
0 0.1664009856628525 0.8488661174704563 0.004629629629629629 0.011111111111111112
0 0.2585002310922613 0.7573610607212372 0.004629629629629629 0.011111111111111112
0 0.443369280664182 0.5736847146949418 0.004629629629629629 0.011111111111111112
0 0.6104002405567599 0.4077313738984451 0.004629629629629629 0.011111111111111112
0 0.42156850305858845 0.5953448421224347 0.004629629629629629 0.011111111111111112
0 0.16022727272727275 0.855 0.004629629629629629 0.011111111111111112
0 0.6960414602360583 0.32264267821707765 0.004629629629629629 0.011111111111111112
0 0.4390375149718313 0.5779885335118579 0.004629629629629629 0.011111111111111112
0 0.5659982427286729 0.4518469072244152 0.004629629629629629 0.011111111111111112
0 0.18272027157983967 0.8326521172690625 0.004629629629629629 0.011111111111111112
0 0.3341444822814447 0.6822048369590807 0.004629629629629629 0.011111111111111112
0 0.4832342768099907 0.5340769120726544 0.004629629629629629 0.011111111111111112
0 0.27474600397382715 0.7412200992776169 0.004629629629629629 0.011111111111111112
0 0.4591948767971134 0.5579612191822227 0.004629629629629629 0.011111111111111112
0 0.2809816674082582 0.7350246659298597 0.004629629629629629 0.011111111111111112
0 0.18885258165430654 0.8265593704853986 0.004629629629629629 0.011111111111111112
0 0.8647727272727272 0.155 0.004629629629629629 0.011111111111111112
0 0.36191706826131753 0.6546114289532717 0.004629629629629629 0.011111111111111112
0 0.24527012111253654 0.7705058151527058 0.004629629629629629 0.011111111111111112
0 0.6162625659933879 0.4019068699162467 0.004629629629629629 0.011111111111111112
0 0.4992915254086776 0.5181232586262171 0.004629629629629629 0.011111111111111112
0 0.5018885748330738 0.5155429643593977 0.004629629629629629 0.011111111111111112
0 0.7991498943707533 0.2201994597864773 0.004629629629629629 0.011111111111111112
0 0.501603296449275 0.5158264022374944 0.004629629629629629 0.011111111111111112
