0 0.5072881058064577 0.5101782690697131 0.004629629629629629 0.011111111111111112
0 0.29384925454637123 0.7222400954829602 0.004629629629629629 0.011111111111111112
0 0.5830664192763089 0.4348888479448286 0.004629629629629629 0.011111111111111112
0 0.42775357217622884 0.589199676676521 0.004629629629629629 0.011111111111111112
0 0.5162241222740658 0.5012999043212508 0.004629629629629629 0.011111111111111112
0 0.4094334303316812 0.6074016240575554 0.004629629629629629 0.011111111111111112
0 0.23990121216146207 0.7758400859815151 0.004629629629629629 0.011111111111111112
0 0.29559459029264495 0.7205060199673076 0.004629629629629629 0.011111111111111112
0 0.23676246447683194 0.7789585836810832 0.004629629629629629 0.011111111111111112
0 0.4304895834385273 0.5864813170997859 0.004629629629629629 0.011111111111111112
0 0.16022727272727275 0.855 0.004629629629629629 0.011111111111111112
0 0.2903591556321276 0.7257076776300152 0.004629629629629629 0.011111111111111112
0 0.5315978850992823 0.48602532706264856 0.004629629629629629 0.011111111111111112
0 0.4190200353854801 0.5978768680686197 0.004629629629629629 0.011111111111111112
0 0.22408262645799454 0.7915566162933474 0.004629629629629629 0.011111111111111112
0 0.5083377120018943 0.5091354345271502 0.004629629629629629 0.011111111111111112
0 0.8647727272727271 0.1550000000000001 0.004629629629629629 0.011111111111111112
0 0.3551735035196688 0.6613114868256194 0.004629629629629629 0.011111111111111112
0 0.3667826064801316 0.6497772813036111 0.004629629629629629 0.011111111111111112
0 0.2928407678496904 0.723242075813856 0.004629629629629629 0.011111111111111112
0 0.23270148368799837 0.7829933645938597 0.004629629629629629 0.011111111111111112
0 0.40401727901020573 0.6127828324672795 0.004629629629629629 0.011111111111111112
0 0.4035750336696161 0.6132222246121233 0.004629629629629629 0.011111111111111112
0 0.20758975901777552 0.8079430781371778 0.004629629629629629 0.011111111111111112
0 0.39194230311333506 0.6247799052938477 0.004629629629629629 0.011111111111111112
0 0.6790644616651261 0.3395101477649715 0.004629629629629629 0.011111111111111112
0 0.3659173482880008 0.650636957184825 0.004629629629629629 0.011111111111111112
0 0.45579784017722 0.5613363394368265 0.004629629629629629 0.011111111111111112
0 0.3085330853734474 0.7076509990483169 0.004629629629629629 0.011111111111111112
0 0.25345994795249294 0.7623688259052651 0.004629629629629629 0.011111111111111112
