0 0.6141704932919353 0.40398544537446424 0.004629629629629629 0.011111111111111112
0 0.5431068363102339 0.47459062714983224 0.004629629629629629 0.011111111111111112
0 0.44721261975218746 0.5698661713429879 0.004629629629629629 0.011111111111111112
0 0.3773993048509453 0.6392290777609962 0.004629629629629629 0.011111111111111112
0 0.3217605882966799 0.6945088348536212 0.004629629629629629 0.011111111111111112
0 0.2880757780900136 0.7279763237041156 0.004629629629629629 0.011111111111111112
0 0.16022727272727275 0.855 0.004629629629629629 0.011111111111111112
0 0.6311752998405447 0.38709034725520075 0.004629629629629629 0.011111111111111112
0 0.41034149911921397 0.6064994137783293 0.004629629629629629 0.011111111111111112
0 0.4845413510523001 0.5327782705673921 0.004629629629629629 0.011111111111111112
0 0.4957760518385529 0.5216160517216959 0.004629629629629629 0.011111111111111112
0 0.5870326705799749 0.43094818535925083 0.004629629629629629 0.011111111111111112
0 0.2831760269685272 0.732844463528044 0.004629629629629629 0.011111111111111112
0 0.7588515813449405 0.2602377836959947 0.004629629629629629 0.011111111111111112
0 0.33313059221306873 0.6832121858012091 0.004629629629629629 0.011111111111111112
0 0.29290842959232305 0.7231748505985952 0.004629629629629629 0.011111111111111112
0 0.6070789155590157 0.411031270992978 0.004629629629629629 0.011111111111111112
0 0.46844803567473026 0.5487677581038163 0.004629629629629629 0.011111111111111112
0 0.19459239422071492 0.8208565889678059 0.004629629629629629 0.011111111111111112
0 0.5692047800139424 0.44866105727647004 0.004629629629629629 0.011111111111111112
0 0.7741678115731683 0.24502036785633619 0.004629629629629629 0.011111111111111112
0 0.5300929327535964 0.4875205700383624 0.004629629629629629 0.011111111111111112
0 0.7838899550869671 0.23536094784907777 0.004629629629629629 0.011111111111111112
0 0.5016369800955228 0.5157929359050935 0.004629629629629629 0.011111111111111112
0 0.7413061269743697 0.27767004158675535 0.004629629629629629 0.011111111111111112
0 0.8647727272727272 0.155 0.004629629629629629 0.011111111111111112
0 0.5144743379596999 0.5030383997045563 0.004629629629629629 0.011111111111111112
0 0.46453282116932276 0.5526577131608019 0.004629629629629629 0.011111111111111112
0 0.3261998241105586 0.6900982392707999 0.004629629629629629 0.011111111111111112
0 0.8330988003847029 0.1864695789726179 0.004629629629629629 0.011111111111111112
