0 0.2236430449588152 0.7919933617828545 0.004629629629629629 0.011111111111111112
0 0.16225927250687655 0.8529811098963936 0.004629629629629629 0.011111111111111112
0 0.16022727272727275 0.855 0.004629629629629629 0.011111111111111112
0 0.1917632404075809 0.8236674901756939 0.004629629629629629 0.011111111111111112
0 0.5061253065872889 0.5113335663584356 0.004629629629629629 0.011111111111111112
0 0.25419383504423326 0.7616396735689553 0.004629629629629629 0.011111111111111112
0 0.21794189833228264 0.7976577268182482 0.004629629629629629 0.011111111111111112
0 0.8647727272727271 0.155 0.004629629629629629 0.011111111111111112
0 0.19525922434375562 0.8201940609745911 0.004629629629629629 0.011111111111111112
0 0.20365161213006389 0.811855817625614 0.004629629629629629 0.011111111111111112
0 0.21392482670803048 0.8016488818513763 0.004629629629629629 0.011111111111111112
0 0.3109496911119277 0.7052499843146008 0.004629629629629629 0.011111111111111112
0 0.3950112765243046 0.6217307317113362 0.004629629629629629 0.011111111111111112
0 0.332798247227696 0.6835423866253859 0.004629629629629629 0.011111111111111112
0 0.4323231301903443 0.5846595996818515 0.004629629629629629 0.011111111111111112
0 0.17191855962964425 0.8433841407550632 0.004629629629629629 0.011111111111111112
0 0.1845391826514771 0.8308449411075648 0.004629629629629629 0.011111111111111112
0 0.2265482224656025 0.7891069273567561 0.004629629629629629 0.011111111111111112
0 0.25876441713273335 0.7570985791068326 0.004629629629629629 0.011111111111111112
0 0.7338117998217254 0.2851160182416405 0.004629629629629629 0.011111111111111112
0 0.3126246275825416 0.7035858538857328 0.004629629629629629 0.011111111111111112
0 0.416045889000731 0.6008318264121769 0.004629629629629629 0.011111111111111112
0 0.23895451495832087 0.7767806754607651 0.004629629629629629 0.011111111111111112
0 0.18334776984484463 0.8320286673799607 0.004629629629629629 0.011111111111111112
0 0.18422127065011176 0.83116080206376 0.004629629629629629 0.011111111111111112
0 0.34462941312333145 0.6717875508323029 0.004629629629629629 0.011111111111111112
0 0.22752246273148108 0.7881389725119479 0.004629629629629629 0.011111111111111112
0 0.43241684072570363 0.5845664937305912 0.004629629629629629 0.011111111111111112
0 0.28825653474157903 0.7277967332244957 0.004629629629629629 0.011111111111111112
0 0.20250191751053037 0.8129980948605052 0.004629629629629629 0.011111111111111112
