0 0.34474199138906425 0.671675698877962 0.004629629629629629 0.011111111111111112
0 0.17042118646616639 0.8448718534465186 0.004629629629629629 0.011111111111111112
0 0.5225493610740318 0.4950154735135427 0.004629629629629629 0.011111111111111112
0 0.3332353203577033 0.6831081333220238 0.004629629629629629 0.011111111111111112
0 0.27706285103122547 0.7389181996205889 0.004629629629629629 0.011111111111111112
0 0.24521304766929616 0.7705625203801831 0.004629629629629629 0.011111111111111112
0 0.3263272036758562 0.6899716815091493 0.004629629629629629 0.011111111111111112
0 0.605825409432209 0.4122766899834827 0.004629629629629629 0.011111111111111112
0 0.8647727272727272 0.1550000000000001 0.004629629629629629 0.011111111111111112
0 0.35897624417577295 0.6575332799801998 0.004629629629629629 0.011111111111111112
0 0.6900533137781037 0.3285921914720775 0.004629629629629629 0.011111111111111112
0 0.29554202560058335 0.7205582455323237 0.004629629629629629 0.011111111111111112
0 0.5211777297464892 0.496378255606714 0.004629629629629629 0.011111111111111112
0 0.5845360360592683 0.43342871256046894 0.004629629629629629 0.011111111111111112
0 0.2675225155932431 0.7483969845073585 0.004629629629629629 0.011111111111111112
0 0.2568252322114068 0.7590252531576991 0.004629629629629629 0.011111111111111112
0 0.2661929496149839 0.7497179726405966 0.004629629629629629 0.011111111111111112
0 0.28358716609518553 0.7324359769118803 0.004629629629629629 0.011111111111111112
0 0.2723265409571814 0.7436239528554456 0.004629629629629629 0.011111111111111112
0 0.16851958631630487 0.8467611852083164 0.004629629629629629 0.011111111111111112
0 0.496187803598009 0.521206956425204 0.004629629629629629 0.011111111111111112
0 0.5362386902684895 0.4814144625719524 0.004629629629629629 0.011111111111111112
0 0.24554960861505398 0.7702281307953658 0.004629629629629629 0.011111111111111112
0 0.21351205345779922 0.8020589920483803 0.004629629629629629 0.011111111111111112
0 0.5543738300663877 0.46339632367597605 0.004629629629629629 0.011111111111111112
0 0.3669918700237239 0.6495693678473968 0.004629629629629629 0.011111111111111112
0 0.3684132901629846 0.6481571181606477 0.004629629629629629 0.011111111111111112
0 0.16022727272727275 0.855 0.004629629629629629 0.011111111111111112
0 0.3083623050288049 0.7078206775842841 0.004629629629629629 0.011111111111111112
0 0.22120894779818423 0.7944117550908363 0.004629629629629629 0.011111111111111112
