0 0.3676071521341712 0.6489580552989525 0.004629629629629629 0.011111111111111112
0 0.42536106700885606 0.591576746326685 0.004629629629629629 0.011111111111111112
0 0.29227606083351076 0.7238031395589635 0.004629629629629629 0.011111111111111112
0 0.3849069493271391 0.6317698697007779 0.004629629629629629 0.011111111111111112
0 0.4560910686803334 0.5610450027305076 0.004629629629629629 0.011111111111111112
0 0.41952066529800414 0.5973794680264991 0.004629629629629629 0.011111111111111112
0 0.5990482400264538 0.41901013571565227 0.004629629629629629 0.011111111111111112
0 0.49420622705167083 0.5231757486067271 0.004629629629629629 0.011111111111111112
0 0.716938192611882 0.30188076346948517 0.004629629629629629 0.011111111111111112
0 0.40900544847287407 0.6078268447430799 0.004629629629629629 0.011111111111111112
0 0.47018169870167564 0.5470452799996256 0.004629629629629629 0.011111111111111112
0 0.7732788107842401 0.2459036331563034 0.004629629629629629 0.011111111111111112
0 0.5716831958239844 0.44619863124584774 0.004629629629629629 0.011111111111111112
0 0.6298490315819062 0.3884080589444286 0.004629629629629629 0.011111111111111112
0 0.3226105783672384 0.6936643285899696 0.004629629629629629 0.011111111111111112
0 0.3970813443966498 0.6196740191155866 0.004629629629629629 0.011111111111111112
0 0.6271924532171794 0.3910474980938992 0.004629629629629629 0.011111111111111112
0 0.21440044804938269 0.801176329034807 0.004629629629629629 0.011111111111111112
0 0.16022727272727275 0.855 0.004629629629629629 0.011111111111111112
0 0.37951441471208264 0.6371276137699308 0.004629629629629629 0.011111111111111112
0 0.2555892446109765 0.7602532666445782 0.004629629629629629 0.011111111111111112
0 0.8401346878660413 0.17947908431373968 0.004629629629629629 0.011111111111111112
0 0.6097357534140195 0.4083915740273612 0.004629629629629629 0.011111111111111112
0 0.35920533447452074 0.6573056676833794 0.004629629629629629 0.011111111111111112
0 0.6092802301701731 0.40884415841157 0.004629629629629629 0.011111111111111112
0 0.5850250498850924 0.43294285366255336 0.004629629629629629 0.011111111111111112
0 0.8647727272727275 0.155 0.004629629629629629 0.011111111111111112
0 0.2946611166997339 0.7214334711499418 0.004629629629629629 0.011111111111111112
0 0.6661800317766094 0.3523114522993687 0.004629629629629629 0.011111111111111112
0 0.4863788048820015 0.5309526712785275 0.004629629629629629 0.011111111111111112
