0 0.5723468786235856 0.4455392302707603 0.004629629629629629 0.011111111111111112
0 0.5486156917896512 0.46911731267350787 0.004629629629629629 0.011111111111111112
0 0.6781671070426927 0.340401713002744 0.004629629629629629 0.011111111111111112
0 0.8647727272727272 0.155 0.004629629629629629 0.011111111111111112
0 0.5393797449601709 0.4782936727492496 0.004629629629629629 0.011111111111111112
0 0.3781063118969949 0.6385266320507277 0.004629629629629629 0.011111111111111112
0 0.16022727272727275 0.855 0.004629629629629629 0.011111111111111112
0 0.626015093270767 0.39221726216968966 0.004629629629629629 0.011111111111111112
0 0.5169536051731995 0.5005751277634019 0.004629629629629629 0.011111111111111112
0 0.7532359965797255 0.26581713888207914 0.004629629629629629 0.011111111111111112
0 0.71420782583875 0.304593514973113 0.004629629629629629 0.011111111111111112
0 0.5309382050787858 0.48668075108301284 0.004629629629629629 0.011111111111111112
0 0.5294461804838368 0.48816314971283314 0.004629629629629629 0.011111111111111112
0 0.3637957440982362 0.6527448736056234 0.004629629629629629 0.011111111111111112
0 0.7174918872662588 0.3013306410386848 0.004629629629629629 0.011111111111111112
0 0.5735616949176074 0.44433225150121586 0.004629629629629629 0.011111111111111112
0 0.5669216208908481 0.4509294863407057 0.004629629629629629 0.011111111111111112
0 0.5985067700573776 0.4195481123300893 0.004629629629629629 0.011111111111111112
0 0.5309452505805888 0.48667375103606014 0.004629629629629629 0.011111111111111112
0 0.7397077808968596 0.27925807575408795 0.004629629629629629 0.011111111111111112
0 0.7123739537236126 0.30641555565524947 0.004629629629629629 0.011111111111111112
0 0.3486062533231703 0.6678363676660115 0.004629629629629629 0.011111111111111112
0 0.28125141497903233 0.7347566586659936 0.004629629629629629 0.011111111111111112
0 0.6003359209192383 0.41773076244153107 0.004629629629629629 0.011111111111111112
0 0.7797746001280565 0.2394497521308341 0.004629629629629629 0.011111111111111112
0 0.8275196610630645 0.19201272384701987 0.004629629629629629 0.011111111111111112
0 0.19600558162563464 0.8194525189009824 0.004629629629629629 0.011111111111111112
0 0.17682331359793946 0.8385110303607569 0.004629629629629629 0.011111111111111112
0 0.6093320250589437 0.4087926976833721 0.004629629629629629 0.011111111111111112
0 0.5611402965934008 0.45667351177171794 0.004629629629629629 0.011111111111111112
