0 0.5929603104855782 0.4250587882917482 0.004629629629629629 0.011111111111111112
0 0.4082601362478799 0.6085673485021064 0.004629629629629629 0.011111111111111112
0 0.745707249874193 0.2732973130282212 0.004629629629629629 0.011111111111111112
0 0.5927623846461937 0.42525543719023334 0.004629629629629629 0.011111111111111112
0 0.8481214075903294 0.17154389181347915 0.004629629629629629 0.011111111111111112
0 0.18257452430341706 0.8327969242404758 0.004629629629629629 0.011111111111111112
0 0.7093410638832685 0.3094288784643657 0.004629629629629629 0.011111111111111112
0 0.8140816366483261 0.20536405133004995 0.004629629629629629 0.011111111111111112
0 0.7303487117111396 0.2885567638482871 0.004629629629629629 0.011111111111111112
0 0.5169888350390646 0.5005401251869939 0.004629629629629629 0.011111111111111112
0 0.16022727272727272 0.855 0.004629629629629629 0.011111111111111112
0 0.6224665928230126 0.3957428690661682 0.004629629629629629 0.011111111111111112
0 0.8014421087247224 0.21792203391221118 0.004629629629629629 0.011111111111111112
0 0.5894902337833289 0.42850647740237013 0.004629629629629629 0.011111111111111112
0 0.3926059159543384 0.6241205738260122 0.004629629629629629 0.011111111111111112
0 0.334541772038491 0.6818101103617573 0.004629629629629629 0.011111111111111112
0 0.8448761302398373 0.17476823189074253 0.004629629629629629 0.011111111111111112
0 0.777252169324934 0.2419559091868398 0.004629629629629629 0.011111111111111112
0 0.6688301367890058 0.3496784447386651 0.004629629629629629 0.011111111111111112
0 0.7389280182757015 0.2800328076486578 0.004629629629629629 0.011111111111111112
0 0.2891074498065897 0.7269513079340979 0.004629629629629629 0.011111111111111112
0 0.7181056582642725 0.3007208298535613 0.004629629629629629 0.011111111111111112
0 0.47055813920365686 0.5466712681460442 0.004629629629629629 0.011111111111111112
0 0.6546123311682637 0.3638045225812089 0.004629629629629629 0.011111111111111112
0 0.80174851540139 0.21761760405281233 0.004629629629629629 0.011111111111111112
0 0.6906592146282321 0.32799019965969206 0.004629629629629629 0.011111111111111112
0 0.8023794873008436 0.21699070293980685 0.004629629629629629 0.011111111111111112
0 0.7587748344938726 0.2603140354060879 0.004629629629629629 0.011111111111111112
0 0.8647727272727271 0.15500000000000022 0.004629629629629629 0.011111111111111112
0 0.8528069629881899 0.16688856580528205 0.004629629629629629 0.011111111111111112
