0 0.1743263657283246 0.8409918688892775 0.004629629629629629 0.011111111111111112
0 0.1693465563521393 0.8459395504630358 0.004629629629629629 0.011111111111111112
0 0.20531987719172456 0.8101983155643511 0.004629629629629629 0.011111111111111112
0 0.4851130337868464 0.5322102761085528 0.004629629629629629 0.011111111111111112
0 0.46159858439496837 0.5555730193753218 0.004629629629629629 0.011111111111111112
0 0.32215151363682915 0.6941204316124409 0.004629629629629629 0.011111111111111112
0 0.2769752198585891 0.7390052654308211 0.004629629629629629 0.011111111111111112
0 0.22407681866963672 0.791562386612103 0.004629629629629629 0.011111111111111112
0 0.2554241829317872 0.7604172634097083 0.004629629629629629 0.011111111111111112
0 0.24267776796895532 0.773081443437296 0.004629629629629629 0.011111111111111112
0 0.33375157908927533 0.6825952052919458 0.004629629629629629 0.011111111111111112
0 0.16022727272727275 0.855 0.004629629629629629 0.011111111111111112
0 0.23192123932308528 0.7837685751241604 0.004629629629629629 0.011111111111111112
0 0.27612798586533577 0.7398470333983116 0.004629629629629629 0.011111111111111112
0 0.21738749642187125 0.7982085519421408 0.004629629629629629 0.011111111111111112
0 0.3602759134213229 0.6562419956975243 0.004629629629629629 0.011111111111111112
0 0.1743517300078019 0.840966668250313 0.004629629629629629 0.011111111111111112
0 0.3361544726977496 0.6802078142228811 0.004629629629629629 0.011111111111111112
0 0.17335437852398164 0.8419575852084311 0.004629629629629629 0.011111111111111112
0 0.3695267167853982 0.6470508749357978 0.004629629629629629 0.011111111111111112
0 0.18829342022800602 0.8271149244186263 0.004629629629629629 0.011111111111111112
0 0.2660742312994793 0.7498359250314851 0.004629629629629629 0.011111111111111112
0 0.24827123000652696 0.7675240682515797 0.004629629629629629 0.011111111111111112
0 0.8647727272727272 0.155 0.004629629629629629 0.011111111111111112
0 0.4080058467248238 0.6088199974475944 0.004629629629629629 0.011111111111111112
0 0.2104455711547378 0.8051056905946476 0.004629629629629629 0.011111111111111112
0 0.20599669744197707 0.8095258618963582 0.004629629629629629 0.011111111111111112
0 0.4486494256303418 0.5684386351801766 0.004629629629629629 0.011111111111111112
0 0.2099819813757593 0.8055662894718263 0.004629629629629629 0.011111111111111112
0 0.18011104940309933 0.8352445057543401 0.004629629629629629 0.011111111111111112
