0 0.6902670288805459 0.32837985517674795 0.004629629629629629 0.011111111111111112
0 0.6561049130736661 0.36232157023648653 0.004629629629629629 0.011111111111111112
0 0.6418511059190004 0.3764834173449931 0.004629629629629629 0.011111111111111112
0 0.2818436464288702 0.7341682480642192 0.004629629629629629 0.011111111111111112
0 0.6212181338926649 0.3969832734227716 0.004629629629629629 0.011111111111111112
0 0.4816673946385537 0.5356336853268564 0.004629629629629629 0.011111111111111112
0 0.42093564638331554 0.5959736158514156 0.004629629629629629 0.011111111111111112
0 0.5126570145548357 0.5048439984422923 0.004629629629629629 0.011111111111111112
0 0.3631413475162403 0.653395048274187 0.004629629629629629 0.011111111111111112
0 0.5418471388842943 0.4758421974956044 0.004629629629629629 0.011111111111111112
0 0.16022727272727275 0.855 0.004629629629629629 0.011111111111111112
0 0.18432989714003487 0.8310528763899008 0.004629629629629629 0.011111111111111112
0 0.7033373742854991 0.3153938345808589 0.004629629629629629 0.011111111111111112
0 0.8491474477551435 0.17052447126263154 0.004629629629629629 0.011111111111111112
0 0.4975845998827818 0.5198191717293652 0.004629629629629629 0.011111111111111112
0 0.6653125889096398 0.35317329876074494 0.004629629629629629 0.011111111111111112
0 0.8195530409467269 0.1999279464142196 0.004629629629629629 0.011111111111111112
0 0.5972885589274751 0.4207584640333472 0.004629629629629629 0.011111111111111112
0 0.23998704151876235 0.7757548103620038 0.004629629629629629 0.011111111111111112
0 0.5154498153426832 0.5020692157240438 0.004629629629629629 0.011111111111111112
0 0.6900953698742666 0.3285504067055673 0.004629629629629629 0.011111111111111112
0 0.2550917308679562 0.7607475706215144 0.004629629629629629 0.011111111111111112
0 0.6678245694795908 0.35067752451705175 0.004629629629629629 0.011111111111111112
0 0.22112704186174828 0.7944931326018759 0.004629629629629629 0.011111111111111112
0 0.20690424014397293 0.8086241743085688 0.004629629629629629 0.011111111111111112
0 0.30566144380056537 0.7105041139013738 0.004629629629629629 0.011111111111111112
0 0.5385869910381226 0.4790813121298653 0.004629629629629629 0.011111111111111112
0 0.5320536430980216 0.4855725094380947 0.004629629629629629 0.011111111111111112
0 0.8647727272727272 0.155 0.004629629629629629 0.011111111111111112
0 0.6323866449003578 0.38588681732480573 0.004629629629629629 0.011111111111111112
