0 0.46160855752955854 0.5555631105835354 0.004629629629629629 0.011111111111111112
0 0.7055445831822584 0.31320086574149797 0.004629629629629629 0.011111111111111112
0 0.34274661268151824 0.6736582041744916 0.004629629629629629 0.011111111111111112
0 0.26285959730542463 0.7530298194513846 0.004629629629629629 0.011111111111111112
0 0.6558216035032033 0.36260305200326887 0.004629629629629629 0.011111111111111112
0 0.29653009727580465 0.7195765485130715 0.004629629629629629 0.011111111111111112
0 0.7965564278406618 0.22277619427443926 0.004629629629629629 0.011111111111111112
0 0.7329024294597948 0.2860195216980103 0.004629629629629629 0.011111111111111112
0 0.4465647154193357 0.5705098956478859 0.004629629629629629 0.011111111111111112
0 0.8048256687067613 0.21456030334941137 0.004629629629629629 0.011111111111111112
0 0.5140475019640436 0.5034624819195954 0.004629629629629629 0.011111111111111112
0 0.7038437219931516 0.31489075363261054 0.004629629629629629 0.011111111111111112
0 0.8245154607196472 0.1949975422527375 0.004629629629629629 0.011111111111111112
0 0.6435007498688495 0.3748444162593366 0.004629629629629629 0.011111111111111112
0 0.16022727272727275 0.855 0.004629629629629629 0.011111111111111112
0 0.4703030589738805 0.5469247026969187 0.004629629629629629 0.011111111111111112
0 0.7071660584657835 0.31158985158883445 0.004629629629629629 0.011111111111111112
0 0.6295947333325481 0.38866071655991996 0.004629629629629629 0.011111111111111112
0 0.631661211356695 0.3866075706520579 0.004629629629629629 0.011111111111111112
0 0.4056028293204207 0.6112075115139046 0.004629629629629629 0.011111111111111112
0 0.5603632690553679 0.4574455262288602 0.004629629629629629 0.011111111111111112
0 0.6696113164827165 0.3489023049139461 0.004629629629629629 0.011111111111111112
0 0.6757724959897391 0.34278087495213017 0.004629629629629629 0.011111111111111112
0 0.8337088717913146 0.18586344351056483 0.004629629629629629 0.011111111111111112
0 0.5627013842979566 0.45512249560073986 0.004629629629629629 0.011111111111111112
0 0.8647727272727272 0.1549999999999999 0.004629629629629629 0.011111111111111112
0 0.7483506314794939 0.2706709854977931 0.004629629629629629 0.011111111111111112
0 0.762525228432236 0.2565878375576493 0.004629629629629629 0.011111111111111112
0 0.5518136782085944 0.4659399584250094 0.004629629629629629 0.011111111111111112
0 0.1882523864997735 0.8271556934131283 0.004629629629629629 0.011111111111111112
