0 0.16022727272727275 0.855 0.004629629629629629 0.011111111111111112
0 0.8422393951021815 0.17738795583396166 0.004629629629629629 0.011111111111111112
0 0.19141384175478754 0.8240146346436305 0.004629629629629629 0.011111111111111112
0 0.5438009619300925 0.473900979759779 0.004629629629629629 0.011111111111111112
0 0.4429513115655679 0.574099987218726 0.004629629629629629 0.011111111111111112
0 0.41922454035822465 0.5976736824827963 0.004629629629629629 0.011111111111111112
0 0.2847051147430763 0.7313252408359112 0.004629629629629629 0.011111111111111112
0 0.39154371520573245 0.6251759216665627 0.004629629629629629 0.011111111111111112
0 0.5230270474180049 0.4945408690169501 0.004629629629629629 0.011111111111111112
0 0.6902236651766973 0.3284229391147651 0.004629629629629629 0.011111111111111112
0 0.28638739427906496 0.7296538147162838 0.004629629629629629 0.011111111111111112
0 0.3366872523589309 0.6796784718498364 0.004629629629629629 0.011111111111111112
0 0.858053445362296 0.16167593170455746 0.004629629629629629 0.011111111111111112
0 0.6288087745018806 0.3894416046884542 0.004629629629629629 0.011111111111111112
0 0.8647727272727272 0.1549999999999999 0.004629629629629629 0.011111111111111112
0 0.7316440527336395 0.287269779864642 0.004629629629629629 0.011111111111111112
0 0.5251355199466837 0.49244599953684337 0.004629629629629629 0.011111111111111112
0 0.5579571741841458 0.4598360979073649 0.004629629629629629 0.011111111111111112
0 0.7566236760544024 0.2624513154040131 0.004629629629629629 0.011111111111111112
0 0.7156088272332655 0.30320155229727164 0.004629629629629629 0.011111111111111112
0 0.25106886296939906 0.7647444845336293 0.004629629629629629 0.011111111111111112
0 0.711090098165998 0.30769112827378264 0.004629629629629629 0.011111111111111112
0 0.8087663487715241 0.21064504702700185 0.004629629629629629 0.011111111111111112
0 0.3680542869892005 0.6485138051849233 0.004629629629629629 0.011111111111111112
0 0.640479529375228 0.37784614500783803 0.004629629629629629 0.011111111111111112
0 0.7371860478495494 0.2817635395559314 0.004629629629629629 0.011111111111111112
0 0.7407926313372193 0.27818022434882733 0.004629629629629629 0.011111111111111112
0 0.6692305180573987 0.3492806465752295 0.004629629629629629 0.011111111111111112
0 0.5077601684512663 0.5097092519903549 0.004629629629629629 0.011111111111111112
0 0.23464883199981054 0.7810585798195432 0.004629629629629629 0.011111111111111112
