0 0.3184252979822095 0.6978226071660629 0.004629629629629629 0.011111111111111112
0 0.6628326965061283 0.3556371918584274 0.004629629629629629 0.011111111111111112
0 0.7881252667558708 0.2311529607715863 0.004629629629629629 0.011111111111111112
0 0.7356940229332389 0.28324593850504004 0.004629629629629629 0.011111111111111112
0 0.7771085367568762 0.24209861509316818 0.004629629629629629 0.011111111111111112
0 0.18977417767687885 0.8256437202436172 0.004629629629629629 0.011111111111111112
0 0.6691898806624442 0.3493210217934425 0.004629629629629629 0.011111111111111112
0 0.6964610047063725 0.3222258404852815 0.004629629629629629 0.011111111111111112
0 0.2946910473148852 0.7214037336355335 0.004629629629629629 0.011111111111111112
0 0.5572791677656453 0.4605097300909073 0.004629629629629629 0.011111111111111112
0 0.7356494756762172 0.2832901983604036 0.004629629629629629 0.011111111111111112
0 0.37435891238559105 0.6422498547910902 0.004629629629629629 0.011111111111111112
0 0.8647727272727272 0.155 0.004629629629629629 0.011111111111111112
0 0.8139874094311729 0.20545767062967343 0.004629629629629629 0.011111111111111112
0 0.19977975518905036 0.8157026948444274 0.004629629629629629 0.011111111111111112
0 0.16721763923105953 0.8480547326349474 0.004629629629629629 0.011111111111111112
0 0.7486796412977957 0.27034409832348033 0.004629629629629629 0.011111111111111112
0 0.453124290410584 0.5639926404952907 0.004629629629629629 0.011111111111111112
0 0.5819420754286203 0.43600593796124165 0.004629629629629629 0.011111111111111112
0 0.43392825133638835 0.5830648341561046 0.004629629629629629 0.011111111111111112
0 0.5988258612882457 0.4192310797523237 0.004629629629629629 0.011111111111111112
0 0.4551961286350996 0.5619341689689977 0.004629629629629629 0.011111111111111112
0 0.31928383313568875 0.6969696109490576 0.004629629629629629 0.011111111111111112
0 0.19165995173932457 0.8237701124654452 0.004629629629629629 0.011111111111111112
0 0.3397079653056583 0.676677247373733 0.004629629629629629 0.011111111111111112
0 0.2151706655054494 0.8004110807236181 0.004629629629629629 0.011111111111111112
0 0.5974900617388044 0.4205582612401556 0.004629629629629629 0.011111111111111112
0 0.16022727272727275 0.855 0.004629629629629629 0.011111111111111112
0 0.3257362904240883 0.6905587824173574 0.004629629629629629 0.011111111111111112
0 0.29541909579395564 0.7206803822434247 0.004629629629629629 0.011111111111111112
