0 0.3583318587565721 0.6581735080741155 0.004629629629629629 0.011111111111111112
0 0.2102024534314796 0.8053472398164654 0.004629629629629629 0.011111111111111112
0 0.21239929824414489 0.8031645681961399 0.004629629629629629 0.011111111111111112
0 0.2259290545087873 0.7897221006815919 0.004629629629629629 0.011111111111111112
0 0.21847266284102357 0.7971303865966605 0.004629629629629629 0.011111111111111112
0 0.5888216334432073 0.4291707641919102 0.004629629629629629 0.011111111111111112
0 0.2267796083486355 0.7888770342858717 0.004629629629629629 0.011111111111111112
0 0.16022727272727275 0.855 0.004629629629629629 0.011111111111111112
0 0.19031149552117557 0.8251098689660578 0.004629629629629629 0.011111111111111112
0 0.20355305390234274 0.8119537399938014 0.004629629629629629 0.011111111111111112
0 0.21766575841430102 0.797932085188372 0.004629629629629629 0.011111111111111112
0 0.2482258348519946 0.7675691705341474 0.004629629629629629 0.011111111111111112
0 0.22036973674063623 0.7952455518834969 0.004629629629629629 0.011111111111111112
0 0.3466400125773834 0.669789922987632 0.004629629629629629 0.011111111111111112
0 0.2397959244816614 0.7759446943859623 0.004629629629629629 0.011111111111111112
0 0.25189426115242747 0.7639244115001689 0.004629629629629629 0.011111111111111112
0 0.3430639066251926 0.6733429572885183 0.004629629629629629 0.011111111111111112
0 0.24135952388047138 0.7743911827252091 0.004629629629629629 0.011111111111111112
0 0.29726780283602705 0.7188436023435603 0.004629629629629629 0.011111111111111112
0 0.3660842529949472 0.6504711292824397 0.004629629629629629 0.011111111111111112
0 0.30490936492252596 0.7112513406576194 0.004629629629629629 0.011111111111111112
0 0.21357832755117034 0.8019931455298049 0.004629629629629629 0.011111111111111112
0 0.26288076802171306 0.7530087853203625 0.004629629629629629 0.011111111111111112
0 0.1831093938807864 0.8322655054345734 0.004629629629629629 0.011111111111111112
0 0.2550687914326813 0.7607703620604328 0.004629629629629629 0.011111111111111112
0 0.23927186111849713 0.7764653766951707 0.004629629629629629 0.011111111111111112
0 0.8647727272727272 0.155 0.004629629629629629 0.011111111111111112
0 0.28825153197842307 0.7278017037117603 0.004629629629629629 0.011111111111111112
0 0.2439959762909793 0.7717717396850915 0.004629629629629629 0.011111111111111112
0 0.1992820377470566 0.8161972012061502 0.004629629629629629 0.011111111111111112
