0 0.7968957230936144 0.22243908802311854 0.004629629629629629 0.011111111111111112
0 0.8647727272727271 0.1550000000000001 0.004629629629629629 0.011111111111111112
0 0.32728605958169016 0.6890190117704498 0.004629629629629629 0.011111111111111112
0 0.19570682233698222 0.8197493507103532 0.004629629629629629 0.011111111111111112
0 0.16868130981503357 0.8466005050869989 0.004629629629629629 0.011111111111111112
0 0.4474651509572137 0.5696152693715426 0.004629629629629629 0.011111111111111112
0 0.35437195294435214 0.6621078661069018 0.004629629629629629 0.011111111111111112
0 0.4576182178099924 0.5595277061758787 0.004629629629629629 0.011111111111111112
0 0.18758769156959215 0.8278160999889214 0.004629629629629629 0.011111111111111112
0 0.20859345912407692 0.8069458535154334 0.004629629629629629 0.011111111111111112
0 0.1973782124071013 0.8180887438019767 0.004629629629629629 0.011111111111111112
0 0.48472351130644853 0.5325972855406899 0.004629629629629629 0.011111111111111112
0 0.2459344094196627 0.7698458125765932 0.004629629629629629 0.011111111111111112
0 0.16022727272727275 0.855 0.004629629629629629 0.011111111111111112
0 0.3908056826832363 0.6259091926889137 0.004629629629629629 0.011111111111111112
0 0.6281615835189631 0.3900846202456753 0.004629629629629629 0.011111111111111112
0 0.2961308082249526 0.719973261505531 0.004629629629629629 0.011111111111111112
0 0.3028564336335592 0.7132910272285928 0.004629629629629629 0.011111111111111112
0 0.2468304917813209 0.7689555113914619 0.004629629629629629 0.011111111111111112
0 0.3744483561227053 0.6421609881103444 0.004629629629629629 0.011111111111111112
0 0.45895041702866535 0.5582041017908744 0.004629629629629629 0.011111111111111112
0 0.4738353896830317 0.5434151612181493 0.004629629629629629 0.011111111111111112
0 0.226188171062305 0.7894646558477745 0.004629629629629629 0.011111111111111112
0 0.20278031605396868 0.8127214924367021 0.004629629629629629 0.011111111111111112
0 0.27466851476729554 0.7412970885537838 0.004629629629629629 0.011111111111111112
0 0.3671636027799235 0.6493987430444631 0.004629629629629629 0.011111111111111112
0 0.3414585507745664 0.6749379560046244 0.004629629629629629 0.011111111111111112
0 0.19456414084486764 0.820884660063809 0.004629629629629629 0.011111111111111112
0 0.18828786872896777 0.8271204401015417 0.004629629629629629 0.011111111111111112
0 0.4878657513210978 0.5294753180422642 0.004629629629629629 0.011111111111111112
