0 0.849637579095944 0.17003750205951382 0.004629629629629629 0.011111111111111112
0 0.2739210936553554 0.742039687594034 0.004629629629629629 0.011111111111111112
0 0.16022727272727275 0.855 0.004629629629629629 0.011111111111111112
0 0.4752811795136689 0.5419786990638386 0.004629629629629629 0.011111111111111112
0 0.5888408999276568 0.4291516220073604 0.004629629629629629 0.011111111111111112
0 0.27934273658191283 0.7366530230089381 0.004629629629629629 0.011111111111111112
0 0.16606986893447664 0.8491950979618748 0.004629629629629629 0.011111111111111112
0 0.7568834882456741 0.26219317942042697 0.004629629629629629 0.011111111111111112
0 0.47500335703049873 0.5422547291438916 0.004629629629629629 0.011111111111111112
0 0.8158328033143724 0.20362418251346232 0.004629629629629629 0.011111111111111112
0 0.5544475842039824 0.4633230453715271 0.004629629629629629 0.011111111111111112
0 0.6266802146988184 0.3915564318476256 0.004629629629629629 0.011111111111111112
0 0.28713751859199954 0.7289085299150456 0.004629629629629629 0.011111111111111112
0 0.20920912258090715 0.8063341620809051 0.004629629629629629 0.011111111111111112
0 0.5236571810547407 0.4939148007585156 0.004629629629629629 0.011111111111111112
0 0.23312752826199074 0.7825700686945383 0.004629629629629629 0.011111111111111112
0 0.7423771691620968 0.2766059093486264 0.004629629629629629 0.011111111111111112
0 0.30298909619218534 0.7131592205574417 0.004629629629629629 0.011111111111111112
0 0.6349816411419363 0.38330856299446314 0.004629629629629629 0.011111111111111112
0 0.24307118036178527 0.772690569188936 0.004629629629629629 0.011111111111111112
0 0.7315177601270487 0.28739525768022245 0.004629629629629629 0.011111111111111112
0 0.6604752790574459 0.3579794001622797 0.004629629629629629 0.011111111111111112
0 0.5967076667261554 0.42133560854304564 0.004629629629629629 0.011111111111111112
0 0.7613038860641708 0.25780130029753356 0.004629629629629629 0.011111111111111112
0 0.19136743985028412 0.8240607371810081 0.004629629629629629 0.011111111111111112
0 0.8372997559373153 0.18229572635905447 0.004629629629629629 0.011111111111111112
0 0.20071386527127635 0.8147746112788609 0.004629629629629629 0.011111111111111112
0 0.8647727272727272 0.155 0.004629629629629629 0.011111111111111112
0 0.17093580277636788 0.8443605572415441 0.004629629629629629 0.011111111111111112
0 0.3267772012188802 0.6895245871760803 0.004629629629629629 0.011111111111111112
