0 0.5159868077127329 0.5015356878208977 0.004629629629629629 0.011111111111111112
0 0.5711267591861908 0.44675147796984915 0.004629629629629629 0.011111111111111112
0 0.30916870539829056 0.7070194797978274 0.004629629629629629 0.011111111111111112
0 0.49790578955777637 0.5195000542458221 0.004629629629629629 0.011111111111111112
0 0.2683870363183332 0.7475380413353335 0.004629629629629629 0.011111111111111112
0 0.293723365081572 0.722365172757664 0.004629629629629629 0.011111111111111112
0 0.39021976385750096 0.6264913313931927 0.004629629629629629 0.011111111111111112
0 0.1843844945881854 0.8309986311833514 0.004629629629629629 0.011111111111111112
0 0.6762563251981452 0.3423001672224882 0.004629629629629629 0.011111111111111112
0 0.16022727272727275 0.855 0.004629629629629629 0.011111111111111112
0 0.7188561540112633 0.2999751760146157 0.004629629629629629 0.011111111111111112
0 0.8112995125333006 0.20812822625723698 0.004629629629629629 0.011111111111111112
0 0.6079857938537536 0.410130243525948 0.004629629629629629 0.011111111111111112
0 0.4958187593964226 0.5215736196964577 0.004629629629629629 0.011111111111111112
0 0.3740398607103137 0.6425668480684626 0.004629629629629629 0.011111111111111112
0 0.2635451632747517 0.7523486764883112 0.004629629629629629 0.011111111111111112
0 0.46272001333924817 0.554458825456489 0.004629629629629629 0.011111111111111112
0 0.27809209202575785 0.7378955988905375 0.004629629629629629 0.011111111111111112
0 0.6326999714356822 0.38557551225099973 0.004629629629629629 0.011111111111111112
0 0.31641874537481157 0.6998162142727679 0.004629629629629629 0.011111111111111112
0 0.655393720074448 0.36302817489377437 0.004629629629629629 0.011111111111111112
0 0.6063412560667897 0.41176417139170585 0.004629629629629629 0.011111111111111112
0 0.5831351654793188 0.4348205452657091 0.004629629629629629 0.011111111111111112
0 0.49415136101335244 0.5232302606706047 0.004629629629629629 0.011111111111111112
0 0.5036836368761882 0.5137594833617227 0.004629629629629629 0.011111111111111112
0 0.4227240231137382 0.5941967770353828 0.004629629629629629 0.011111111111111112
0 0.6266753205712464 0.39156129440018106 0.004629629629629629 0.011111111111111112
0 0.36771388998000815 0.6488520060843791 0.004629629629629629 0.011111111111111112
0 0.8647727272727272 0.155 0.004629629629629629 0.011111111111111112
0 0.6780134864205045 0.34055434252414396 0.004629629629629629 0.011111111111111112
