0 0.5822871300009227 0.4356631095474704 0.004629629629629629 0.011111111111111112
0 0.21763403422847905 0.7979636047020273 0.004629629629629629 0.011111111111111112
0 0.2565308045212462 0.7593177813143748 0.004629629629629629 0.011111111111111112
0 0.4935228534177962 0.5238547133784476 0.004629629629629629 0.011111111111111112
0 0.34709535622494436 0.6693375170410231 0.004629629629629629 0.011111111111111112
0 0.27154502656485996 0.7444004252194294 0.004629629629629629 0.011111111111111112
0 0.3203479319481369 0.6959123772902381 0.004629629629629629 0.011111111111111112
0 0.5958935526425143 0.42214447027776 0.004629629629629629 0.011111111111111112
0 0.3799011936893523 0.6367433301409016 0.004629629629629629 0.011111111111111112
0 0.6557747357255511 0.36264961740816215 0.004629629629629629 0.011111111111111112
0 0.6044926261844864 0.413600874629607 0.004629629629629629 0.011111111111111112
0 0.2106102890658823 0.8049420353797041 0.004629629629629629 0.011111111111111112
0 0.2812955675945752 0.734712790906035 0.004629629629629629 0.011111111111111112
0 0.24204945222407298 0.7737057055322114 0.004629629629629629 0.011111111111111112
0 0.5949699285183264 0.42306213553663063 0.004629629629629629 0.011111111111111112
0 0.16022727272727272 0.855 0.004629629629629629 0.011111111111111112
0 0.6157300713890119 0.40243592907156245 0.004629629629629629 0.011111111111111112
0 0.4776569310689875 0.5396182749379093 0.004629629629629629 0.011111111111111112
0 0.8647727272727271 0.15500000000000022 0.004629629629629629 0.011111111111111112
0 0.3176292942343397 0.6986134754058818 0.004629629629629629 0.011111111111111112
0 0.45747633554967876 0.5596686730667708 0.004629629629629629 0.011111111111111112
0 0.5384208484020644 0.4792463828779489 0.004629629629629629 0.011111111111111112
0 0.4817603237983288 0.5355413557100475 0.004629629629629629 0.011111111111111112
0 0.4851999481229471 0.5321239225101042 0.004629629629629629 0.011111111111111112
0 0.6934282331549025 0.32523904576867746 0.004629629629629629 0.011111111111111112
0 0.6833537187944171 0.3352485632623211 0.004629629629629629 0.011111111111111112
0 0.48430684889811637 0.5330112598044521 0.004629629629629629 0.011111111111111112
0 0.38069083622940314 0.635958782068851 0.004629629629629629 0.011111111111111112
0 0.2259927440870614 0.789658822003823 0.004629629629629629 0.011111111111111112
0 0.6440672467892522 0.37428157415777524 0.004629629629629629 0.011111111111111112
