0 0.4606285402121475 0.5565368052085762 0.004629629629629629 0.011111111111111112
0 0.5799812268955572 0.43795413585860776 0.004629629629629629 0.011111111111111112
0 0.7651294103035454 0.25400045685970324 0.004629629629629629 0.011111111111111112
0 0.8274403153519161 0.19209155765035463 0.004629629629629629 0.011111111111111112
0 0.7105208721880168 0.30825668182609955 0.004629629629629629 0.011111111111111112
0 0.16022727272727272 0.855 0.004629629629629629 0.011111111111111112
0 0.6057280709707094 0.41237340045490806 0.004629629629629629 0.011111111111111112
0 0.48403807946213806 0.5332782952440693 0.004629629629629629 0.011111111111111112
0 0.7948147613507942 0.22450662420630782 0.004629629629629629 0.011111111111111112
0 0.6796156314463374 0.3389625339178326 0.004629629629629629 0.011111111111111112
0 0.27928224518159755 0.7367131241421548 0.004629629629629629 0.011111111111111112
0 0.5428652361943367 0.4748306685553043 0.004629629629629629 0.011111111111111112
0 0.636633249369729 0.38166761030362406 0.004629629629629629 0.011111111111111112
0 0.6315799958980853 0.3866882621399668 0.004629629629629629 0.011111111111111112
0 0.7708420491416215 0.24832467375606665 0.004629629629629629 0.011111111111111112
0 0.8587691915709892 0.16096480321334003 0.004629629629629629 0.011111111111111112
0 0.4473767884960443 0.5697030617523173 0.004629629629629629 0.011111111111111112
0 0.34270026377001594 0.6737042540607584 0.004629629629629629 0.011111111111111112
0 0.809876687229558 0.20954187204289088 0.004629629629629629 0.011111111111111112
0 0.46568474068683513 0.5515132253821123 0.004629629629629629 0.011111111111111112
0 0.5789850611513552 0.4389438747270408 0.004629629629629629 0.011111111111111112
0 0.6988083236770409 0.31989366550797216 0.004629629629629629 0.011111111111111112
0 0.7098005305610589 0.3089723760877223 0.004629629629629629 0.011111111111111112
0 0.6423718744769474 0.37596600858419427 0.004629629629629629 0.011111111111111112
0 0.819345087904661 0.20013455782375628 0.004629629629629629 0.011111111111111112
0 0.8647727272727275 0.155 0.004629629629629629 0.011111111111111112
0 0.4266308488942748 0.5903151565824626 0.004629629629629629 0.011111111111111112
0 0.37733889805294535 0.6392890948377189 0.004629629629629629 0.011111111111111112
0 0.4308913877920824 0.5860821050323828 0.004629629629629629 0.011111111111111112
0 0.5184117814444481 0.4991263590809999 0.004629629629629629 0.011111111111111112
