0 0.4899184553888714 0.5274358572265407 0.004629629629629629 0.011111111111111112
0 0.22847393662246474 0.7871936371621964 0.004629629629629629 0.011111111111111112
0 0.7940799327273899 0.2252367119998837 0.004629629629629629 0.011111111111111112
0 0.43787762161701976 0.5791409436837353 0.004629629629629629 0.011111111111111112
0 0.6028661356118522 0.4152168717146759 0.004629629629629629 0.011111111111111112
0 0.42421226493508835 0.5927181367741703 0.004629629629629629 0.011111111111111112
0 0.2744728729427165 0.741491468173043 0.004629629629629629 0.011111111111111112
0 0.34055604058794103 0.6758346435448844 0.004629629629629629 0.011111111111111112
0 0.7866948843904267 0.23257411486370505 0.004629629629629629 0.011111111111111112
0 0.6565074276571549 0.36192165252127845 0.004629629629629629 0.011111111111111112
0 0.618217974394458 0.39996407705324816 0.004629629629629629 0.011111111111111112
0 0.8647727272727271 0.1550000000000001 0.004629629629629629 0.011111111111111112
0 0.27301120655222605 0.7429437044577883 0.004629629629629629 0.011111111111111112
0 0.5287484816765351 0.48885634723750704 0.004629629629629629 0.011111111111111112
0 0.3790710988945729 0.6375680694853921 0.004629629629629629 0.011111111111111112
0 0.518776103332283 0.4987643876569576 0.004629629629629629 0.011111111111111112
0 0.31490045246730003 0.7013247117421665 0.004629629629629629 0.011111111111111112
0 0.6594152226015256 0.3590326175442906 0.004629629629629629 0.011111111111111112
0 0.33296105598673087 0.6833806282454415 0.004629629629629629 0.011111111111111112
0 0.39905342683349543 0.6177146597912369 0.004629629629629629 0.011111111111111112
0 0.3654583348065007 0.651093009289025 0.004629629629629629 0.011111111111111112
0 0.4071356387632422 0.6096845911642627 0.004629629629629629 0.011111111111111112
0 0.7344462346983239 0.2844856764932781 0.004629629629629629 0.011111111111111112
0 0.4799213530889406 0.5373684620922784 0.004629629629629629 0.011111111111111112
0 0.33185606640750875 0.6844784888596364 0.004629629629629629 0.011111111111111112
0 0.16022727272727275 0.855 0.004629629629629629 0.011111111111111112
0 0.5888195036699593 0.42917288022468564 0.004629629629629629 0.011111111111111112
0 0.6196206493092645 0.3985704516540211 0.004629629629629629 0.011111111111111112
0 0.42602971175471893 0.5909124154178922 0.004629629629629629 0.011111111111111112
0 0.40351955825683805 0.6132773421190126 0.004629629629629629 0.011111111111111112
