0 0.2549564692721515 0.7608819595618624 0.004629629629629629 0.011111111111111112
0 0.18861704448578692 0.8267933880592827 0.004629629629629629 0.011111111111111112
0 0.27076810319525796 0.7451723361801953 0.004629629629629629 0.011111111111111112
0 0.23941410895620246 0.7763240465854504 0.004629629629629629 0.011111111111111112
0 0.42330097309816345 0.5936235493089216 0.004629629629629629 0.011111111111111112
0 0.5671098022545804 0.4507425190502879 0.004629629629629629 0.011111111111111112
0 0.3552894490700749 0.6611962893110224 0.004629629629629629 0.011111111111111112
0 0.30024285791245564 0.7158877411708505 0.004629629629629629 0.011111111111111112
0 0.5961469216604469 0.4218927358986527 0.004629629629629629 0.011111111111111112
0 0.2549377808702428 0.7609005273934362 0.004629629629629629 0.011111111111111112
0 0.6906235248001165 0.32802565923085203 0.004629629629629629 0.011111111111111112
0 0.7608625725730714 0.25823976660481934 0.004629629629629629 0.011111111111111112
0 0.841238761504192 0.17838213373131906 0.004629629629629629 0.011111111111111112
0 0.5329840527337112 0.48464810244521606 0.004629629629629629 0.011111111111111112
0 0.7118475575738171 0.3069385557008526 0.004629629629629629 0.011111111111111112
0 0.761936498753582 0.25717276898031205 0.004629629629629629 0.011111111111111112
0 0.41278683479158657 0.6040698544651334 0.004629629629629629 0.011111111111111112
0 0.284901052821832 0.7311305668737927 0.004629629629629629 0.011111111111111112
0 0.3309827291862815 0.6853461916471784 0.004629629629629629 0.011111111111111112
0 0.5061225917978837 0.5113362636330704 0.004629629629629629 0.011111111111111112
0 0.27587147522315786 0.7401018891331207 0.004629629629629629 0.011111111111111112
0 0.3208268660142906 0.6954365331212855 0.004629629629629629 0.011111111111111112
0 0.37999727607764383 0.6366478676389861 0.004629629629629629 0.011111111111111112
0 0.16022727272727272 0.855 0.004629629629629629 0.011111111111111112
0 0.2686916446670899 0.74723539820173 0.004629629629629629 0.011111111111111112
0 0.21477134232117231 0.8008078276292868 0.004629629629629629 0.011111111111111112
0 0.2238205057124776 0.7918170459372803 0.004629629629629629 0.011111111111111112
0 0.8182416029697108 0.2012309235010615 0.004629629629629629 0.011111111111111112
0 0.8647727272727272 0.155 0.004629629629629629 0.011111111111111112
0 0.30471048114473653 0.7114489413142618 0.004629629629629629 0.011111111111111112
