0 0.4846314319942955 0.5326887707927644 0.004629629629629629 0.011111111111111112
0 0.5794208078513835 0.43851093929604473 0.004629629629629629 0.011111111111111112
0 0.4867867295074237 0.5305473784248822 0.004629629629629629 0.011111111111111112
0 0.4008018395245649 0.6159775271820451 0.004629629629629629 0.011111111111111112
0 0.49130292643149004 0.5260603182551647 0.004629629629629629 0.011111111111111112
0 0.38429321415928924 0.6323796452868997 0.004629629629629629 0.011111111111111112
0 0.8183950425940287 0.20107847380980365 0.004629629629629629 0.011111111111111112
0 0.35823943705630074 0.6582653335053528 0.004629629629629629 0.011111111111111112
0 0.35726914625583805 0.6592293643651674 0.004629629629629629 0.011111111111111112
0 0.5577297980647948 0.46006200708401035 0.004629629629629629 0.011111111111111112
0 0.7013260080432804 0.3173922242666763 0.004629629629629629 0.011111111111111112
0 0.8647727272727272 0.155 0.004629629629629629 0.011111111111111112
0 0.7444671832438949 0.27452937922864634 0.004629629629629629 0.011111111111111112
0 0.47926401219883646 0.5380215620734142 0.004629629629629629 0.011111111111111112
0 0.600688164381854 0.41738079151738383 0.004629629629629629 0.011111111111111112
0 0.4701777623222229 0.5470491909830817 0.004629629629629629 0.011111111111111112
0 0.6608421146902927 0.35761493121093485 0.004629629629629629 0.011111111111111112
0 0.6829420831894978 0.3356575431536603 0.004629629629629629 0.011111111111111112
0 0.4096985206070126 0.607138244042065 0.004629629629629629 0.011111111111111112
0 0.857122553537973 0.1626008177751753 0.004629629629629629 0.011111111111111112
0 0.7706295682757787 0.24853578377761346 0.004629629629629629 0.011111111111111112
0 0.8164553093691812 0.2030056926267489 0.004629629629629629 0.011111111111111112
0 0.16022727272727275 0.855 0.004629629629629629 0.011111111111111112
0 0.268259804517753 0.7476644522855873 0.004629629629629629 0.011111111111111112
0 0.7056850497244846 0.3130613054350281 0.004629629629629629 0.011111111111111112
0 0.2551543672272425 0.760685338367772 0.004629629629629629 0.011111111111111112
0 0.8032349039043675 0.21614080515308 0.004629629629629629 0.011111111111111112
0 0.8240258599082477 0.1954839843492248 0.004629629629629629 0.011111111111111112
0 0.30243806847520516 0.7137066932568928 0.004629629629629629 0.011111111111111112
0 0.7102971173880835 0.3084789930466784 0.004629629629629629 0.011111111111111112
