0 0.33719238194178675 0.6791766011675152 0.004629629629629629 0.011111111111111112
0 0.4540040045264796 0.5631186019543365 0.004629629629629629 0.011111111111111112
0 0.42977862208894624 0.5871876916019502 0.004629629629629629 0.011111111111111112
0 0.654756083866978 0.3636616973192605 0.004629629629629629 0.011111111111111112
0 0.4586681911027703 0.5584845069043444 0.004629629629629629 0.011111111111111112
0 0.833058839918513 0.18650928162934827 0.004629629629629629 0.011111111111111112
0 0.8602240433765155 0.15951933754849426 0.004629629629629629 0.011111111111111112
0 0.3136221148947462 0.7025948019755425 0.004629629629629629 0.011111111111111112
0 0.2109913886007497 0.8045633945515133 0.004629629629629629 0.011111111111111112
0 0.21623950635816375 0.7993491356183406 0.004629629629629629 0.011111111111111112
0 0.31446008167544115 0.7017622414321424 0.004629629629629629 0.011111111111111112
0 0.29964610283123533 0.7164806462192889 0.004629629629629629 0.011111111111111112
0 0.2847913518000432 0.7312395601470539 0.004629629629629629 0.011111111111111112
0 0.3901336263159288 0.6265769132086901 0.004629629629629629 0.011111111111111112
0 0.2180651864256074 0.7975352341319771 0.004629629629629629 0.011111111111111112
0 0.1922677391274574 0.8231662462862682 0.004629629629629629 0.011111111111111112
0 0.5346784920447234 0.4829645950007266 0.004629629629629629 0.011111111111111112
0 0.8647727272727272 0.155 0.004629629629629629 0.011111111111111112
0 0.25464528888820703 0.7611911323304267 0.004629629629629629 0.011111111111111112
0 0.8360312691214182 0.18355602938904247 0.004629629629629629 0.011111111111111112
0 0.4764251808521013 0.5408420783792026 0.004629629629629629 0.011111111111111112
0 0.692415643148356 0.326245102936472 0.004629629629629629 0.011111111111111112
0 0.21192868575891197 0.8036321444717908 0.004629629629629629 0.011111111111111112
0 0.64212733650883 0.3762089688880012 0.004629629629629629 0.011111111111111112
0 0.4540113747338836 0.5631112792966576 0.004629629629629629 0.011111111111111112
0 0.5758736056039184 0.44203525636771984 0.004629629629629629 0.011111111111111112
0 0.5867616296658017 0.43121747762236473 0.004629629629629629 0.011111111111111112
0 0.43754447389663825 0.5794719420639852 0.004629629629629629 0.011111111111111112
0 0.16022727272727275 0.855 0.004629629629629629 0.011111111111111112
0 0.17619396976752721 0.8391363139083924 0.004629629629629629 0.011111111111111112
