0 0.8264011785939182 0.19312399030023597 0.004629629629629629 0.011111111111111112
0 0.8444943201572596 0.17514757868246478 0.004629629629629629 0.011111111111111112
0 0.7957032597653901 0.22362385803954782 0.004629629629629629 0.011111111111111112
0 0.5435941652773689 0.47410644224054954 0.004629629629629629 0.011111111111111112
0 0.45637876606390754 0.5607591614590854 0.004629629629629629 0.011111111111111112
0 0.7449924831091634 0.27400746839476653 0.004629629629629629 0.011111111111111112
0 0.8647727272727271 0.1550000000000001 0.004629629629629629 0.011111111111111112
0 0.23377669579733995 0.7819250893368365 0.004629629629629629 0.011111111111111112
0 0.7400169391365501 0.27895091208368544 0.004629629629629629 0.011111111111111112
0 0.850531758573424 0.16914909148188814 0.004629629629629629 0.011111111111111112
0 0.23503977519158809 0.7806701588419059 0.004629629629629629 0.011111111111111112
0 0.7509312871265885 0.26810697924196997 0.004629629629629629 0.011111111111111112
0 0.5895566528658805 0.4284404868300284 0.004629629629629629 0.011111111111111112
0 0.16022727272727272 0.855 0.004629629629629629 0.011111111111111112
0 0.787741468236654 0.23153428317132432 0.004629629629629629 0.011111111111111112
0 0.624484963385682 0.3937375202490642 0.004629629629629629 0.011111111111111112
0 0.71335549263597 0.3054403492520038 0.004629629629629629 0.011111111111111112
0 0.4378667312436478 0.5791517637966339 0.004629629629629629 0.011111111111111112
0 0.861920347588122 0.15783397723502743 0.004629629629629629 0.011111111111111112
0 0.7947147188004337 0.22460602132085944 0.004629629629629629 0.011111111111111112
0 0.23970368883726442 0.7760363349616856 0.004629629629629629 0.011111111111111112
0 0.4754115000473338 0.5418492193078104 0.004629629629629629 0.011111111111111112
0 0.5699088258313658 0.44796155369012686 0.004629629629629629 0.011111111111111112
0 0.7922269057663281 0.22707778394829314 0.004629629629629629 0.011111111111111112
0 0.7872811224106177 0.23199165902428956 0.004629629629629629 0.011111111111111112
0 0.601026887952386 0.4170442532602098 0.004629629629629629 0.011111111111111112
0 0.36389799217513846 0.6526432851937334 0.004629629629629629 0.011111111111111112
0 0.8531539503264989 0.1665438170949625 0.004629629629629629 0.011111111111111112
0 0.6703510869745399 0.3481673071349732 0.004629629629629629 0.011111111111111112
0 0.8116169784858739 0.2078128084720994 0.004629629629629629 0.011111111111111112
