0 0.2365373331109231 0.7791822625865666 0.004629629629629629 0.011111111111111112
0 0.6033578368399829 0.41472834275253306 0.004629629629629629 0.011111111111111112
0 0.431629539980756 0.585348715115894 0.004629629629629629 0.011111111111111112
0 0.6517323930648291 0.3666658804388148 0.004629629629629629 0.011111111111111112
0 0.577823763997713 0.44009767964098184 0.004629629629629629 0.011111111111111112
0 0.7215090969202471 0.29733934886633506 0.004629629629629629 0.011111111111111112
0 0.4514772688873628 0.5656290360732007 0.004629629629629629 0.011111111111111112
0 0.606387027645298 0.4117186951137039 0.004629629629629629 0.011111111111111112
0 0.7509910744925048 0.26804757760099507 0.004629629629629629 0.011111111111111112
0 0.8644230514526221 0.15534741984707193 0.004629629629629629 0.011111111111111112
0 0.39075841995849636 0.6259561504928486 0.004629629629629629 0.011111111111111112
0 0.7545916348554077 0.26447024665978824 0.004629629629629629 0.011111111111111112
0 0.7302623122146255 0.2886426059286946 0.004629629629629629 0.011111111111111112
0 0.6824963074049346 0.33610044296541947 0.004629629629629629 0.011111111111111112
0 0.1694469823753057 0.8458397723496962 0.004629629629629629 0.011111111111111112
0 0.690575987246357 0.3280728900907161 0.004629629629629629 0.011111111111111112
0 0.18215236536414978 0.8332163595736833 0.004629629629629629 0.011111111111111112
0 0.7802688790466842 0.23895866210845565 0.004629629629629629 0.011111111111111112
0 0.7559735489355378 0.2630972481543688 0.004629629629629629 0.011111111111111112
0 0.8074307430156796 0.21197203597151815 0.004629629629629629 0.011111111111111112
0 0.8420279004204182 0.17759808603390684 0.004629629629629629 0.011111111111111112
0 0.16022727272727252 0.855 0.004629629629629629 0.011111111111111112
0 0.34508995404541376 0.6713299811419758 0.004629629629629629 0.011111111111111112
0 0.7099281541588904 0.30884557586794087 0.004629629629629629 0.011111111111111112
0 0.8647727272727271 0.155 0.004629629629629629 0.011111111111111112
0 0.3546727489861386 0.6618090106847396 0.004629629629629629 0.011111111111111112
0 0.7199296654223091 0.2989085904836411 0.004629629629629629 0.011111111111111112
0 0.6661701569986511 0.35232126336908187 0.004629629629629629 0.011111111111111112
0 0.7632825460165581 0.2558354058932262 0.004629629629629629 0.011111111111111112
0 0.6646268688458963 0.35385459482407716 0.004629629629629629 0.011111111111111112
