0 0.8647727272727272 0.155 0.004629629629629629 0.011111111111111112
0 0.3872257650091449 0.6294660141199463 0.004629629629629629 0.011111111111111112
0 0.7234137319828883 0.2954470017718401 0.004629629629629629 0.011111111111111112
0 0.40611928369850714 0.6106943890995478 0.004629629629629629 0.011111111111111112
0 0.6837870414283941 0.3348180362582407 0.004629629629629629 0.011111111111111112
0 0.16022727272727272 0.855 0.004629629629629629 0.011111111111111112
0 0.4732530235971772 0.5439937701034496 0.004629629629629629 0.011111111111111112
0 0.28881183482487854 0.7272450157223787 0.004629629629629629 0.011111111111111112
0 0.5848453760520033 0.43312136830962256 0.004629629629629629 0.011111111111111112
0 0.6196361048099787 0.39855509586621474 0.004629629629629629 0.011111111111111112
0 0.6030263206993964 0.4150577200793093 0.004629629629629629 0.011111111111111112
0 0.8412244390363582 0.17839636379613444 0.004629629629629629 0.011111111111111112
0 0.3882952982632654 0.6284033810803685 0.004629629629629629 0.011111111111111112
0 0.35660585952765494 0.6598883718241364 0.004629629629629629 0.011111111111111112
0 0.8461031238096828 0.17354915440844412 0.004629629629629629 0.011111111111111112
0 0.6369577674615071 0.38134518587695426 0.004629629629629629 0.011111111111111112
0 0.29576883401049625 0.7203329004024747 0.004629629629629629 0.011111111111111112
0 0.6675011017113651 0.35099890539645 0.004629629629629629 0.011111111111111112
0 0.7974789705330129 0.22185960347042602 0.004629629629629629 0.011111111111111112
0 0.4848029024811969 0.5325184065670688 0.004629629629629629 0.011111111111111112
0 0.6380903538711281 0.38021990647642756 0.004629629629629629 0.011111111111111112
0 0.3855699876707302 0.6311111090239196 0.004629629629629629 0.011111111111111112
0 0.4795268539711579 0.5377604160544625 0.004629629629629629 0.011111111111111112
0 0.6535254675195385 0.3648843742063939 0.004629629629629629 0.011111111111111112
0 0.4246252856760157 0.5923077806831843 0.004629629629629629 0.011111111111111112
0 0.5957512809906378 0.42228582404801146 0.004629629629629629 0.011111111111111112
0 0.7389866767773786 0.279974527588927 0.004629629629629629 0.011111111111111112
0 0.2919632327373247 0.7241139494093676 0.004629629629629629 0.011111111111111112
0 0.603805036029386 0.4142840287191908 0.004629629629629629 0.011111111111111112
0 0.5034859555723925 0.513955889302268 0.004629629629629629 0.011111111111111112
