0 0.4922572772617201 0.5251121245270651 0.004629629629629629 0.011111111111111112
0 0.17803401280368344 0.8373081421176307 0.004629629629629629 0.011111111111111112
0 0.4283952215009141 0.5885621670248983 0.004629629629629629 0.011111111111111112
0 0.27553793805061416 0.7404332744529382 0.004629629629629629 0.011111111111111112
0 0.2771650089587441 0.7388167007764737 0.004629629629629629 0.011111111111111112
0 0.3263885014800643 0.6899107791746457 0.004629629629629629 0.011111111111111112
0 0.5090461550274353 0.508431562101774 0.004629629629629629 0.011111111111111112
0 0.6604633812952502 0.35799122116471926 0.004629629629629629 0.011111111111111112
0 0.470205881007181 0.5470212537089945 0.004629629629629629 0.011111111111111112
0 0.38989643482966907 0.6268125744272965 0.004629629629629629 0.011111111111111112
0 0.8647727272727275 0.1549999999999999 0.004629629629629629 0.011111111111111112
0 0.5400364887212807 0.4776411660446631 0.004629629629629629 0.011111111111111112
0 0.3967848422766914 0.6199686083186421 0.004629629629629629 0.011111111111111112
0 0.2738043639243379 0.7421556642300127 0.004629629629629629 0.011111111111111112
0 0.3419985726402408 0.6744014181509866 0.004629629629629629 0.011111111111111112
0 0.4146787865959953 0.6021901088013983 0.004629629629629629 0.011111111111111112
0 0.2724486034198965 0.7435026778924899 0.004629629629629629 0.011111111111111112
0 0.7304229353056729 0.288483019115654 0.004629629629629629 0.011111111111111112
0 0.18375207769051863 0.8316269679720008 0.004629629629629629 0.011111111111111112
0 0.28101126322691367 0.7349952610519697 0.004629629629629629 0.011111111111111112
0 0.24502241361658272 0.7707519245357823 0.004629629629629629 0.011111111111111112
0 0.18223939158732605 0.8331298948100115 0.004629629629629629 0.011111111111111112
0 0.5038851858143752 0.513559234739266 0.004629629629629629 0.011111111111111112
0 0.1900417393924829 0.82537788473263 0.004629629629629629 0.011111111111111112
0 0.16022727272727275 0.855 0.004629629629629629 0.011111111111111112
0 0.36634323928373325 0.6502138138729361 0.004629629629629629 0.011111111111111112
0 0.40672775683737894 0.61008984159383 0.004629629629629629 0.011111111111111112
0 0.3278191074155162 0.6884894029549065 0.004629629629629629 0.011111111111111112
0 0.41179797788831146 0.6050523316464519 0.004629629629629629 0.011111111111111112
0 0.7531073286886865 0.26594497665769223 0.004629629629629629 0.011111111111111112
