0 0.26677219943159985 0.7491424599195718 0.004629629629629629 0.011111111111111112
0 0.7634553604131195 0.25566370642825553 0.004629629629629629 0.011111111111111112
0 0.840296213088298 0.17931860118969098 0.004629629629629629 0.011111111111111112
0 0.7876799535810155 0.23159540095821682 0.004629629629629629 0.011111111111111112
0 0.5239960901269607 0.49357807819643906 0.004629629629629629 0.011111111111111112
0 0.1791860603599643 0.836163527126229 0.004629629629629629 0.011111111111111112
0 0.1915038670656729 0.8239251901412024 0.004629629629629629 0.011111111111111112
0 0.4610064841530038 0.5561612996157252 0.004629629629629629 0.011111111111111112
0 0.3689329443296231 0.6476408166015358 0.004629629629629629 0.011111111111111112
0 0.38781224591901986 0.628883316957877 0.004629629629629629 0.011111111111111112
0 0.729271107423409 0.2896274158502905 0.004629629629629629 0.011111111111111112
0 0.6876180731666559 0.3310117208537741 0.004629629629629629 0.011111111111111112
0 0.7533798678996296 0.265674195764239 0.004629629629629629 0.011111111111111112
0 0.6532984405824912 0.36510993645352496 0.004629629629629629 0.011111111111111112
0 0.6542764885154156 0.36413819850726453 0.004629629629629629 0.011111111111111112
0 0.7648185971018622 0.25430926481492405 0.004629629629629629 0.011111111111111112
0 0.38618014114454674 0.6305048920241278 0.004629629629629629 0.011111111111111112
0 0.489608246395631 0.5277440648714375 0.004629629629629629 0.011111111111111112
0 0.7523884372267037 0.2666592301102429 0.004629629629629629 0.011111111111111112
0 0.8647727272727275 0.1549999999999999 0.004629629629629629 0.011111111111111112
0 0.33630340778502293 0.6800598400071385 0.004629629629629629 0.011111111111111112
0 0.8556018589392514 0.16411170144100162 0.004629629629629629 0.011111111111111112
0 0.48431775548023526 0.5330004235873793 0.004629629629629629 0.011111111111111112
0 0.49263961905096854 0.5247322494590377 0.004629629629629629 0.011111111111111112
0 0.8196949045942864 0.1997869980159993 0.004629629629629629 0.011111111111111112
0 0.3967440187828185 0.6200091684351352 0.004629629629629629 0.011111111111111112
0 0.26624505894151496 0.749666199503269 0.004629629629629629 0.011111111111111112
0 0.6199194708661177 0.3982735579781799 0.004629629629629629 0.011111111111111112
0 0.723675631388374 0.29518679203993803 0.004629629629629629 0.011111111111111112
0 0.16022727272727275 0.855 0.004629629629629629 0.011111111111111112
