0 0.353291652425426 0.6631811969450606 0.004629629629629629 0.011111111111111112
0 0.22785644282791176 0.7878071471258168 0.004629629629629629 0.011111111111111112
0 0.562356858147565 0.45546479900177417 0.004629629629629629 0.011111111111111112
0 0.57884639960924 0.4390816416785616 0.004629629629629629 0.011111111111111112
0 0.16022727272727275 0.855 0.004629629629629629 0.011111111111111112
0 0.3833229853663012 0.6333436145392878 0.004629629629629629 0.011111111111111112
0 0.2592163756167118 0.7566495364840412 0.004629629629629629 0.011111111111111112
0 0.1917890849847905 0.8236418123376921 0.004629629629629629 0.011111111111111112
0 0.5889166277501698 0.42907638275144416 0.004629629629629629 0.011111111111111112
0 0.39655976520890057 0.6201922332763181 0.004629629629629629 0.011111111111111112
0 0.3233325768850644 0.6929469881270972 0.004629629629629629 0.011111111111111112
0 0.25175183402385093 0.7640659197440449 0.004629629629629629 0.011111111111111112
0 0.389890410188731 0.6268185601995833 0.004629629629629629 0.011111111111111112
0 0.4373657474471558 0.5796495154396 0.004629629629629629 0.011111111111111112
0 0.4526706042441227 0.5644433996542264 0.004629629629629629 0.011111111111111112
0 0.4771258466683927 0.5401459329875324 0.004629629629629629 0.011111111111111112
0 0.8647727272727272 0.1549999999999999 0.004629629629629629 0.011111111111111112
0 0.19141557239665602 0.8240129151671933 0.004629629629629629 0.011111111111111112
0 0.5649686316164103 0.45286987568434073 0.004629629629629629 0.011111111111111112
0 0.5198736883502544 0.4976738838326504 0.004629629629629629 0.011111111111111112
0 0.6024575633095073 0.4156228080666831 0.004629629629629629 0.011111111111111112
0 0.4582367588183028 0.5589131557547184 0.004629629629629629 0.011111111111111112
0 0.17296320270003135 0.8423462373173882 0.004629629629629629 0.011111111111111112
0 0.2823936023136147 0.733621840281957 0.004629629629629629 0.011111111111111112
0 0.46874982953492916 0.5484679113007801 0.004629629629629629 0.011111111111111112
0 0.38449127160621077 0.6321828656299583 0.004629629629629629 0.011111111111111112
0 0.37411667022976636 0.6424905340942967 0.004629629629629629 0.011111111111111112
0 0.4056015004241098 0.611208831836691 0.004629629629629629 0.011111111111111112
0 0.30913627991209447 0.7070516960873384 0.004629629629629629 0.011111111111111112
0 0.21109463622843871 0.8044608130375512 0.004629629629629629 0.011111111111111112
