0 0.4236678755552801 0.5932590139644314 0.004629629629629629 0.011111111111111112
0 0.4252616833494131 0.5916754888012282 0.004629629629629629 0.011111111111111112
0 0.29821680778910403 0.7179007200030837 0.004629629629629629 0.011111111111111112
0 0.5404958822072624 0.47718473638762304 0.004629629629629629 0.011111111111111112
0 0.47846159220593004 0.5388188051631405 0.004629629629629629 0.011111111111111112
0 0.5384264922405624 0.47924077545131216 0.004629629629629629 0.011111111111111112
0 0.23040000176542633 0.7852799982459635 0.004629629629629629 0.011111111111111112
0 0.16022727272727272 0.855 0.004629629629629629 0.011111111111111112
0 0.7291649165789216 0.28973292159255537 0.004629629629629629 0.011111111111111112
0 0.6494570411675149 0.36892655264646895 0.004629629629629629 0.011111111111111112
0 0.3867645511032207 0.6299242524522839 0.004629629629629629 0.011111111111111112
0 0.7454488757427813 0.2735540202297527 0.004629629629629629 0.011111111111111112
0 0.5849718122458292 0.43299574783317624 0.004629629629629629 0.011111111111111112
0 0.3913008700246692 0.6254172001045222 0.004629629629629629 0.011111111111111112
0 0.4070025823378063 0.6098167891611472 0.004629629629629629 0.011111111111111112
0 0.43440292424654803 0.5825932236518168 0.004629629629629629 0.011111111111111112
0 0.5677980767821579 0.45005868500353347 0.004629629629629629 0.011111111111111112
0 0.5747011904718687 0.4432001075311755 0.004629629629629629 0.011111111111111112
0 0.7292654289281275 0.2896330577101185 0.004629629629629629 0.011111111111111112
0 0.4685845199059074 0.5486321544160662 0.004629629629629629 0.011111111111111112
0 0.8647727272727272 0.155 0.004629629629629629 0.011111111111111112
0 0.4338853683979991 0.5831074404303751 0.004629629629629629 0.011111111111111112
0 0.579925618415674 0.4380093855741045 0.004629629629629629 0.011111111111111112
0 0.353616621322658 0.6628583246213591 0.004629629629629629 0.011111111111111112
0 0.4621583674820531 0.5550168477920246 0.004629629629629629 0.011111111111111112
0 0.62626782393314 0.39196616202771895 0.004629629629629629 0.011111111111111112
0 0.7723127793263392 0.24686343215318549 0.004629629629629629 0.011111111111111112
0 0.4589799458162912 0.5581747635115557 0.004629629629629629 0.011111111111111112
0 0.36458963936004807 0.6519561002487264 0.004629629629629629 0.011111111111111112
0 0.506642570120135 0.5108196400096724 0.004629629629629629 0.011111111111111112
