0 0.7017136123622106 0.3170071206207714 0.004629629629629629 0.011111111111111112
0 0.6789043371910767 0.33966923917789804 0.004629629629629629 0.011111111111111112
0 0.1602272727272728 0.855 0.004629629629629629 0.011111111111111112
0 0.5077932355015213 0.5096763982759078 0.004629629629629629 0.011111111111111112
0 0.4476061691264004 0.5694751609969958 0.004629629629629629 0.011111111111111112
0 0.8647727272727275 0.1549999999999999 0.004629629629629629 0.011111111111111112
0 0.4778038205144113 0.5394723331663268 0.004629629629629629 0.011111111111111112
0 0.6334969566049214 0.3847836689215618 0.004629629629629629 0.011111111111111112
0 0.3735937153144507 0.6430101151069328 0.004629629629629629 0.011111111111111112
0 0.6834161962788529 0.33518648885843005 0.004629629629629629 0.011111111111111112
0 0.6116447803806956 0.406494863363696 0.004629629629629629 0.011111111111111112
0 0.429076702106508 0.5878850830683726 0.004629629629629629 0.011111111111111112
0 0.47343170632697307 0.543816240165459 0.004629629629629629 0.011111111111111112
0 0.44474307443642 0.5723197841083311 0.004629629629629629 0.011111111111111112
0 0.6213862824344332 0.39681620971030507 0.004629629629629629 0.011111111111111112
0 0.7207258932877528 0.2981174995721682 0.004629629629629629 0.011111111111111112
0 0.4526010988774844 0.5645124565991446 0.004629629629629629 0.011111111111111112
0 0.6045729873798752 0.4135210318935434 0.004629629629629629 0.011111111111111112
0 0.35063819948171954 0.6658175308375174 0.004629629629629629 0.011111111111111112
0 0.6654351329352982 0.3530515453417038 0.004629629629629629 0.011111111111111112
0 0.5312336735538462 0.48638718885617854 0.004629629629629629 0.011111111111111112
0 0.4865379957358554 0.5307945074624404 0.004629629629629629 0.011111111111111112
0 0.3111323010626223 0.7050685524926203 0.004629629629629629 0.011111111111111112
0 0.3508703268820968 0.6655869010332716 0.004629629629629629 0.011111111111111112
0 0.4014130378034735 0.6153702721178392 0.004629629629629629 0.011111111111111112
0 0.545970773560249 0.47174516691433316 0.004629629629629629 0.011111111111111112
0 0.593159427334555 0.42486095606760343 0.004629629629629629 0.011111111111111112
0 0.4977489110214154 0.5196559206625938 0.004629629629629629 0.011111111111111112
0 0.5889409189550785 0.42905224826398647 0.004629629629629629 0.011111111111111112
0 0.5288590948274217 0.4887464477198521 0.004629629629629629 0.011111111111111112
