0 0.3218174401148164 0.6944523498214082 0.004629629629629629 0.011111111111111112
0 0.16022727272727275 0.855 0.004629629629629629 0.011111111111111112
0 0.7819836221991416 0.23725498181504634 0.004629629629629629 0.011111111111111112
0 0.2087428312209239 0.8067974451095337 0.004629629629629629 0.011111111111111112
0 0.7694414942640716 0.24971619279569665 0.004629629629629629 0.011111111111111112
0 0.22415317815603553 0.7914865197675518 0.004629629629629629 0.011111111111111112
0 0.478370311007099 0.5389094974510114 0.004629629629629629 0.011111111111111112
0 0.49807845543849133 0.5193285023385312 0.004629629629629629 0.011111111111111112
0 0.29954656847439015 0.716579538418993 0.004629629629629629 0.011111111111111112
0 0.46618676282454224 0.5510144420969063 0.004629629629629629 0.011111111111111112
0 0.182670222808736 0.8327018431448688 0.004629629629629629 0.011111111111111112
0 0.2344525527217594 0.7812535927796714 0.004629629629629629 0.011111111111111112
0 0.19789743427951506 0.8175728717480947 0.004629629629629629 0.011111111111111112
0 0.26469538606623944 0.7512058744890266 0.004629629629629629 0.011111111111111112
0 0.19036717406903145 0.8250545496346398 0.004629629629629629 0.011111111111111112
0 0.2360127004413778 0.7797035105292118 0.004629629629629629 0.011111111111111112
0 0.7235982020674817 0.2952637218168246 0.004629629629629629 0.011111111111111112
0 0.3469718030121103 0.669460273136355 0.004629629629629629 0.011111111111111112
0 0.696716678866335 0.32197181583602846 0.004629629629629629 0.011111111111111112
0 0.20703046731909264 0.8084987615023209 0.004629629629629629 0.011111111111111112
0 0.17275532826738807 0.8425527706246596 0.004629629629629629 0.011111111111111112
0 0.4437397868753311 0.5733165988464453 0.004629629629629629 0.011111111111111112
0 0.5553757843229817 0.4624008336403924 0.004629629629629629 0.011111111111111112
0 0.22849704672797316 0.7871706761541428 0.004629629629629629 0.011111111111111112
0 0.21601266911686898 0.7995745093935624 0.004629629629629629 0.011111111111111112
0 0.7214752588472976 0.2973729686291366 0.004629629629629629 0.011111111111111112
0 0.18230971001121382 0.8330600300533747 0.004629629629629629 0.011111111111111112
0 0.8647727272727271 0.15500000000000022 0.004629629629629629 0.011111111111111112
0 0.1734402139156048 0.8418723035935282 0.004629629629629629 0.011111111111111112
0 0.24074284313663716 0.7750038848835993 0.004629629629629629 0.011111111111111112
