0 0.4260433074894128 0.5908989073976156 0.004629629629629629 0.011111111111111112
0 0.5271049844450592 0.49048924126103804 0.004629629629629629 0.011111111111111112
0 0.5360590069964317 0.4815929865970937 0.004629629629629629 0.011111111111111112
0 0.6788421909785023 0.3397309844471655 0.004629629629629629 0.011111111111111112
0 0.5422112741776914 0.47548041146216463 0.004629629629629629 0.011111111111111112
0 0.41766566015228257 0.5992225053970871 0.004629629629629629 0.011111111111111112
0 0.16928261183211277 0.8460030824377719 0.004629629629629629 0.011111111111111112
0 0.7113292222688288 0.30745354690709903 0.004629629629629629 0.011111111111111112
0 0.597354413556889 0.4206930342725103 0.004629629629629629 0.011111111111111112
0 0.41389011023786604 0.6029736969249588 0.004629629629629629 0.011111111111111112
0 0.44086396426776225 0.5761738677597716 0.004629629629629629 0.011111111111111112
0 0.72019751692212 0.2986424670580227 0.004629629629629629 0.011111111111111112
0 0.6984116980604737 0.3202877322495938 0.004629629629629629 0.011111111111111112
0 0.8647727272727272 0.155 0.004629629629629629 0.011111111111111112
0 0.4728431264790782 0.5444010227240126 0.004629629629629629 0.011111111111111112
0 0.6456376416989869 0.37272131082810345 0.004629629629629629 0.011111111111111112
0 0.535262600057696 0.4823842554265473 0.004629629629629629 0.011111111111111112
0 0.5678123395354284 0.450044514268026 0.004629629629629629 0.011111111111111112
0 0.5406345896221852 0.4770469238592482 0.004629629629629629 0.011111111111111112
0 0.16022727272727272 0.855 0.004629629629629629 0.011111111111111112
0 0.40347865581228975 0.6133179806768219 0.004629629629629629 0.011111111111111112
0 0.388192838482655 0.6285051798301363 0.004629629629629629 0.011111111111111112
0 0.4312799162462549 0.5856960832133984 0.004629629629629629 0.011111111111111112
0 0.46178839108106634 0.5553844372484888 0.004629629629629629 0.011111111111111112
0 0.49837226267658913 0.5190365906310017 0.004629629629629629 0.011111111111111112
0 0.46454421333872176 0.5526463944892699 0.004629629629629629 0.011111111111111112
0 0.4604106906030925 0.5567532493362823 0.004629629629629629 0.011111111111111112
0 0.7067951448937175 0.31195837217011285 0.004629629629629629 0.011111111111111112
0 0.5124599568666885 0.5050397847905159 0.004629629629629629 0.011111111111111112
0 0.537727934570654 0.47993482629754375 0.004629629629629629 0.011111111111111112
