0 0.8125710731767646 0.20686486923082725 0.004629629629629629 0.011111111111111112
0 0.444266189556765 0.572793592311343 0.004629629629629629 0.011111111111111112
0 0.5726458392610385 0.4452421984116132 0.004629629629629629 0.011111111111111112
0 0.6814438156889184 0.3371461444123004 0.004629629629629629 0.011111111111111112
0 0.4044597538584733 0.6123432122954522 0.004629629629629629 0.011111111111111112
0 0.16022727272727272 0.8549999999999999 0.004629629629629629 0.011111111111111112
0 0.20080214491427503 0.8146869011819461 0.004629629629629629 0.011111111111111112
0 0.6454169472479363 0.37294058144398573 0.004629629629629629 0.011111111111111112
0 0.18504473754865416 0.8303426478548854 0.004629629629629629 0.011111111111111112
0 0.7658338608494162 0.25330055115606387 0.004629629629629629 0.011111111111111112
0 0.5057542803882273 0.5117021988400838 0.004629629629629629 0.011111111111111112
0 0.8576197893603973 0.1621067899257989 0.004629629629629629 0.011111111111111112
0 0.8484104855521738 0.17125667887074336 0.004629629629629629 0.011111111111111112
0 0.844024738077668 0.17561413120025235 0.004629629629629629 0.011111111111111112
0 0.7009531356490967 0.31776269103251026 0.004629629629629629 0.011111111111111112
0 0.7947990063974262 0.22452227751481518 0.004629629629629629 0.011111111111111112
0 0.7162906591298706 0.30252411931612844 0.004629629629629629 0.011111111111111112
0 0.6352235049135453 0.38306825963428387 0.004629629629629629 0.011111111111111112
0 0.8647727272727271 0.155 0.004629629629629629 0.011111111111111112
0 0.6857993467462496 0.33281871355533893 0.004629629629629629 0.011111111111111112
0 0.633082415070492 0.38519553599447887 0.004629629629629629 0.011111111111111112
0 0.5290796026149072 0.4885273625632534 0.004629629629629629 0.011111111111111112
0 0.8386090520359427 0.1809948773320309 0.004629629629629629 0.011111111111111112
0 0.708007660193725 0.3107536795494602 0.004629629629629629 0.011111111111111112
0 0.5054308662235957 0.5120235264617178 0.004629629629629629 0.011111111111111112
0 0.8274818278035911 0.1920503130209479 0.004629629629629629 0.011111111111111112
0 0.7217722008002017 0.2970779424307673 0.004629629629629629 0.011111111111111112
0 0.829235145321302 0.1903083072291579 0.004629629629629629 0.011111111111111112
0 0.7058459217291191 0.31290147131429447 0.004629629629629629 0.011111111111111112
0 0.7320565820114712 0.28685991206602196 0.004629629629629629 0.011111111111111112
