0 0.39442741091863376 0.6223108304421316 0.004629629629629629 0.011111111111111112
0 0.547945049915725 0.46978362782566674 0.004629629629629629 0.011111111111111112
0 0.6945508191985978 0.32412370221558673 0.004629629629629629 0.011111111111111112
0 0.17022909837866934 0.8450627022560318 0.004629629629629629 0.011111111111111112
0 0.48210317847270534 0.5352007130013121 0.004629629629629629 0.011111111111111112
0 0.16787279987366696 0.8474037988351955 0.004629629629629629 0.011111111111111112
0 0.8647727272727272 0.155 0.004629629629629629 0.011111111111111112
0 0.5031408301769733 0.514298788082233 0.004629629629629629 0.011111111111111112
0 0.18072278907708803 0.8346367127879255 0.004629629629629629 0.011111111111111112
0 0.4250004506409381 0.5919350361373905 0.004629629629629629 0.011111111111111112
0 0.47956462688036844 0.5377228868414404 0.004629629629629629 0.011111111111111112
0 0.3154387686432811 0.7007898685737723 0.004629629629629629 0.011111111111111112
0 0.3963837677252509 0.6203670952923314 0.004629629629629629 0.011111111111111112
0 0.8247121815773039 0.1948020905619045 0.004629629629629629 0.011111111111111112
0 0.20713016277260474 0.808399709245283 0.004629629629629629 0.011111111111111112
0 0.5026476953356892 0.5147887414084121 0.004629629629629629 0.011111111111111112
0 0.32605822652775757 0.6902389233208086 0.004629629629629629 0.011111111111111112
0 0.2071072917082711 0.808422432754363 0.004629629629629629 0.011111111111111112
0 0.5100571195228628 0.5074271199579299 0.004629629629629629 0.011111111111111112
0 0.7467863009588965 0.27222522356341894 0.004629629629629629 0.011111111111111112
0 0.5123328254056471 0.5051660960485829 0.004629629629629629 0.011111111111111112
0 0.30778165055849277 0.7083975858967233 0.004629629629629629 0.011111111111111112
0 0.3499927219886845 0.6664588439596296 0.004629629629629629 0.011111111111111112
0 0.1602403253587647 0.8549870315790338 0.004629629629629629 0.011111111111111112
0 0.4051851335396993 0.6116225124831375 0.004629629629629629 0.011111111111111112
0 0.16022727272727275 0.855 0.004629629629629629 0.011111111111111112
0 0.333907559725191 0.6824402309827134 0.004629629629629629 0.011111111111111112
0 0.3536961031609771 0.6627793555690937 0.004629629629629629 0.011111111111111112
0 0.3707047917760832 0.6458804004289238 0.004629629629629629 0.011111111111111112
0 0.2340600993443548 0.7816435141998024 0.004629629629629629 0.011111111111111112
