0 0.21789316845794246 0.7977061423063023 0.004629629629629629 0.011111111111111112
0 0.21960237519111123 0.7960079627133475 0.004629629629629629 0.011111111111111112
0 0.18542998210725595 0.8299598887450489 0.004629629629629629 0.011111111111111112
0 0.5228620507181921 0.49470480122192534 0.004629629629629629 0.011111111111111112
0 0.23306900568243227 0.7826282137090673 0.004629629629629629 0.011111111111111112
0 0.16022727272727275 0.855 0.004629629629629629 0.011111111111111112
0 0.18718228234820142 0.8282188936669483 0.004629629629629629 0.011111111111111112
0 0.19119823319296173 0.8242288521824768 0.004629629629629629 0.011111111111111112
0 0.21139149251814357 0.8041658719497154 0.004629629629629629 0.011111111111111112
0 0.35100165091117946 0.6654564242559894 0.004629629629629629 0.011111111111111112
0 0.16247999682454595 0.8527618096065802 0.004629629629629629 0.011111111111111112
0 0.21698851777940859 0.7986049565288457 0.004629629629629629 0.011111111111111112
0 0.23523305681567316 0.7804781241960409 0.004629629629629629 0.011111111111111112
0 0.1802718974467161 0.8350846954400369 0.004629629629629629 0.011111111111111112
0 0.21133899340915027 0.8042180323547797 0.004629629629629629 0.011111111111111112
0 0.6376333130383284 0.3806739986586931 0.004629629629629629 0.011111111111111112
0 0.2375358163828282 0.7781902211422222 0.004629629629629629 0.011111111111111112
0 0.20179908179275496 0.8136963961542951 0.004629629629629629 0.011111111111111112
0 0.23544520408876665 0.7802673456150319 0.004629629629629629 0.011111111111111112
0 0.26110570709190656 0.7547723942441703 0.004629629629629629 0.011111111111111112
0 0.3594177503570373 0.6570946222259113 0.004629629629629629 0.011111111111111112
0 0.8647727272727272 0.155 0.004629629629629629 0.011111111111111112
0 0.49084000035461484 0.5265202577121891 0.004629629629629629 0.011111111111111112
0 0.17497704104656825 0.8403453914763129 0.004629629629629629 0.011111111111111112
0 0.388017426364479 0.6286794602572274 0.004629629629629629 0.011111111111111112
0 0.30171016460919226 0.7144299009689317 0.004629629629629629 0.011111111111111112
0 0.47045706555461586 0.5467716897070268 0.004629629629629629 0.011111111111111112
0 0.249177516220384 0.766623629045554 0.004629629629629629 0.011111111111111112
0 0.5637175008573642 0.4541129346320382 0.004629629629629629 0.011111111111111112
0 0.33241817853343775 0.6839200032635522 0.004629629629629629 0.011111111111111112
