0 0.21695249496211289 0.7986407469408685 0.004629629629629629 0.011111111111111112
0 0.611002509641198 0.4071329904210033 0.004629629629629629 0.011111111111111112
0 0.20641653282082803 0.8091087351328546 0.004629629629629629 0.011111111111111112
0 0.6373779885802926 0.380927675862161 0.004629629629629629 0.011111111111111112
0 0.47820073808577557 0.5390779763534876 0.004629629629629629 0.011111111111111112
0 0.5110348487891191 0.5064556986224237 0.004629629629629629 0.011111111111111112
0 0.37431487065802854 0.6422936123784749 0.004629629629629629 0.011111111111111112
0 0.1892338840826687 0.8261805280727034 0.004629629629629629 0.011111111111111112
0 0.7084022610863023 0.31036162446909327 0.004629629629629629 0.011111111111111112
0 0.4419723610430422 0.575072621931429 0.004629629629629629 0.011111111111111112
0 0.3888551855571352 0.6278471059625883 0.004629629629629629 0.011111111111111112
0 0.6665893888344123 0.351904736254842 0.004629629629629629 0.011111111111111112
0 0.27871415984401826 0.73727754441304 0.004629629629629629 0.011111111111111112
0 0.5007938435853134 0.5166306328249145 0.004629629629629629 0.011111111111111112
0 0.35766704373681213 0.6588340339647156 0.004629629629629629 0.011111111111111112
0 0.23242478095900918 0.7832682821439522 0.004629629629629629 0.011111111111111112
0 0.538667959857749 0.4790008656897205 0.004629629629629629 0.011111111111111112
0 0.4452401786582161 0.5718258870105467 0.004629629629629629 0.011111111111111112
0 0.3914147361621801 0.6253040685872534 0.004629629629629629 0.011111111111111112
0 0.16022727272727275 0.855 0.004629629629629629 0.011111111111111112
0 0.29538966574281916 0.7207096224232636 0.004629629629629629 0.011111111111111112
0 0.17614021288120305 0.8391897239760951 0.004629629629629629 0.011111111111111112
0 0.7141554621605919 0.3046455408210893 0.004629629629629629 0.011111111111111112
0 0.45392617407692615 0.5631959302719574 0.004629629629629629 0.011111111111111112
0 0.26376439845057953 0.7521308557329726 0.004629629629629629 0.011111111111111112
0 0.5239029642745181 0.49367060323693046 0.004629629629629629 0.011111111111111112
0 0.4484423030646294 0.5686444214712715 0.004629629629629629 0.011111111111111112
0 0.2530431511608113 0.7627829336853875 0.004629629629629629 0.011111111111111112
0 0.8647727272727275 0.1549999999999999 0.004629629629629629 0.011111111111111112
0 0.31166311073268704 0.7045411674010722 0.004629629629629629 0.011111111111111112
