0 0.2694678932536027 0.7464641576706141 0.004629629629629629 0.011111111111111112
0 0.6239538231211841 0.39426523380217837 0.004629629629629629 0.011111111111111112
0 0.27956440693636375 0.7364327827858063 0.004629629629629629 0.011111111111111112
0 0.254630822443245 0.7612055054434856 0.004629629629629629 0.011111111111111112
0 0.4399922228488494 0.5770399850404979 0.004629629629629629 0.011111111111111112
0 0.5418556312753185 0.4758337598941996 0.004629629629629629 0.011111111111111112
0 0.24749884544721587 0.7682914696847017 0.004629629629629629 0.011111111111111112
0 0.3077444299743515 0.7084345663480638 0.004629629629629629 0.011111111111111112
0 0.8647727272727271 0.155 0.004629629629629629 0.011111111111111112
0 0.16022727272727275 0.855 0.004629629629629629 0.011111111111111112
0 0.22359344549942547 0.7920426412457321 0.004629629629629629 0.011111111111111112
0 0.5426288989197322 0.4750654810732983 0.004629629629629629 0.011111111111111112
0 0.5017941124774794 0.5156368172804398 0.004629629629629629 0.011111111111111112
0 0.26351450368849866 0.7523791382707821 0.004629629629629629 0.011111111111111112
0 0.3311263924849597 0.6852034552084917 0.004629629629629629 0.011111111111111112
0 0.16088048653501047 0.8543510004748928 0.004629629629629629 0.011111111111111112
0 0.27180267710606965 0.7441444369397759 0.004629629629629629 0.011111111111111112
0 0.17637201948098724 0.8389594129027611 0.004629629629629629 0.011111111111111112
0 0.4442015792923606 0.5728577857353321 0.004629629629629629 0.011111111111111112
0 0.20350732451424738 0.8119991743535865 0.004629629629629629 0.011111111111111112
0 0.2245501162037275 0.7910921426104901 0.004629629629629629 0.011111111111111112
0 0.21935150657510594 0.7962572128221528 0.004629629629629629 0.011111111111111112
0 0.22054183419383022 0.7950745647364525 0.004629629629629629 0.011111111111111112
0 0.2744833382472577 0.7414810703865955 0.004629629629629629 0.011111111111111112
0 0.27017285245407463 0.7457637465940161 0.004629629629629629 0.011111111111111112
0 0.1984236044735467 0.8170500962004762 0.004629629629629629 0.011111111111111112
0 0.5746382578155471 0.44326263417035966 0.004629629629629629 0.011111111111111112
0 0.380641998786121 0.6360073044318539 0.004629629629629629 0.011111111111111112
0 0.4385692187627514 0.5784538084550728 0.004629629629629629 0.011111111111111112
0 0.23582229100850285 0.7798926915141325 0.004629629629629629 0.011111111111111112
