0 0.5355856567163958 0.4820632830043551 0.004629629629629629 0.011111111111111112
0 0.16022727272727275 0.855 0.004629629629629629 0.011111111111111112
0 0.2861533480622962 0.7298863509574606 0.004629629629629629 0.011111111111111112
0 0.24404526316740696 0.7717227707885117 0.004629629629629629 0.011111111111111112
0 0.44971000144898376 0.567384901786171 0.004629629629629629 0.011111111111111112
0 0.27927967889562144 0.7367156738714471 0.004629629629629629 0.011111111111111112
0 0.6365380747946427 0.3817621708491938 0.004629629629629629 0.011111111111111112
0 0.46424463204519306 0.5529440430002599 0.004629629629629629 0.011111111111111112
0 0.5148573661511809 0.5026578426626976 0.004629629629629629 0.011111111111111112
0 0.739021727492583 0.2799397030073692 0.004629629629629629 0.011111111111111112
0 0.1604902637126974 0.8547387057306103 0.004629629629629629 0.011111111111111112
0 0.19762984994016036 0.8178387297368729 0.004629629629629629 0.011111111111111112
0 0.8647727272727272 0.155 0.004629629629629629 0.011111111111111112
0 0.22609712879582322 0.789555110744795 0.004629629629629629 0.011111111111111112
0 0.36702431933112944 0.6495371278903617 0.004629629629629629 0.011111111111111112
0 0.6482280069240868 0.3701476576367138 0.004629629629629629 0.011111111111111112
0 0.1664791239862614 0.8487884832652628 0.004629629629629629 0.011111111111111112
0 0.2307813072168106 0.7849011528297495 0.004629629629629629 0.011111111111111112
0 0.26869059312248444 0.7472364429621767 0.004629629629629629 0.011111111111111112
0 0.37503302228410224 0.6415800939886984 0.004629629629629629 0.011111111111111112
0 0.627473682871717 0.39076808282422953 0.004629629629629629 0.011111111111111112
0 0.5300322598110119 0.48758085154260755 0.004629629629629629 0.011111111111111112
0 0.4591953748640412 0.55796072432863 0.004629629629629629 0.011111111111111112
0 0.2511076807373733 0.7647059172028678 0.004629629629629629 0.011111111111111112
0 0.4808106749208189 0.5364848778206058 0.004629629629629629 0.011111111111111112
0 0.18094798070969642 0.8344129740045597 0.004629629629629629 0.011111111111111112
0 0.25330426287773167 0.7625235065601892 0.004629629629629629 0.011111111111111112
0 0.3126580973745825 0.7035526000278342 0.004629629629629629 0.011111111111111112
0 0.18412090116304375 0.8312605240057501 0.004629629629629629 0.011111111111111112
0 0.5011912247897476 0.5162358153701861 0.004629629629629629 0.011111111111111112
