0 0.44977522521722924 0.5673200988164303 0.004629629629629629 0.011111111111111112
0 0.2967794422444558 0.7193288122216375 0.004629629629629629 0.011111111111111112
0 0.4528950167226309 0.5642204349981603 0.004629629629629629 0.011111111111111112
0 0.5539494303159889 0.463817985363469 0.004629629629629629 0.011111111111111112
0 0.38282513837160964 0.6338382496178847 0.004629629629629629 0.011111111111111112
0 0.468056673075688 0.549156595782865 0.004629629629629629 0.011111111111111112
0 0.2886502950613855 0.7274055132938493 0.004629629629629629 0.011111111111111112
0 0.5602007970142753 0.45760695006323626 0.004629629629629629 0.011111111111111112
0 0.20497546473882974 0.8105405060014208 0.004629629629629629 0.011111111111111112
0 0.2836316440357254 0.7323917859257953 0.004629629629629629 0.011111111111111112
0 0.16401030894428695 0.8512413704682569 0.004629629629629629 0.011111111111111112
0 0.6607012323238353 0.35775490465889925 0.004629629629629629 0.011111111111111112
0 0.46410617957446626 0.55308160222924 0.004629629629629629 0.011111111111111112
0 0.5918461599944616 0.42616575071518026 0.004629629629629629 0.011111111111111112
0 0.36990003575093205 0.6466799644797192 0.004629629629629629 0.011111111111111112
0 0.35206322491089864 0.6644016991207845 0.004629629629629629 0.011111111111111112
0 0.8647727272727272 0.155 0.004629629629629629 0.011111111111111112
0 0.33476282067651275 0.6815904878439809 0.004629629629629629 0.011111111111111112
0 0.2421967212759339 0.7735593866032657 0.004629629629629629 0.011111111111111112
0 0.5213803214449849 0.49617697095143437 0.004629629629629629 0.011111111111111112
0 0.4067980274351869 0.6100200243547176 0.004629629629629629 0.011111111111111112
0 0.45005353779664775 0.5670435818020403 0.004629629629629629 0.011111111111111112
0 0.46053584253291385 0.5566289048382663 0.004629629629629629 0.011111111111111112
0 0.3403835415387953 0.6760060296969389 0.004629629629629629 0.011111111111111112
0 0.24781135264237483 0.7679809786649953 0.004629629629629629 0.011111111111111112
0 0.22264215850515665 0.792987790904554 0.004629629629629629 0.011111111111111112
0 0.19703432462590953 0.8184304129523222 0.004629629629629629 0.011111111111111112
0 0.16022727272727275 0.855 0.004629629629629629 0.011111111111111112
0 0.30397705061082814 0.712177640038274 0.004629629629629629 0.011111111111111112
0 0.4704669688863306 0.5467618502677748 0.004629629629629629 0.011111111111111112
