0 0.3858952954734145 0.6307878999812527 0.004629629629629629 0.011111111111111112
0 0.20208993757880325 0.813407416857189 0.004629629629629629 0.011111111111111112
0 0.1696409320915259 0.8456470739219678 0.004629629629629629 0.011111111111111112
0 0.24144153007990737 0.7743097055980276 0.004629629629629629 0.011111111111111112
0 0.40307217264924644 0.6137218413678455 0.004629629629629629 0.011111111111111112
0 0.18762945272253592 0.8277746082627708 0.004629629629629629 0.011111111111111112
0 0.422685698062429 0.5942348548282964 0.004629629629629629 0.011111111111111112
0 0.24561264106139682 0.770165505009967 0.004629629629629629 0.011111111111111112
0 0.4636275334885132 0.5535571602759289 0.004629629629629629 0.011111111111111112
0 0.47336953981196017 0.5438780056061817 0.004629629629629629 0.011111111111111112
0 0.2604732097796287 0.755400810928627 0.004629629629629629 0.011111111111111112
0 0.20059919358655975 0.8148885431462568 0.004629629629629629 0.011111111111111112
0 0.3925565097880289 0.6241696612428617 0.004629629629629629 0.011111111111111112
0 0.1777743788058875 0.8375661010573763 0.004629629629629629 0.011111111111111112
0 0.21771155742864154 0.7978865816515434 0.004629629629629629 0.011111111111111112
0 0.2331096042228331 0.7825878770947335 0.004629629629629629 0.011111111111111112
0 0.16022727272727275 0.855 0.004629629629629629 0.011111111111111112
0 0.2255471769304931 0.7901015145335747 0.004629629629629629 0.011111111111111112
0 0.3179684701185773 0.6982764877531555 0.004629629629629629 0.011111111111111112
0 0.4599156892419044 0.5572450571403015 0.004629629629629629 0.011111111111111112
0 0.2222176065174214 0.7934096038472073 0.004629629629629629 0.011111111111111112
0 0.3531349547147397 0.6633368837027748 0.004629629629629629 0.011111111111111112
0 0.18612589857471232 0.8292684620612536 0.004629629629629629 0.011111111111111112
0 0.37862912053636105 0.6380071963703251 0.004629629629629629 0.011111111111111112
0 0.24092939045711603 0.7748185410942202 0.004629629629629629 0.011111111111111112
0 0.22487821720758225 0.7907661583873055 0.004629629629629629 0.011111111111111112
0 0.8647727272727272 0.155 0.004629629629629629 0.011111111111111112
0 0.18832464735424326 0.8270838987577197 0.004629629629629629 0.011111111111111112
0 0.22833470591613025 0.7873319696059093 0.004629629629629629 0.011111111111111112
0 0.6843477096028882 0.33426098529777576 0.004629629629629629 0.011111111111111112
