0 0.8647727272727272 0.155 0.004629629629629629 0.011111111111111112
0 0.7605283016087517 0.2585718809822724 0.004629629629629629 0.011111111111111112
0 0.7929654681005626 0.22634398653234428 0.004629629629629629 0.011111111111111112
0 0.16022727272727272 0.855 0.004629629629629629 0.011111111111111112
0 0.8291533064791639 0.19038961807876625 0.004629629629629629 0.011111111111111112
0 0.47722961017691923 0.5400428389209964 0.004629629629629629 0.011111111111111112
0 0.4996261672081048 0.5177907758061411 0.004629629629629629 0.011111111111111112
0 0.5204563317117687 0.4970949994605651 0.004629629629629629 0.011111111111111112
0 0.7154403728471912 0.3033689198808552 0.004629629629629629 0.011111111111111112
0 0.765001256231594 0.2541277841311905 0.004629629629629629 0.011111111111111112
0 0.4114880553568963 0.6053602546776642 0.004629629629629629 0.011111111111111112
0 0.7334916473940627 0.28543410516976997 0.004629629629629629 0.011111111111111112
0 0.48266980440891644 0.5346377427163025 0.004629629629629629 0.011111111111111112
0 0.7527875605211293 0.2662626818048135 0.004629629629629629 0.011111111111111112
0 0.46754328036216625 0.5496666762853316 0.004629629629629629 0.011111111111111112
0 0.5241197483584845 0.49345521775995727 0.004629629629629629 0.011111111111111112
0 0.2919982183444536 0.7240791895158332 0.004629629629629629 0.011111111111111112
0 0.7009666169328271 0.3177492967248039 0.004629629629629629 0.011111111111111112
0 0.7530101911604022 0.26604148749224543 0.004629629629629629 0.011111111111111112
0 0.31195165983997414 0.7042544799009289 0.004629629629629629 0.011111111111111112
0 0.22878269112109323 0.786886874628075 0.004629629629629629 0.011111111111111112
0 0.5025956730542664 0.5148404280622126 0.004629629629629629 0.011111111111111112
0 0.3723068352496678 0.6442886927196848 0.004629629629629629 0.011111111111111112
0 0.6184910525962799 0.39969276064627685 0.004629629629629629 0.011111111111111112
0 0.46381794432674905 0.5533679778947139 0.004629629629629629 0.011111111111111112
0 0.2568018188158329 0.7590485154991079 0.004629629629629629 0.011111111111111112
0 0.43546503596936986 0.5815379642626906 0.004629629629629629 0.011111111111111112
0 0.6378782620046416 0.3804306300082916 0.004629629629629629 0.011111111111111112
0 0.36776511192412886 0.6488011146044139 0.004629629629629629 0.011111111111111112
0 0.6030062611957366 0.4150776501668165 0.004629629629629629 0.011111111111111112
