0 0.8449530246366224 0.17469183358683996 0.004629629629629629 0.011111111111111112
0 0.7769053177150471 0.24230052304440483 0.004629629629629629 0.011111111111111112
0 0.17351652012279997 0.841796489684444 0.004629629629629629 0.011111111111111112
0 0.8647727272727272 0.155 0.004629629629629629 0.011111111111111112
0 0.6268487322441778 0.39138900151223627 0.004629629629629629 0.011111111111111112
0 0.2580327137304234 0.757825561842031 0.004629629629629629 0.011111111111111112
0 0.6167842629608496 0.401388538735672 0.004629629629629629 0.011111111111111112
0 0.7209255310741312 0.2979191497715085 0.004629629629629629 0.011111111111111112
0 0.18866005279081544 0.8267506572271899 0.004629629629629629 0.011111111111111112
0 0.8146666756024012 0.2047827868208401 0.004629629629629629 0.011111111111111112
0 0.5165758759504171 0.5009504200234567 0.004629629629629629 0.011111111111111112
0 0.5188907657587432 0.49865046498808746 0.004629629629629629 0.011111111111111112
0 0.3508937897439991 0.6655635895446719 0.004629629629629629 0.011111111111111112
0 0.8535337784279239 0.16616643949741774 0.004629629629629629 0.011111111111111112
0 0.5712357598967028 0.44664318048972745 0.004629629629629629 0.011111111111111112
0 0.1676396925999427 0.8476354021910247 0.004629629629629629 0.011111111111111112
0 0.24429681955961588 0.7714728373407688 0.004629629629629629 0.011111111111111112
0 0.26790734440602376 0.7480146384611119 0.004629629629629629 0.011111111111111112
0 0.5974180200230611 0.42062983817063626 0.004629629629629629 0.011111111111111112
0 0.4676018272247682 0.5496085071444239 0.004629629629629629 0.011111111111111112
0 0.6007803062008096 0.41728924416177643 0.004629629629629629 0.011111111111111112
0 0.46245687794187357 0.5547202632061385 0.004629629629629629 0.011111111111111112
0 0.4500786292126577 0.5670186522661338 0.004629629629629629 0.011111111111111112
0 0.3855928921792561 0.6310883522864167 0.004629629629629629 0.011111111111111112
0 0.16022727272727275 0.855 0.004629629629629629 0.011111111111111112
0 0.812609845463535 0.2068263470878426 0.004629629629629629 0.011111111111111112
0 0.26617973382135196 0.749731103171044 0.004629629629629629 0.011111111111111112
0 0.39353437268476116 0.6231981071390116 0.004629629629629629 0.011111111111111112
0 0.8570330562055877 0.16268973770541628 0.004629629629629629 0.011111111111111112
0 0.5599020219417734 0.4579037975546252 0.004629629629629629 0.011111111111111112
