0 0.8645804249940593 0.15519106161880564 0.004629629629629629 0.011111111111111112
0 0.42411054956005634 0.5928191959209762 0.004629629629629629 0.011111111111111112
0 0.8611713589931174 0.15857813364554796 0.004629629629629629 0.011111111111111112
0 0.47749432085609583 0.5397798360526531 0.004629629629629629 0.011111111111111112
0 0.6145815515860295 0.4035770390693642 0.004629629629629629 0.011111111111111112
0 0.7372394679760296 0.2817104640754287 0.004629629629629629 0.011111111111111112
0 0.6429474708042623 0.37539412578157155 0.004629629629629629 0.011111111111111112
0 0.7292074333822819 0.2896906790911521 0.004629629629629629 0.011111111111111112
0 0.637498698068331 0.3808077451450131 0.004629629629629629 0.011111111111111112
0 0.6114417928832351 0.40669654126439875 0.004629629629629629 0.011111111111111112
0 0.5519392123671357 0.4658152341642651 0.004629629629629629 0.011111111111111112
0 0.7912762549582503 0.22802230152535138 0.004629629629629629 0.011111111111111112
0 0.7544469231894265 0.26461402470211803 0.004629629629629629 0.011111111111111112
0 0.7541900724868077 0.26486921830342997 0.004629629629629629 0.011111111111111112
0 0.7394373267213104 0.27952678506398865 0.004629629629629629 0.011111111111111112
0 0.7481387597757885 0.27088149028728115 0.004629629629629629 0.011111111111111112
0 0.7426235461518104 0.27636112188787887 0.004629629629629629 0.011111111111111112
0 0.8354433982611054 0.18414010753412755 0.004629629629629629 0.011111111111111112
0 0.7613889791052746 0.2577167562437917 0.004629629629629629 0.011111111111111112
0 0.8535801481939213 0.16612036889120077 0.004629629629629629 0.011111111111111112
0 0.7848154882463122 0.23444138587140584 0.004629629629629629 0.011111111111111112
0 0.8647727272727272 0.155 0.004629629629629629 0.011111111111111112
0 0.8047150542384317 0.21467020417600974 0.004629629629629629 0.011111111111111112
0 0.1602272727272726 0.855 0.004629629629629629 0.011111111111111112
0 0.8110078722172233 0.20841798502288794 0.004629629629629629 0.011111111111111112
0 0.7328899333322728 0.2860319372053548 0.004629629629629629 0.011111111111111112
0 0.8476973485930709 0.17196521494623926 0.004629629629629629 0.011111111111111112
0 0.47465770508515515 0.5425981510766846 0.004629629629629629 0.011111111111111112
0 0.6281690323922258 0.3900772194296596 0.004629629629629629 0.011111111111111112
0 0.19650021656794583 0.8189610751518474 0.004629629629629629 0.011111111111111112
