0 0.16022727272727275 0.855 0.004629629629629629 0.011111111111111112
0 0.30364912986537423 0.7125034451660154 0.004629629629629629 0.011111111111111112
0 0.24224904402855 0.7735074014167955 0.004629629629629629 0.011111111111111112
0 0.24378480676219758 0.7719815468298166 0.004629629629629629 0.011111111111111112
0 0.20878108448937052 0.8067594386363673 0.004629629629629629 0.011111111111111112
0 0.2991602723034608 0.7169633423565615 0.004629629629629629 0.011111111111111112
0 0.32195816243367237 0.6943125353884804 0.004629629629629629 0.011111111111111112
0 0.36791179395715 0.6486553789070897 0.004629629629629629 0.011111111111111112
0 0.23616030743386848 0.7795568558398984 0.004629629629629629 0.011111111111111112
0 0.17404511814816084 0.8412713019689241 0.004629629629629629 0.011111111111111112
0 0.20262837515619936 0.8128724530706148 0.004629629629629629 0.011111111111111112
0 0.8647727272727272 0.155 0.004629629629629629 0.011111111111111112
0 0.17821507361226158 0.8371282494433014 0.004629629629629629 0.011111111111111112
0 0.30442206793168636 0.7117354937969051 0.004629629629629629 0.011111111111111112
0 0.23382963663954504 0.781872490048452 0.004629629629629629 0.011111111111111112
0 0.23715917109929122 0.7785644364561881 0.004629629629629629 0.011111111111111112
0 0.2023771345217098 0.8131220727977851 0.004629629629629629 0.011111111111111112
0 0.40025969977871784 0.6165161692521126 0.004629629629629629 0.011111111111111112
0 0.34252551888507865 0.6738778715593412 0.004629629629629629 0.011111111111111112
0 0.32654915492337083 0.689751162205167 0.004629629629629629 0.011111111111111112
0 0.5118721537422358 0.5056237956367464 0.004629629629629629 0.011111111111111112
0 0.2873554627761225 0.7286919918224332 0.004629629629629629 0.011111111111111112
0 0.5303049106065115 0.48730995978449826 0.004629629629629629 0.011111111111111112
0 0.29188775873668193 0.7241889364809742 0.004629629629629629 0.011111111111111112
0 0.3480593112476804 0.6683797810829499 0.004629629629629629 0.011111111111111112
0 0.2345401252807816 0.7811665852049009 0.004629629629629629 0.011111111111111112
0 0.5038998598963781 0.5135446553287598 0.004629629629629629 0.011111111111111112
0 0.17323888018205522 0.8420723383997645 0.004629629629629629 0.011111111111111112
0 0.40448604283894907 0.6123170929213022 0.004629629629629629 0.011111111111111112
0 0.16111318769003913 0.8541198006176386 0.004629629629629629 0.011111111111111112
