0 0.3601412012650514 0.6563758387431103 0.004629629629629629 0.011111111111111112
0 0.7682782014923248 0.25087198045278697 0.004629629629629629 0.011111111111111112
0 0.5030991537013764 0.5143401956773421 0.004629629629629629 0.011111111111111112
0 0.24840105244588226 0.7673950833763492 0.004629629629629629 0.011111111111111112
0 0.28898740802207823 0.7270705752554836 0.004629629629629629 0.011111111111111112
0 0.4660839436455847 0.5511165979263224 0.004629629629629629 0.011111111111111112
0 0.334579692290918 0.6817724347561203 0.004629629629629629 0.011111111111111112
0 0.41422748260840475 0.6026385011503591 0.004629629629629629 0.011111111111111112
0 0.37737504092962787 0.6392531851408858 0.004629629629629629 0.011111111111111112
0 0.7993195835065084 0.2200308654193401 0.004629629629629629 0.011111111111111112
0 0.1839463799195935 0.8314339193056942 0.004629629629629629 0.011111111111111112
0 0.35817854623531314 0.658325831482334 0.004629629629629629 0.011111111111111112
0 0.4274157025722731 0.5895353664765803 0.004629629629629629 0.011111111111111112
0 0.38423206617406486 0.6324403987689936 0.004629629629629629 0.011111111111111112
0 0.7192494546671596 0.299584412782306 0.004629629629629629 0.011111111111111112
0 0.357886398545111 0.6586160943487285 0.004629629629629629 0.011111111111111112
0 0.7088462838362525 0.3099204663820459 0.004629629629629629 0.011111111111111112
0 0.4694507362146703 0.5477715265996178 0.004629629629629629 0.011111111111111112
0 0.24128830568407356 0.7744619414493721 0.004629629629629629 0.011111111111111112
0 0.6152822331323443 0.40288087804915473 0.004629629629629629 0.011111111111111112
0 0.17251970974216974 0.8427868690303604 0.004629629629629629 0.011111111111111112
0 0.71479009136366 0.30401500599997655 0.004629629629629629 0.011111111111111112
0 0.3119134511010102 0.7042924421318996 0.004629629629629629 0.011111111111111112
0 0.5363722845013091 0.48128173023740894 0.004629629629629629 0.011111111111111112
0 0.4653932643344126 0.5518028212419386 0.004629629629629629 0.011111111111111112
0 0.6622190478509286 0.3562468814900452 0.004629629629629629 0.011111111111111112
0 0.47979184023520893 0.5374971393792118 0.004629629629629629 0.011111111111111112
0 0.7947262280711256 0.22459458630352686 0.004629629629629629 0.011111111111111112
0 0.16022727272727275 0.855 0.004629629629629629 0.011111111111111112
0 0.8647727272727272 0.155 0.004629629629629629 0.011111111111111112
