0 0.6783146104056799 0.34025516127435684 0.004629629629629629 0.011111111111111112
0 0.3774864313718612 0.6391425133466668 0.004629629629629629 0.011111111111111112
0 0.4018581840824649 0.6149279977503251 0.004629629629629629 0.011111111111111112
0 0.5975941562168332 0.42045483833940445 0.004629629629629629 0.011111111111111112
0 0.5951449454449946 0.42288824775142475 0.004629629629629629 0.011111111111111112
0 0.5205150258828684 0.49703668396153733 0.004629629629629629 0.011111111111111112
0 0.5952601734245682 0.42277376317817095 0.004629629629629629 0.011111111111111112
0 0.8107916804006934 0.20863278205350458 0.004629629629629629 0.011111111111111112
0 0.7205898278224754 0.2982526871957341 0.004629629629629629 0.011111111111111112
0 0.16598833674978208 0.8492761041324746 0.004629629629629629 0.011111111111111112
0 0.2953861664899201 0.7207130991003375 0.004629629629629629 0.011111111111111112
0 0.16022727272727275 0.855 0.004629629629629629 0.011111111111111112
0 0.4778593180651998 0.5394171936642531 0.004629629629629629 0.011111111111111112
0 0.5026577458141094 0.5147787557717881 0.004629629629629629 0.011111111111111112
0 0.6708644623470457 0.3476572438616449 0.004629629629629629 0.011111111111111112
0 0.20617630987539637 0.809347408252832 0.004629629629629629 0.011111111111111112
0 0.8012044689134268 0.21815814056343402 0.004629629629629629 0.011111111111111112
0 0.8305377787713488 0.18901407786588584 0.004629629629629629 0.011111111111111112
0 0.8647727272727271 0.155 0.004629629629629629 0.011111111111111112
0 0.2944210663738441 0.7216719727640517 0.004629629629629629 0.011111111111111112
0 0.49187607701397223 0.525490865418376 0.004629629629629629 0.011111111111111112
0 0.29772288579935774 0.7183914553993478 0.004629629629629629 0.011111111111111112
0 0.24964788636387383 0.7661562935481512 0.004629629629629629 0.011111111111111112
0 0.7334713670224374 0.28545425470028796 0.004629629629629629 0.011111111111111112
0 0.19274681776356833 0.8226902584800675 0.004629629629629629 0.011111111111111112
0 0.17316169396222256 0.8421490266439853 0.004629629629629629 0.011111111111111112
0 0.6538768597921126 0.36453524898073975 0.004629629629629629 0.011111111111111112
0 0.40505015800065464 0.6117566172122528 0.004629629629629629 0.011111111111111112
0 0.31315134878875217 0.7030625308808527 0.004629629629629629 0.011111111111111112
0 0.2684711194409454 0.74745450068448 0.004629629629629629 0.011111111111111112
