0 0.420267705526994 0.5966372474118898 0.004629629629629629 0.011111111111111112
0 0.35120377197790636 0.6652556071961446 0.004629629629629629 0.011111111111111112
0 0.6024355852971209 0.41564464428544123 0.004629629629629629 0.011111111111111112
0 0.37267702875240283 0.6439208875621288 0.004629629629629629 0.011111111111111112
0 0.29137827987967463 0.7246951283776136 0.004629629629629629 0.011111111111111112
0 0.60432679317605 0.41376563774766656 0.004629629629629629 0.011111111111111112
0 0.2504518723507508 0.7653574945676412 0.004629629629629629 0.011111111111111112
0 0.2692791328234828 0.7466517002915075 0.004629629629629629 0.011111111111111112
0 0.6098960427062764 0.40823231885957056 0.004629629629629629 0.011111111111111112
0 0.39404650230784066 0.6226892815780163 0.004629629629629629 0.011111111111111112
0 0.5673288186768864 0.4505249156371581 0.004629629629629629 0.011111111111111112
0 0.6390074062438225 0.37930877057065393 0.004629629629629629 0.011111111111111112
0 0.43341535351665045 0.5835744229576505 0.004629629629629629 0.011111111111111112
0 0.22059789769573912 0.7950188629345559 0.004629629629629629 0.011111111111111112
0 0.48450370215111843 0.5328156765724372 0.004629629629629629 0.011111111111111112
0 0.25309573781203015 0.7627306863028862 0.004629629629629629 0.011111111111111112
0 0.3313517211744592 0.6849795802524729 0.004629629629629629 0.011111111111111112
0 0.35028749589667607 0.6661659718187863 0.004629629629629629 0.011111111111111112
0 0.4029384016252383 0.6138547493529891 0.004629629629629629 0.011111111111111112
0 0.7035478786703845 0.3151846882887794 0.004629629629629629 0.011111111111111112
0 0.6758300069517625 0.34272373502857134 0.004629629629629629 0.011111111111111112
0 0.21914658847927712 0.7964608088657505 0.004629629629629629 0.011111111111111112
0 0.35928252700949204 0.6572289731647629 0.004629629629629629 0.011111111111111112
0 0.8647727272727272 0.155 0.004629629629629629 0.011111111111111112
0 0.5670719978903729 0.4507800795153715 0.004629629629629629 0.011111111111111112
0 0.40023185545496925 0.6165438339350628 0.004629629629629629 0.011111111111111112
0 0.5178542091472013 0.4996803341376195 0.004629629629629629 0.011111111111111112
0 0.2280511021460335 0.7876137436742635 0.004629629629629629 0.011111111111111112
0 0.20570024070703422 0.8098204060072048 0.004629629629629629 0.011111111111111112
0 0.16022727272727275 0.855 0.004629629629629629 0.011111111111111112
