0 0.8257597603381425 0.19376127037371613 0.004629629629629629 0.011111111111111112
0 0.5773427582850509 0.4405755820909817 0.004629629629629629 0.011111111111111112
0 0.5470583908524993 0.4706645665078395 0.004629629629629629 0.011111111111111112
0 0.6458424155077225 0.3725178581407142 0.004629629629629629 0.011111111111111112
0 0.6855381848792156 0.3330781905071019 0.004629629629629629 0.011111111111111112
0 0.3920594315737752 0.6246635325008942 0.004629629629629629 0.011111111111111112
0 0.8393633880296967 0.18024540802210776 0.004629629629629629 0.011111111111111112
0 0.691760747125789 0.3268957738234094 0.004629629629629629 0.011111111111111112
0 0.8647727272727271 0.155 0.004629629629629629 0.011111111111111112
0 0.727045020511481 0.29183914091117347 0.004629629629629629 0.011111111111111112
0 0.5835279647127051 0.43443028022092517 0.004629629629629629 0.011111111111111112
0 0.5113577366462294 0.5061348939127785 0.004629629629629629 0.011111111111111112
0 0.8040817913180366 0.21529938152917658 0.004629629629629629 0.011111111111111112
0 0.7051343900309234 0.3136084124854051 0.004629629629629629 0.011111111111111112
0 0.2779363724696763 0.7380503138043216 0.004629629629629629 0.011111111111111112
0 0.7832149029760811 0.2360316447850548 0.004629629629629629 0.011111111111111112
0 0.7066213734578377 0.3121310224999547 0.004629629629629629 0.011111111111111112
0 0.8485886769827917 0.17107963706225837 0.004629629629629629 0.011111111111111112
0 0.6967600520684026 0.32192872246107074 0.004629629629629629 0.011111111111111112
0 0.7192623353578509 0.29957161519284475 0.004629629629629629 0.011111111111111112
0 0.639485626967152 0.3788336351423134 0.004629629629629629 0.011111111111111112
0 0.8392686564855962 0.1803395283949558 0.004629629629629629 0.011111111111111112
0 0.7056845929095711 0.31306175930274865 0.004629629629629629 0.011111111111111112
0 0.83136822887009 0.18818898550971677 0.004629629629629629 0.011111111111111112
0 0.6521082033120138 0.3662924947738702 0.004629629629629629 0.011111111111111112
0 0.1602272727272726 0.855 0.004629629629629629 0.011111111111111112
0 0.6454741951613536 0.3728837028719454 0.004629629629629629 0.011111111111111112
0 0.5846888655816579 0.43327686903499785 0.004629629629629629 0.011111111111111112
0 0.5952139784431416 0.4228196601274592 0.004629629629629629 0.011111111111111112
0 0.7238586098721117 0.295004994062547 0.004629629629629629 0.011111111111111112
