0 0.35652635332429 0.6599673650842537 0.004629629629629629 0.011111111111111112
0 0.48827580879143606 0.5290679061039926 0.004629629629629629 0.011111111111111112
0 0.3019816661336295 0.7141601510672327 0.004629629629629629 0.011111111111111112
0 0.47660778438661167 0.5406606529320117 0.004629629629629629 0.011111111111111112
0 0.5417672944547475 0.4759215267997994 0.004629629629629629 0.011111111111111112
0 0.2774912457505518 0.7384925687381615 0.004629629629629629 0.011111111111111112
0 0.20007184653947885 0.8154124879543243 0.004629629629629629 0.011111111111111112
0 0.46027806639954594 0.5568850178998059 0.004629629629629629 0.011111111111111112
0 0.3005162643889253 0.7156160986071323 0.004629629629629629 0.011111111111111112
0 0.24033540734393422 0.7754086920582847 0.004629629629629629 0.011111111111111112
0 0.16634962641696888 0.8489171453663664 0.004629629629629629 0.011111111111111112
0 0.32584353039482145 0.6904522343174033 0.004629629629629629 0.011111111111111112
0 0.16022727272727275 0.855 0.004629629629629629 0.011111111111111112
0 0.29086888704639646 0.7252012348055157 0.004629629629629629 0.011111111111111112
0 0.4511523781984486 0.5659518306931544 0.004629629629629629 0.011111111111111112
0 0.21442456212401895 0.8011523705348457 0.004629629629629629 0.011111111111111112
0 0.19403638466772696 0.8214090113623874 0.004629629629629629 0.011111111111111112
0 0.18013259687773536 0.8352230972956693 0.004629629629629629 0.011111111111111112
0 0.4885373212805801 0.5288080807921979 0.004629629629629629 0.011111111111111112
0 0.20069092517525994 0.8147974033742579 0.004629629629629629 0.011111111111111112
0 0.2794897202268876 0.7365069876455439 0.004629629629629629 0.011111111111111112
0 0.2907635250022032 0.7253059170945853 0.004629629629629629 0.011111111111111112
0 0.17758513824977168 0.8377541207066784 0.004629629629629629 0.011111111111111112
0 0.1788414573226287 0.8365059069181625 0.004629629629629629 0.011111111111111112
0 0.47362652579986664 0.5436226775923906 0.004629629629629629 0.011111111111111112
0 0.18145222886773077 0.8339119790604482 0.004629629629629629 0.011111111111111112
0 0.8647727272727271 0.155 0.004629629629629629 0.011111111111111112
0 0.6531882055633393 0.3652194602790047 0.004629629629629629 0.011111111111111112
0 0.1614959376241331 0.853739520037958 0.004629629629629629 0.011111111111111112
0 0.3101769810033976 0.7060177091966243 0.004629629629629629 0.011111111111111112
