0 0.28357926189250887 0.7324438301197009 0.004629629629629629 0.011111111111111112
0 0.8647727272727272 0.155 0.004629629629629629 0.011111111111111112
0 0.34294623147878694 0.6734598732404311 0.004629629629629629 0.011111111111111112
0 0.3391954412996201 0.6771864647732807 0.004629629629629629 0.011111111111111112
0 0.28258226820611926 0.733434391588759 0.004629629629629629 0.011111111111111112
0 0.32756699747313356 0.6887398863815318 0.004629629629629629 0.011111111111111112
0 0.20770505547576268 0.8078285255273068 0.004629629629629629 0.011111111111111112
0 0.22279627955838383 0.7928346641807025 0.004629629629629629 0.011111111111111112
0 0.24069763779850623 0.7750487985743874 0.004629629629629629 0.011111111111111112
0 0.20608020182646403 0.8094428962498357 0.004629629629629629 0.011111111111111112
0 0.22060278511055267 0.7950140070514509 0.004629629629629629 0.011111111111111112
0 0.25142074620267013 0.7643948715147665 0.004629629629629629 0.011111111111111112
0 0.16022727272727275 0.855 0.004629629629629629 0.011111111111111112
0 0.216455474068823 0.7991345612477501 0.004629629629629629 0.011111111111111112
0 0.20224350922665127 0.8132548359941659 0.004629629629629629 0.011111111111111112
0 0.2544379458842254 0.7613971376376083 0.004629629629629629 0.011111111111111112
0 0.1979435004621793 0.817527102766609 0.004629629629629629 0.011111111111111112
0 0.2146605383916904 0.8009179166947076 0.004629629629629629 0.011111111111111112
0 0.5462605011970307 0.4714573084881115 0.004629629629629629 0.011111111111111112
0 0.2652475748590309 0.7506572482045758 0.004629629629629629 0.011111111111111112
0 0.30982693027692865 0.7063655015313096 0.004629629629629629 0.011111111111111112
0 0.39296066263478013 0.6237681158338314 0.004629629629629629 0.011111111111111112
0 0.237866904489326 0.7778612690880246 0.004629629629629629 0.011111111111111112
0 0.18435012228844858 0.8310327817263157 0.004629629629629629 0.011111111111111112
0 0.20376557178603386 0.8117425931932309 0.004629629629629629 0.011111111111111112
0 0.3702329791369186 0.6463491691155777 0.004629629629629629 0.011111111111111112
0 0.3071976823285485 0.7089777865897002 0.004629629629629629 0.011111111111111112
0 0.2587225646147571 0.757140161608564 0.004629629629629629 0.011111111111111112
0 0.16709657361883343 0.8481750171787075 0.004629629629629629 0.011111111111111112
0 0.2898219793631542 0.7262413882456403 0.004629629629629629 0.011111111111111112
