0 0.28997798406122705 0.7260863900294905 0.004629629629629629 0.011111111111111112
0 0.43661124384540967 0.5803991512761736 0.004629629629629629 0.011111111111111112
0 0.45791796119638284 0.5592298966177873 0.004629629629629629 0.011111111111111112
0 0.20041105840524676 0.8150754645522065 0.004629629629629629 0.011111111111111112
0 0.35397799297954824 0.6624992843945133 0.004629629629629629 0.011111111111111112
0 0.34944816759213965 0.6669998851020031 0.004629629629629629 0.011111111111111112
0 0.7595032732203368 0.2595902962843105 0.004629629629629629 0.011111111111111112
0 0.7263893623650634 0.2924905690050338 0.004629629629629629 0.011111111111111112
0 0.48376195170636926 0.5335526415304459 0.004629629629629629 0.011111111111111112
0 0.19686640974278616 0.8185972445136189 0.004629629629629629 0.011111111111111112
0 0.305394714209454 0.7107691226564135 0.004629629629629629 0.011111111111111112
0 0.18191691258532158 0.8334502933023257 0.004629629629629629 0.011111111111111112
0 0.8647727272727272 0.155 0.004629629629629629 0.011111111111111112
0 0.2530300287089671 0.762795971476252 0.004629629629629629 0.011111111111111112
0 0.2182542468617598 0.7973473934405741 0.004629629629629629 0.011111111111111112
0 0.1712733857305804 0.8440251522418749 0.004629629629629629 0.011111111111111112
0 0.16022727272727275 0.855 0.004629629629629629 0.011111111111111112
0 0.22527414570213877 0.790372784270133 0.004629629629629629 0.011111111111111112
0 0.25786200245604723 0.7579951717533465 0.004629629629629629 0.011111111111111112
0 0.1723898505680109 0.8429158904033957 0.004629629629629629 0.011111111111111112
0 0.44990169863189844 0.5671944413592751 0.004629629629629629 0.011111111111111112
0 0.5390782467450765 0.4785932258145691 0.004629629629629629 0.011111111111111112
0 0.2098469776584044 0.8057004221974562 0.004629629629629629 0.011111111111111112
0 0.33209870851991574 0.6842374121802128 0.004629629629629629 0.011111111111111112
0 0.5708244598025696 0.4470518270348663 0.004629629629629629 0.011111111111111112
0 0.6397291776871024 0.37859165571733056 0.004629629629629629 0.011111111111111112
0 0.16952096038060166 0.8457662716218538 0.004629629629629629 0.011111111111111112
0 0.35721427245325293 0.6592838841432197 0.004629629629629629 0.011111111111111112
0 0.3166846452230941 0.6995520299073774 0.004629629629629629 0.011111111111111112
0 0.4579108150738197 0.559236996636334 0.004629629629629629 0.011111111111111112
