0 0.3647297351492357 0.65181690830334 0.004629629629629629 0.011111111111111112
0 0.5724700715818145 0.4454168321058102 0.004629629629629629 0.011111111111111112
0 0.29272690078880237 0.7233552082485448 0.004629629629629629 0.011111111111111112
0 0.36715981463709646 0.649402506747659 0.004629629629629629 0.011111111111111112
0 0.3092103461655382 0.7069781076806911 0.004629629629629629 0.011111111111111112
0 0.16022727272727275 0.855 0.004629629629629629 0.011111111111111112
0 0.1872873873768473 0.8281144667352615 0.004629629629629629 0.011111111111111112
0 0.5639004269376172 0.45393118872004484 0.004629629629629629 0.011111111111111112
0 0.3637257665096561 0.6528143997258901 0.004629629629629629 0.011111111111111112
0 0.1821320154498812 0.8332365781981825 0.004629629629629629 0.011111111111111112
0 0.27793703007245263 0.7380496604441439 0.004629629629629629 0.011111111111111112
0 0.5883323406712501 0.4296569002363063 0.004629629629629629 0.011111111111111112
0 0.41389072022389795 0.6029730908743207 0.004629629629629629 0.011111111111111112
0 0.23841396073288762 0.7773177422395827 0.004629629629629629 0.011111111111111112
0 0.3867556952764251 0.6299330511447131 0.004629629629629629 0.011111111111111112
0 0.29768584927205294 0.7184282529813152 0.004629629629629629 0.011111111111111112
0 0.16480957835761653 0.8504472576317874 0.004629629629629629 0.011111111111111112
0 0.38555130987185277 0.6311296663208689 0.004629629629629629 0.011111111111111112
0 0.39682921799494447 0.6199245188953455 0.004629629629629629 0.011111111111111112
0 0.8647727272727271 0.1550000000000001 0.004629629629629629 0.011111111111111112
0 0.35096284214060486 0.665494982647399 0.004629629629629629 0.011111111111111112
0 0.38698337031804914 0.6297068449743254 0.004629629629629629 0.011111111111111112
0 0.5570746341293141 0.46071294415539105 0.004629629629629629 0.011111111111111112
0 0.3409703478834999 0.6754230091996194 0.004629629629629629 0.011111111111111112
0 0.22469498541287217 0.7909482080414044 0.004629629629629629 0.011111111111111112
0 0.2523747317554039 0.7634470407075341 0.004629629629629629 0.011111111111111112
0 0.4709817891747529 0.5462503514005681 0.004629629629629629 0.011111111111111112
0 0.7870609899032703 0.23221037132191202 0.004629629629629629 0.011111111111111112
0 0.19865928589088755 0.8168159353084085 0.004629629629629629 0.011111111111111112
0 0.26156750930226075 0.7543135714029151 0.004629629629629629 0.011111111111111112
