0 0.700694438295813 0.3180197193706116 0.004629629629629629 0.011111111111111112
0 0.2795516020208427 0.7364455050889692 0.004629629629629629 0.011111111111111112
0 0.5092696798353248 0.5082094793894193 0.004629629629629629 0.011111111111111112
0 0.22759245087188532 0.7880694359079333 0.004629629629629629 0.011111111111111112
0 0.45554535144992087 0.5615871992045947 0.004629629629629629 0.011111111111111112
0 0.5887416460487791 0.4292502355386323 0.004629629629629629 0.011111111111111112
0 0.390114024869259 0.6265963881944135 0.004629629629629629 0.011111111111111112
0 0.30758441823349436 0.7085935457551088 0.004629629629629629 0.011111111111111112
0 0.41980299266976107 0.5970989621216567 0.004629629629629629 0.011111111111111112
0 0.4070831037397577 0.6097367872521117 0.004629629629629629 0.011111111111111112
0 0.8647727272727271 0.155 0.004629629629629629 0.011111111111111112
0 0.20908242657125384 0.8064600406969478 0.004629629629629629 0.011111111111111112
0 0.19142213602305708 0.8240063938867691 0.004629629629629629 0.011111111111111112
0 0.5945821674210534 0.4234473949494051 0.004629629629629629 0.011111111111111112
0 0.29139892827221026 0.7246746132005137 0.004629629629629629 0.011111111111111112
0 0.6410110798479012 0.377318023893053 0.004629629629629629 0.011111111111111112
0 0.6452063822199331 0.3731497879879373 0.004629629629629629 0.011111111111111112
0 0.7276900768141095 0.2911982462621105 0.004629629629629629 0.011111111111111112
0 0.8042020813887586 0.21517986752342677 0.004629629629629629 0.011111111111111112
0 0.666322593796371 0.35216981003457326 0.004629629629629629 0.011111111111111112
0 0.7296029082614872 0.2892977556627803 0.004629629629629629 0.011111111111111112
0 0.43395398010649255 0.5830392713780654 0.004629629629629629 0.011111111111111112
0 0.16022727272727275 0.855 0.004629629629629629 0.011111111111111112
0 0.2698055257284586 0.7461287034697895 0.004629629629629629 0.011111111111111112
0 0.7764907385873607 0.24271242746804136 0.004629629629629629 0.011111111111111112
0 0.3083164982325556 0.7078661888528157 0.004629629629629629 0.011111111111111112
0 0.7645177593650463 0.2546081616631153 0.004629629629629629 0.011111111111111112
0 0.3557455789873768 0.6607431021673805 0.004629629629629629 0.011111111111111112
0 0.23576061769974757 0.7799539669305734 0.004629629629629629 0.011111111111111112
0 0.33380917532113413 0.6825379806486797 0.004629629629629629 0.011111111111111112
