0 0.6306069236680572 0.38765505648464 0.004629629629629629 0.011111111111111112
0 0.7302239699187318 0.2886807008549374 0.004629629629629629 0.011111111111111112
0 0.4010329303599095 0.6157479272553158 0.004629629629629629 0.011111111111111112
0 0.6127003217827865 0.4054461319061347 0.004629629629629629 0.011111111111111112
0 0.84251285173277 0.1771162634396992 0.004629629629629629 0.011111111111111112
0 0.3708152621474894 0.6457706427695912 0.004629629629629629 0.011111111111111112
0 0.769044281313683 0.250110843081889 0.004629629629629629 0.011111111111111112
0 0.5776079768901536 0.44031207457365373 0.004629629629629629 0.011111111111111112
0 0.7271880226149473 0.2916970614019231 0.004629629629629629 0.011111111111111112
0 0.8369529033602328 0.18264034117757502 0.004629629629629629 0.011111111111111112
0 0.5114661464351817 0.5060271835418193 0.004629629629629629 0.011111111111111112
0 0.5301605256516815 0.48745341322349056 0.004629629629629629 0.011111111111111112
0 0.6710022030183005 0.347520391839882 0.004629629629629629 0.011111111111111112
0 0.7551063887690513 0.2639588137391361 0.004629629629629629 0.011111111111111112
0 0.6521946079574059 0.3662066475778031 0.004629629629629629 0.011111111111111112
0 0.8414415826334275 0.17818062112549773 0.004629629629629629 0.011111111111111112
0 0.8647727272727271 0.155 0.004629629629629629 0.011111111111111112
0 0.4331787197601382 0.5838095300447658 0.004629629629629629 0.011111111111111112
0 0.47291981837504465 0.5443248256144716 0.004629629629629629 0.011111111111111112
0 0.5179220322894826 0.4996129485639978 0.004629629629629629 0.011111111111111112
0 0.7343260087468367 0.2846051267934654 0.004629629629629629 0.011111111111111112
0 0.7983189631806236 0.22102503013021896 0.004629629629629629 0.011111111111111112
0 0.7728543202899739 0.24632538500221926 0.004629629629629629 0.011111111111111112
0 0.7335958381107901 0.28533058665121486 0.004629629629629629 0.011111111111111112
0 0.1602272727272728 0.855 0.004629629629629629 0.011111111111111112
0 0.4234484601913353 0.5934770137453829 0.004629629629629629 0.011111111111111112
0 0.8104469024615514 0.20897533561884551 0.004629629629629629 0.011111111111111112
0 0.8182914295478956 0.20118141838467135 0.004629629629629629 0.011111111111111112
0 0.36720085001015274 0.6493617361189449 0.004629629629629629 0.011111111111111112
0 0.6758754258933285 0.342678609112435 0.004629629629629629 0.011111111111111112
