0 0.3702453779507018 0.6463368502941416 0.004629629629629629 0.011111111111111112
0 0.8048402842274117 0.21454578212244269 0.004629629629629629 0.011111111111111112
0 0.2773117984804241 0.7386708582839658 0.004629629629629629 0.011111111111111112
0 0.5814642084376406 0.4364807219393765 0.004629629629629629 0.011111111111111112
0 0.36283379228749224 0.6537006192756528 0.004629629629629629 0.011111111111111112
0 0.35564545916767987 0.6608425760527569 0.004629629629629629 0.011111111111111112
0 0.8243083311504668 0.19520333550211694 0.004629629629629629 0.011111111111111112
0 0.7253360863065723 0.2935370497341154 0.004629629629629629 0.011111111111111112
0 0.6092956942692651 0.4088287940808592 0.004629629629629629 0.011111111111111112
0 0.16022727272727275 0.855 0.004629629629629629 0.011111111111111112
0 0.8576576974918622 0.16206912636292406 0.004629629629629629 0.011111111111111112
0 0.285006154506377 0.7310261432646319 0.004629629629629629 0.011111111111111112
0 0.7582562359797527 0.2608292881233426 0.004629629629629629 0.011111111111111112
0 0.45650808741812576 0.5606306744361848 0.004629629629629629 0.011111111111111112
0 0.33594710072209244 0.6804138483148243 0.004629629629629629 0.011111111111111112
0 0.8209151722355594 0.1985746030691862 0.004629629629629629 0.011111111111111112
0 0.2207151344607998 0.7949023825357214 0.004629629629629629 0.011111111111111112
0 0.6420881197824321 0.376247932603261 0.004629629629629629 0.011111111111111112
0 0.8647727272727272 0.155 0.004629629629629629 0.011111111111111112
0 0.7744872718557455 0.2447029686078399 0.004629629629629629 0.011111111111111112
0 0.4019960247127083 0.6147910464144705 0.004629629629629629 0.011111111111111112
0 0.25790901524844523 0.7579484622692867 0.004629629629629629 0.011111111111111112
0 0.5983465470255207 0.4197073016649666 0.004629629629629629 0.011111111111111112
0 0.716493538625507 0.30232254872046394 0.004629629629629629 0.011111111111111112
0 0.41915949408793085 0.5977383090997332 0.004629629629629629 0.011111111111111112
0 0.6788338172675373 0.33973930413418874 0.004629629629629629 0.011111111111111112
0 0.6250296822595286 0.39319631569053287 0.004629629629629629 0.011111111111111112
0 0.4711995527087661 0.5460339927925808 0.004629629629629629 0.011111111111111112
0 0.6617499945511921 0.3567129086394608 0.004629629629629629 0.011111111111111112
0 0.5331188905274715 0.48451413457270587 0.004629629629629629 0.011111111111111112
