0 0.8304051603966579 0.18914584063815915 0.004629629629629629 0.011111111111111112
0 0.3798908494305507 0.6367536076625497 0.004629629629629629 0.011111111111111112
0 0.5966171870906579 0.42142550443895926 0.004629629629629629 0.011111111111111112
0 0.22702673138667404 0.788631505590014 0.004629629629629629 0.011111111111111112
0 0.8001320231257872 0.219223667345992 0.004629629629629629 0.011111111111111112
0 0.5919267566863942 0.4260856740019051 0.004629629629629629 0.011111111111111112
0 0.6204888171784698 0.3977078848678427 0.004629629629629629 0.011111111111111112
0 0.797499668229815 0.22183903930715132 0.004629629629629629 0.011111111111111112
0 0.5758453723709449 0.442063307450803 0.004629629629629629 0.011111111111111112
0 0.16022727272727272 0.855 0.004629629629629629 0.011111111111111112
0 0.8412623080090673 0.17835873913937803 0.004629629629629629 0.011111111111111112
0 0.7666211462911213 0.2525183449752728 0.004629629629629629 0.011111111111111112
0 0.37218573044797654 0.6444090162000748 0.004629629629629629 0.011111111111111112
0 0.3803515841205863 0.6362958454543852 0.004629629629629629 0.011111111111111112
0 0.5938525995295637 0.42417225595127206 0.004629629629629629 0.011111111111111112
0 0.7530033369349679 0.2660482974968704 0.004629629629629629 0.011111111111111112
0 0.7320869494949274 0.2868297405018138 0.004629629629629629 0.011111111111111112
0 0.6344501613917213 0.3838366138430638 0.004629629629629629 0.011111111111111112
0 0.6809529697663185 0.33763382358701255 0.004629629629629629 0.011111111111111112
0 0.449587046749412 0.5675070632296165 0.004629629629629629 0.011111111111111112
0 0.4219422581354554 0.5949734983686442 0.004629629629629629 0.011111111111111112
0 0.7579857571732821 0.2610980219052551 0.004629629629629629 0.011111111111111112
0 0.49915033837129946 0.5182635347794831 0.004629629629629629 0.011111111111111112
0 0.6932296436572785 0.32543635404373616 0.004629629629629629 0.011111111111111112
0 0.6579877584540478 0.36045087224565575 0.004629629629629629 0.011111111111111112
0 0.6373564592320966 0.3809490663113363 0.004629629629629629 0.011111111111111112
0 0.343090198164044 0.6733168353724982 0.004629629629629629 0.011111111111111112
0 0.8465736626050795 0.1730816513472114 0.004629629629629629 0.011111111111111112
0 0.7148069253827417 0.30399828058746947 0.004629629629629629 0.011111111111111112
0 0.8647727272727271 0.155 0.004629629629629629 0.011111111111111112
