0 0.2085235587829474 0.80701530288662 0.004629629629629629 0.011111111111111112
0 0.5164178501733601 0.5011074262793713 0.004629629629629629 0.011111111111111112
0 0.20306816956793847 0.8124354960421772 0.004629629629629629 0.011111111111111112
0 0.22204121569066285 0.7935848566686318 0.004629629629629629 0.011111111111111112
0 0.19974201569687167 0.8157401908560113 0.004629629629629629 0.011111111111111112
0 0.3256403081125374 0.6906541454881887 0.004629629629629629 0.011111111111111112
0 0.16117563221376094 0.8540577589618117 0.004629629629629629 0.011111111111111112
0 0.16830585543602808 0.8469735371796883 0.004629629629629629 0.011111111111111112
0 0.8169033371308034 0.2025605553668147 0.004629629629629629 0.011111111111111112
0 0.1610015062543985 0.854230761527888 0.004629629629629629 0.011111111111111112
0 0.19277414024364037 0.8226631122740605 0.004629629629629629 0.011111111111111112
0 0.16022727272727275 0.855 0.004629629629629629 0.011111111111111112
0 0.16162533854479433 0.8536109539619463 0.004629629629629629 0.011111111111111112
0 0.1953635205401001 0.8200904376569329 0.004629629629629629 0.011111111111111112
0 0.8647727272727272 0.155 0.004629629629629629 0.011111111111111112
0 0.3916768202504087 0.6250436753641101 0.004629629629629629 0.011111111111111112
0 0.22348865919517272 0.7921467515093122 0.004629629629629629 0.011111111111111112
0 0.5409502675699335 0.47673328254342096 0.004629629629629629 0.011111111111111112
0 0.331805397930319 0.684528830443425 0.004629629629629629 0.011111111111111112
0 0.32796936613194416 0.6883401136495523 0.004629629629629629 0.011111111111111112
0 0.17355256275009365 0.8417606795902295 0.004629629629629629 0.011111111111111112
0 0.3263507801125242 0.6899482571785243 0.004629629629629629 0.011111111111111112
0 0.20649900777302488 0.8090267922771236 0.004629629629629629 0.011111111111111112
0 0.24056653418771834 0.7751790563554282 0.004629629629629629 0.011111111111111112
0 0.18817691745329762 0.8272306755625302 0.004629629629629629 0.011111111111111112
0 0.304977109980183 0.7111840326648505 0.004629629629629629 0.011111111111111112
0 0.2406407403605272 0.7751053289321215 0.004629629629629629 0.011111111111111112
0 0.18404937796445725 0.8313315857643457 0.004629629629629629 0.011111111111111112
0 0.3433485246601571 0.6730601754989407 0.004629629629629629 0.011111111111111112
0 0.3220254290485684 0.6942457027517449 0.004629629629629629 0.011111111111111112
