0 0.8647727272727272 0.1550000000000001 0.004629629629629629 0.011111111111111112
0 0.4982929431884878 0.5191153983804702 0.004629629629629629 0.011111111111111112
0 0.29031412751497065 0.7257524152431905 0.004629629629629629 0.011111111111111112
0 0.19498282007733522 0.82046868198768 0.004629629629629629 0.011111111111111112
0 0.30353784835723086 0.7126140087289448 0.004629629629629629 0.011111111111111112
0 0.18676134741525396 0.8286371128906509 0.004629629629629629 0.011111111111111112
0 0.5085007515544272 0.5089734468426982 0.004629629629629629 0.011111111111111112
0 0.25665836337874137 0.7591910454172505 0.004629629629629629 0.011111111111111112
0 0.21816153520515666 0.7974395069574572 0.004629629629629629 0.011111111111111112
0 0.16438850954113482 0.8508656098752597 0.004629629629629629 0.011111111111111112
0 0.18926023672694003 0.8261543454454918 0.004629629629629629 0.011111111111111112
0 0.4532891422067933 0.563828852259057 0.004629629629629629 0.011111111111111112
0 0.18804624286782187 0.827360507086164 0.004629629629629629 0.011111111111111112
0 0.33692949927946586 0.6794377878126597 0.004629629629629629 0.011111111111111112
0 0.18414475866177799 0.8312368204263626 0.004629629629629629 0.011111111111111112
0 0.3558949059897129 0.6605947385650593 0.004629629629629629 0.011111111111111112
0 0.1775754366394453 0.8377637597259704 0.004629629629629629 0.011111111111111112
0 0.405771650363271 0.6110397796390726 0.004629629629629629 0.011111111111111112
0 0.16858031128296094 0.8467008520156388 0.004629629629629629 0.011111111111111112
0 0.16260918462306437 0.8526334552777296 0.004629629629629629 0.011111111111111112
0 0.33922777868744497 0.6771543360137644 0.004629629629629629 0.011111111111111112
0 0.2640949262029901 0.7518024604176744 0.004629629629629629 0.011111111111111112
0 0.19394942143925567 0.8214954135377718 0.004629629629629629 0.011111111111111112
0 0.5031263050618454 0.5143132194869408 0.004629629629629629 0.011111111111111112
0 0.2047520087063961 0.8107625203820323 0.004629629629629629 0.011111111111111112
0 0.2269676019598175 0.7886902535366974 0.004629629629629629 0.011111111111111112
0 0.41497348569338727 0.6018973109885056 0.004629629629629629 0.011111111111111112
0 0.17146924606479488 0.8438305555227199 0.004629629629629629 0.011111111111111112
0 0.17251217753545015 0.8427943526421979 0.004629629629629629 0.011111111111111112
0 0.16022727272727275 0.855 0.004629629629629629 0.011111111111111112
