0 0.3333105646190955 0.6830333745074795 0.004629629629629629 0.011111111111111112
0 0.3657451846430802 0.6508080100965526 0.004629629629629629 0.011111111111111112
0 0.26289728056600076 0.7529923793086186 0.004629629629629629 0.011111111111111112
0 0.17393772272842628 0.841378004514983 0.004629629629629629 0.011111111111111112
0 0.24802824835186157 0.7677654822826666 0.004629629629629629 0.011111111111111112
0 0.25951603817562946 0.7563518072319553 0.004629629629629629 0.011111111111111112
0 0.19563090863860055 0.8198247746429388 0.004629629629629629 0.011111111111111112
0 0.27366031934894797 0.7422987794855614 0.004629629629629629 0.011111111111111112
0 0.2772709990787746 0.7387113944636692 0.004629629629629629 0.011111111111111112
0 0.19225384531127018 0.8231800504649316 0.004629629629629629 0.011111111111111112
0 0.1902149702288181 0.8252057715145937 0.004629629629629629 0.011111111111111112
0 0.24630724196148307 0.7694753854060105 0.004629629629629629 0.011111111111111112
0 0.2317318726506942 0.7839567200760845 0.004629629629629629 0.011111111111111112
0 0.19517429228290914 0.820278445086658 0.004629629629629629 0.011111111111111112
0 0.26951701037359155 0.7464153574352704 0.004629629629629629 0.011111111111111112
0 0.4396569023178435 0.5773731422132393 0.004629629629629629 0.011111111111111112
0 0.33048307930838833 0.6858426179774723 0.004629629629629629 0.011111111111111112
0 0.8647727272727272 0.1550000000000001 0.004629629629629629 0.011111111111111112
0 0.20288249850172244 0.8126199692305468 0.004629629629629629 0.011111111111111112
0 0.17580016014897262 0.8395275828197305 0.004629629629629629 0.011111111111111112
0 0.208214984360619 0.8073218865062238 0.004629629629629629 0.011111111111111112
0 0.16069985481572385 0.8545304668282485 0.004629629629629629 0.011111111111111112
0 0.42692718357310583 0.5900207337402692 0.004629629629629629 0.011111111111111112
0 0.293095427330784 0.7229890592971567 0.004629629629629629 0.011111111111111112
0 0.2612969715641848 0.7545823637362293 0.004629629629629629 0.011111111111111112
0 0.16022727272727275 0.855 0.004629629629629629 0.011111111111111112
0 0.2599572267475804 0.7559134650378878 0.004629629629629629 0.011111111111111112
0 0.21878234713168973 0.7968227002691599 0.004629629629629629 0.011111111111111112
0 0.4841833315218827 0.5331339802943876 0.004629629629629629 0.011111111111111112
0 0.35075938634386816 0.6656971258260923 0.004629629629629629 0.011111111111111112
