0 0.34109528768936115 0.6752988754570218 0.004629629629629629 0.011111111111111112
0 0.549157799474323 0.4685787024577694 0.004629629629629629 0.011111111111111112
0 0.8647727272727272 0.155 0.004629629629629629 0.011111111111111112
0 0.5938663196843413 0.4241586243136221 0.004629629629629629 0.011111111111111112
0 0.5266168322525112 0.4909742440846017 0.004629629629629629 0.011111111111111112
0 0.4167645599508323 0.6001177920488505 0.004629629629629629 0.011111111111111112
0 0.5994527973002569 0.41860818848877696 0.004629629629629629 0.011111111111111112
0 0.402867697878193 0.6139249969468276 0.004629629629629629 0.011111111111111112
0 0.23211435356297452 0.7835767067825932 0.004629629629629629 0.011111111111111112
0 0.5014326438681453 0.5159959538342298 0.004629629629629629 0.011111111111111112
0 0.6263362174342947 0.3918982097749589 0.004629629629629629 0.011111111111111112
0 0.46327982015207264 0.5539026303005214 0.004629629629629629 0.011111111111111112
0 0.2506872866930712 0.7651235990275292 0.004629629629629629 0.011111111111111112
0 0.5502819032201234 0.46746185099420007 0.004629629629629629 0.011111111111111112
0 0.6050616570420817 0.41303551493883506 0.004629629629629629 0.011111111111111112
0 0.30250997236764693 0.7136352532605315 0.004629629629629629 0.011111111111111112
0 0.24948625530109544 0.7663168818298794 0.004629629629629629 0.011111111111111112
0 0.17511679903731706 0.8402065351500205 0.004629629629629629 0.011111111111111112
0 0.17262840833430726 0.8426788717194625 0.004629629629629629 0.011111111111111112
0 0.6398354239804361 0.3784860948839538 0.004629629629629629 0.011111111111111112
0 0.49311278405905284 0.5242621371284251 0.004629629629629629 0.011111111111111112
0 0.16022727272727272 0.855 0.004629629629629629 0.011111111111111112
0 0.23817628956749645 0.7775538800426165 0.004629629629629629 0.011111111111111112
0 0.513790708970103 0.5037176181845427 0.004629629629629629 0.011111111111111112
0 0.4773871318960794 0.5398863334709921 0.004629629629629629 0.011111111111111112
0 0.20718900234947069 0.8083412492785904 0.004629629629629629 0.011111111111111112
0 0.47665291498993506 0.540615813493871 0.004629629629629629 0.011111111111111112
0 0.3349004202876186 0.6814537759723015 0.004629629629629629 0.011111111111111112
0 0.5090084848690059 0.5084689892269232 0.004629629629629629 0.011111111111111112
0 0.28553701136580023 0.7304987112881727 0.004629629629629629 0.011111111111111112
