0 0.8632208687463425 0.15654184653589187 0.004629629629629629 0.011111111111111112
0 0.23366982340095668 0.7820312722338882 0.004629629629629629 0.011111111111111112
0 0.8194967244553305 0.1999838995734135 0.004629629629629629 0.011111111111111112
0 0.6525908165781961 0.3658129951416634 0.004629629629629629 0.011111111111111112
0 0.8378220997565006 0.1817767524999929 0.004629629629629629 0.011111111111111112
0 0.6715838165047908 0.3469425306984658 0.004629629629629629 0.011111111111111112
0 0.3899397742959257 0.6267695145704996 0.004629629629629629 0.011111111111111112
0 0.716353934225141 0.30246125244727934 0.004629629629629629 0.011111111111111112
0 0.7745550043715711 0.24463567307598738 0.004629629629629629 0.011111111111111112
0 0.5968213863077402 0.4212226226361809 0.004629629629629629 0.011111111111111112
0 0.5569217723851196 0.4608648196947844 0.004629629629629629 0.011111111111111112
0 0.7266023544122233 0.29227895110011354 0.004629629629629629 0.011111111111111112
0 0.839644666089989 0.17996594465897875 0.004629629629629629 0.011111111111111112
0 0.6929019665879198 0.32576191706748614 0.004629629629629629 0.011111111111111112
0 0.6931320761865452 0.3255332920469166 0.004629629629629629 0.011111111111111112
0 0.7378174319993195 0.28113622885228895 0.004629629629629629 0.011111111111111112
0 0.1602272727272726 0.8550000000000001 0.004629629629629629 0.011111111111111112
0 0.8547655727198696 0.16494259226541977 0.004629629629629629 0.011111111111111112
0 0.6019033053617361 0.4161734901567268 0.004629629629629629 0.011111111111111112
0 0.17854627749415394 0.836799182360647 0.004629629629629629 0.011111111111111112
0 0.3372828508171966 0.6790867159622692 0.004629629629629629 0.011111111111111112
0 0.5857455486240976 0.4322270033025095 0.004629629629629629 0.011111111111111112
0 0.776961154025391 0.24224504696832128 0.004629629629629629 0.011111111111111112
0 0.7173012712710923 0.30152002725323723 0.004629629629629629 0.011111111111111112
0 0.250722530351631 0.7650885827474118 0.004629629629629629 0.011111111111111112
0 0.7691381249342516 0.25001760490403396 0.004629629629629629 0.011111111111111112
0 0.852541692923091 0.16715212445060615 0.004629629629629629 0.011111111111111112
0 0.8647727272727271 0.155 0.004629629629629629 0.011111111111111112
0 0.653654685742718 0.3647559896491705 0.004629629629629629 0.011111111111111112
0 0.8033310949764695 0.21604523466854017 0.004629629629629629 0.011111111111111112
