0 0.7473484848484849 0.2716666666666667 0.004629629629629629 0.011111111111111112
0 0.7473484848484849 0.2716666666666667 0.004629629629629629 0.011111111111111112
0 0.6299242424242424 0.38833333333333325 0.004629629629629629 0.011111111111111112
0 0.7473484848484849 0.2716666666666667 0.004629629629629629 0.011111111111111112
0 0.7473484848484849 0.2716666666666667 0.004629629629629629 0.011111111111111112
0 0.6299242424242424 0.38833333333333325 0.004629629629629629 0.011111111111111112
0 0.3950757575757576 0.6216666666666667 0.004629629629629629 0.011111111111111112
0 0.3950757575757576 0.6216666666666667 0.004629629629629629 0.011111111111111112
0 0.5125 0.505 0.004629629629629629 0.011111111111111112
0 0.6299242424242424 0.38833333333333325 0.004629629629629629 0.011111111111111112
0 0.6299242424242424 0.38833333333333325 0.004629629629629629 0.011111111111111112
0 0.7473484848484849 0.2716666666666667 0.004629629629629629 0.011111111111111112
0 0.5125 0.505 0.004629629629629629 0.011111111111111112
0 0.6299242424242424 0.38833333333333325 0.004629629629629629 0.011111111111111112
0 0.6299242424242424 0.38833333333333325 0.004629629629629629 0.011111111111111112
0 0.7473484848484849 0.2716666666666667 0.004629629629629629 0.011111111111111112
0 0.7473484848484849 0.2716666666666667 0.004629629629629629 0.011111111111111112
0 0.8647727272727272 0.155 0.004629629629629629 0.011111111111111112
0 0.3950757575757576 0.6216666666666667 0.004629629629629629 0.011111111111111112
0 0.6299242424242424 0.38833333333333325 0.004629629629629629 0.011111111111111112
0 0.5125 0.505 0.004629629629629629 0.011111111111111112
0 0.5125 0.505 0.004629629629629629 0.011111111111111112
0 0.5125 0.505 0.004629629629629629 0.011111111111111112
0 0.6299242424242424 0.38833333333333325 0.004629629629629629 0.011111111111111112
0 0.6299242424242424 0.38833333333333325 0.004629629629629629 0.011111111111111112
0 0.27765151515151515 0.7383333333333334 0.004629629629629629 0.011111111111111112
0 0.27765151515151515 0.7383333333333334 0.004629629629629629 0.011111111111111112
0 0.7473484848484849 0.2716666666666667 0.004629629629629629 0.011111111111111112
0 0.27765151515151515 0.7383333333333334 0.004629629629629629 0.011111111111111112
0 0.16022727272727272 0.855 0.004629629629629629 0.011111111111111112
