0 0.4371331125876719 0.5798806494290228 0.004629629629629629 0.011111111111111112
0 0.29357593563400497 0.7225116510475048 0.004629629629629629 0.011111111111111112
0 0.16638607822517226 0.8488809287311192 0.004629629629629629 0.011111111111111112
0 0.33234445712054983 0.6839932490544214 0.004629629629629629 0.011111111111111112
0 0.2037743247180758 0.8117338967317183 0.004629629629629629 0.011111111111111112
0 0.2503822202700361 0.7654266972800932 0.004629629629629629 0.011111111111111112
0 0.2007530844089778 0.8147356451678543 0.004629629629629629 0.011111111111111112
0 0.2712716305401397 0.744672057398829 0.004629629629629629 0.011111111111111112
0 0.2709442739389666 0.7449973020219299 0.004629629629629629 0.011111111111111112
0 0.4926726801187607 0.5246994016884571 0.004629629629629629 0.011111111111111112
0 0.5121086188217834 0.5053888561383573 0.004629629629629629 0.011111111111111112
0 0.5260383541545047 0.49154899006584685 0.004629629629629629 0.011111111111111112
0 0.21640465176507434 0.7991850556656681 0.004629629629629629 0.011111111111111112
0 0.5775045844363753 0.44041479997934335 0.004629629629629629 0.011111111111111112
0 0.1821565503355948 0.8332122016020541 0.004629629629629629 0.011111111111111112
0 0.16045527649292465 0.8547734672263846 0.004629629629629629 0.011111111111111112
0 0.16022727272727275 0.855 0.004629629629629629 0.011111111111111112
0 0.163484592414553 0.8517636952784442 0.004629629629629629 0.011111111111111112
0 0.19534699751798823 0.8201068540789019 0.004629629629629629 0.011111111111111112
0 0.5116914663309958 0.5058033173227527 0.004629629629629629 0.011111111111111112
0 0.5156082546051107 0.5019117986504061 0.004629629629629629 0.011111111111111112
0 0.18019328209701163 0.8351628035939368 0.004629629629629629 0.011111111111111112
0 0.1745478092045631 0.8407718540806277 0.004629629629629629 0.011111111111111112
0 0.1799140823145256 0.8354402020875036 0.004629629629629629 0.011111111111111112
0 0.8647727272727272 0.155 0.004629629629629629 0.011111111111111112
0 0.2447493555503451 0.7710232209370765 0.004629629629629629 0.011111111111111112
0 0.21904531293042667 0.7965614310239633 0.004629629629629629 0.011111111111111112
0 0.7601571224888308 0.25894066539819394 0.004629629629629629 0.011111111111111112
0 0.47989335291724083 0.537396281617709 0.004629629629629629 0.011111111111111112
0 0.19876195780085673 0.8167139257978584 0.004629629629629629 0.011111111111111112
