0 0.44609601133692744 0.5709755758329883 0.004629629629629629 0.011111111111111112
0 0.5623131176377041 0.4555082573147972 0.004629629629629629 0.011111111111111112
0 0.3569855362450992 0.6595111446339014 0.004629629629629629 0.011111111111111112
0 0.7206990592927937 0.29814416044457914 0.004629629629629629 0.011111111111111112
0 0.30766067793689156 0.708517778049798 0.004629629629629629 0.011111111111111112
0 0.5579546034438588 0.4598386520622305 0.004629629629629629 0.011111111111111112
0 0.8443803354883622 0.17526082796640127 0.004629629629629629 0.011111111111111112
0 0.6564110555649447 0.3620174028580548 0.004629629629629629 0.011111111111111112
0 0.21294756094868672 0.802619842670337 0.004629629629629629 0.011111111111111112
0 0.40475774377632434 0.6120471448932003 0.004629629629629629 0.011111111111111112
0 0.17642516497701552 0.8389066102809007 0.004629629629629629 0.011111111111111112
0 0.8647727272727272 0.155 0.004629629629629629 0.011111111111111112
0 0.2193415492472364 0.7962671059091975 0.004629629629629629 0.011111111111111112
0 0.556440960180984 0.4613425298846997 0.004629629629629629 0.011111111111111112
0 0.4192832414246345 0.5976153601329438 0.004629629629629629 0.011111111111111112
0 0.31083389794653943 0.7053650304273092 0.004629629629629629 0.011111111111111112
0 0.19974798770062638 0.8157342573813131 0.004629629629629629 0.011111111111111112
0 0.29714525155136007 0.7189653629747776 0.004629629629629629 0.011111111111111112
0 0.5046011728706762 0.512847866954296 0.004629629629629629 0.011111111111111112
0 0.7341889999554748 0.284741251657141 0.004629629629629629 0.011111111111111112
0 0.5371425453334593 0.48051643882998235 0.004629629629629629 0.011111111111111112
0 0.5126234714840435 0.504877325106176 0.004629629629629629 0.011111111111111112
0 0.25955394354382183 0.7563141464145253 0.004629629629629629 0.011111111111111112
0 0.6239958377070021 0.3942234902782043 0.004629629629629629 0.011111111111111112
0 0.16022727272727275 0.855 0.004629629629629629 0.011111111111111112
0 0.39923809619991985 0.6175311818400796 0.004629629629629629 0.011111111111111112
0 0.24911317408851333 0.7666875560668964 0.004629629629629629 0.011111111111111112
0 0.17433501357285094 0.8409832768372965 0.004629629629629629 0.011111111111111112
0 0.2865913315002791 0.7294511932190775 0.004629629629629629 0.011111111111111112
0 0.21456366587512327 0.8010141642272969 0.004629629629629629 0.011111111111111112
