0 0.36616419384513926 0.6503917041796681 0.004629629629629629 0.011111111111111112
0 0.4259986754647022 0.5909432514737798 0.004629629629629629 0.011111111111111112
0 0.4425716383863022 0.5744772108936095 0.004629629629629629 0.011111111111111112
0 0.3339115397967991 0.6824362765889868 0.004629629629629629 0.011111111111111112
0 0.3308629813564153 0.6854651669104003 0.004629629629629629 0.011111111111111112
0 0.1602272727272728 0.855 0.004629629629629629 0.011111111111111112
0 0.3466787403823622 0.6697514450394596 0.004629629629629629 0.011111111111111112
0 0.3635696373519752 0.6529695215986828 0.004629629629629629 0.011111111111111112
0 0.8647727272727275 0.1549999999999999 0.004629629629629629 0.011111111111111112
0 0.3176277565585649 0.6986150031611678 0.004629629629629629 0.011111111111111112
0 0.44330221964553296 0.5737513430618576 0.004629629629629629 0.011111111111111112
0 0.2227398138445443 0.792890765599614 0.004629629629629629 0.011111111111111112
0 0.31890643771572647 0.6973445715598589 0.004629629629629629 0.011111111111111112
0 0.40511999678226507 0.6116872290034271 0.004629629629629629 0.011111111111111112
0 0.5146470711624858 0.5028667809095303 0.004629629629629629 0.011111111111111112
0 0.3629910554803283 0.653544370684061 0.004629629629629629 0.011111111111111112
0 0.3223776905524446 0.6938957139027325 0.004629629629629629 0.011111111111111112
0 0.4208578512857092 0.5960509090451664 0.004629629629629629 0.011111111111111112
0 0.6347928595685671 0.38349612662219795 0.004629629629629629 0.011111111111111112
0 0.46720883838901445 0.5499989605683341 0.004629629629629629 0.011111111111111112
0 0.38832678290296163 0.62837209956738 0.004629629629629629 0.011111111111111112
0 0.32370468747607367 0.6925772782495785 0.004629629629629629 0.011111111111111112
0 0.6703620457191722 0.34815641909191924 0.004629629629629629 0.011111111111111112
0 0.3907505516788558 0.6259639680093949 0.004629629629629629 0.011111111111111112
0 0.36686129195142164 0.6496991034805231 0.004629629629629629 0.011111111111111112
0 0.3654863257388691 0.6510651989433173 0.004629629629629629 0.011111111111111112
0 0.7610765858542314 0.2580271340545055 0.004629629629629629 0.011111111111111112
0 0.41906236340032554 0.5978348131377411 0.004629629629629629 0.011111111111111112
0 0.5710083466157901 0.4468691265881828 0.004629629629629629 0.011111111111111112
0 0.7017338561487348 0.31698700743932157 0.004629629629629629 0.011111111111111112
