0 0.3019267470841649 0.714214715800249 0.004629629629629629 0.011111111111111112
0 0.8647727272727272 0.155 0.004629629629629629 0.011111111111111112
0 0.4958573988925291 0.5215352294874226 0.004629629629629629 0.011111111111111112
0 0.3529497526087272 0.6635208909564904 0.004629629629629629 0.011111111111111112
0 0.3919954374380123 0.6247271137712652 0.004629629629629629 0.011111111111111112
0 0.39359065722535214 0.6231421857244889 0.004629629629629629 0.011111111111111112
0 0.295932931200122 0.7201698619043949 0.004629629629629629 0.011111111111111112
0 0.29107623127680277 0.7249952282798218 0.004629629629629629 0.011111111111111112
0 0.2398055030093685 0.775935177655208 0.004629629629629629 0.011111111111111112
0 0.8173684522805729 0.20209844095994686 0.004629629629629629 0.011111111111111112
0 0.5646332603312939 0.45320308328374675 0.004629629629629629 0.011111111111111112
0 0.1686821087329713 0.8465997113233704 0.004629629629629629 0.011111111111111112
0 0.3421270579823275 0.6742737617465907 0.004629629629629629 0.011111111111111112
0 0.5477276056900742 0.4699996691853455 0.004629629629629629 0.011111111111111112
0 0.3933631350837397 0.6233682399813167 0.004629629629629629 0.011111111111111112
0 0.6332106663485019 0.3850681121440691 0.004629629629629629 0.011111111111111112
0 0.46141466686304833 0.5557557503425197 0.004629629629629629 0.011111111111111112
0 0.21767232384072419 0.7979255621195386 0.004629629629629629 0.011111111111111112
0 0.5274231811901372 0.49017309739818626 0.004629629629629629 0.011111111111111112
0 0.607072817556216 0.41103732965382417 0.004629629629629629 0.011111111111111112
0 0.4023395783156337 0.6144497092864026 0.004629629629629629 0.011111111111111112
0 0.4869473186344617 0.5303878253567283 0.004629629629629629 0.011111111111111112
0 0.3784905235682613 0.6381448991644371 0.004629629629629629 0.011111111111111112
0 0.3220670771271922 0.6942043233704026 0.004629629629629629 0.011111111111111112
0 0.5170895971148485 0.5004400131891183 0.004629629629629629 0.011111111111111112
0 0.691218627799173 0.3274343956059829 0.004629629629629629 0.011111111111111112
0 0.8268617727094173 0.19266636775967572 0.004629629629629629 0.011111111111111112
0 0.3207837699426315 0.6954793511537726 0.004629629629629629 0.011111111111111112
0 0.3544499995797019 0.6620303229982316 0.004629629629629629 0.011111111111111112
0 0.16022727272727266 0.855 0.004629629629629629 0.011111111111111112
