0 0.4659451811737199 0.5512544651564332 0.004629629629629629 0.011111111111111112
0 0.2995083981894185 0.7166174624440617 0.004629629629629629 0.011111111111111112
0 0.16022727272727275 0.855 0.004629629629629629 0.011111111111111112
0 0.5203440917103154 0.4972065153329771 0.004629629629629629 0.011111111111111112
0 0.8647727272727272 0.1549999999999999 0.004629629629629629 0.011111111111111112
0 0.5097609571096503 0.5077213716458959 0.004629629629629629 0.011111111111111112
0 0.7562124324104204 0.2628599058631953 0.004629629629629629 0.011111111111111112
0 0.8233391239637892 0.1961662897392032 0.004629629629629629 0.011111111111111112
0 0.49067351525123354 0.5266856687181294 0.004629629629629629 0.011111111111111112
0 0.19295117915197443 0.8224872155522319 0.004629629629629629 0.011111111111111112
0 0.34126356795157115 0.6751316808739228 0.004629629629629629 0.011111111111111112
0 0.6775243101767954 0.3410403627920872 0.004629629629629629 0.011111111111111112
0 0.2637392340078377 0.752155857824471 0.004629629629629629 0.011111111111111112
0 0.766521752774162 0.252617097243736 0.004629629629629629 0.011111111111111112
0 0.5891965320893824 0.42879828424667826 0.004629629629629629 0.011111111111111112
0 0.834594411059076 0.1849836173993698 0.004629629629629629 0.011111111111111112
0 0.5729124420678554 0.44497731562290505 0.004629629629629629 0.011111111111111112
0 0.4558213306843468 0.5613130004813586 0.004629629629629629 0.011111111111111112
0 0.5626911725587209 0.45513264145778703 0.004629629629629629 0.011111111111111112
0 0.28108366103093413 0.7349233303305558 0.004629629629629629 0.011111111111111112
0 0.60603318762084 0.41207025229929445 0.004629629629629629 0.011111111111111112
0 0.5293170772672663 0.48829142000542575 0.004629629629629629 0.011111111111111112
0 0.5397526630842606 0.4779231605485411 0.004629629629629629 0.011111111111111112
0 0.7360245630859659 0.28291753086942756 0.004629629629629629 0.011111111111111112
0 0.2482098258235921 0.7675850762784955 0.004629629629629629 0.011111111111111112
0 0.49275485411380754 0.5246177578482172 0.004629629629629629 0.011111111111111112
0 0.36734949401237343 0.6492140511102871 0.004629629629629629 0.011111111111111112
0 0.3908224858712797 0.625892497908535 0.004629629629629629 0.011111111111111112
0 0.23680199780354821 0.7789193054080875 0.004629629629629629 0.011111111111111112
0 0.17214518895734723 0.843158973552055 0.004629629629629629 0.011111111111111112
