0 0.27286611436868774 0.7430878605627231 0.004629629629629629 0.011111111111111112
0 0.35365905987356994 0.6628161598675499 0.004629629629629629 0.011111111111111112
0 0.8647727272727272 0.155 0.004629629629629629 0.011111111111111112
0 0.2014851727409062 0.8140082799864544 0.004629629629629629 0.011111111111111112
0 0.24576217202711167 0.77001693876016 0.004629629629629629 0.011111111111111112
0 0.24608521530138863 0.7696959796360398 0.004629629629629629 0.011111111111111112
0 0.3337717947972383 0.6825751200079052 0.004629629629629629 0.011111111111111112
0 0.18480562827523328 0.8305802144878328 0.004629629629629629 0.011111111111111112
0 0.22065130410522552 0.7949658010825501 0.004629629629629629 0.011111111111111112
0 0.2213257015563831 0.7942957545826903 0.004629629629629629 0.011111111111111112
0 0.33691118561460515 0.6794559833248438 0.004629629629629629 0.011111111111111112
0 0.17626010491431016 0.8390706054399757 0.004629629629629629 0.011111111111111112
0 0.3819353265410418 0.6347223207269649 0.004629629629629629 0.011111111111111112
0 0.28851923545824515 0.7275357273511629 0.004629629629629629 0.011111111111111112
0 0.5735108976189023 0.4443827210754132 0.004629629629629629 0.011111111111111112
0 0.20416865807406617 0.8113421074618955 0.004629629629629629 0.011111111111111112
0 0.5509135630344054 0.46683426640452624 0.004629629629629629 0.011111111111111112
0 0.23021547198777337 0.7854633375089219 0.004629629629629629 0.011111111111111112
0 0.4205189002746699 0.5963876732754894 0.004629629629629629 0.011111111111111112
0 0.18856570749761853 0.8268443938410758 0.004629629629629629 0.011111111111111112
0 0.24901854353976313 0.7667815760959772 0.004629629629629629 0.011111111111111112
0 0.4671193217001773 0.5500878997301464 0.004629629629629629 0.011111111111111112
0 0.16022727272727275 0.855 0.004629629629629629 0.011111111111111112
0 0.3811832123297607 0.6354695825884957 0.004629629629629629 0.011111111111111112
0 0.24129971951144824 0.7744506012595934 0.004629629629629629 0.011111111111111112
0 0.4086231532500601 0.6082066735451016 0.004629629629629629 0.011111111111111112
0 0.21884563778501936 0.7967598179426258 0.004629629629629629 0.011111111111111112
0 0.27177929658685956 0.7441676666169267 0.004629629629629629 0.011111111111111112
0 0.5508107843753108 0.46693638197549764 0.004629629629629629 0.011111111111111112
0 0.20662973506441493 0.8088969083876136 0.004629629629629629 0.011111111111111112
