0 0.6655347793768815 0.35295254178038865 0.004629629629629629 0.011111111111111112
0 0.3766528456695806 0.6399707210766746 0.004629629629629629 0.011111111111111112
0 0.16022727272727275 0.855 0.004629629629629629 0.011111111111111112
0 0.19882019887035354 0.8166560604771971 0.004629629629629629 0.011111111111111112
0 0.24904229895824997 0.7667579739382548 0.004629629629629629 0.011111111111111112
0 0.3289013763480159 0.6874141164026164 0.004629629629629629 0.011111111111111112
0 0.20880307101913903 0.806737593955178 0.004629629629629629 0.011111111111111112
0 0.5253254328355115 0.4922573118924596 0.004629629629629629 0.011111111111111112
0 0.7617913313163239 0.2573169998534588 0.004629629629629629 0.011111111111111112
0 0.8647727272727272 0.155 0.004629629629629629 0.011111111111111112
0 0.6969914841769475 0.32169878346290387 0.004629629629629629 0.011111111111111112
0 0.5177160665263494 0.4998175855157561 0.004629629629629629 0.011111111111111112
0 0.6856486394486486 0.33296844854779417 0.004629629629629629 0.011111111111111112
0 0.6161304176424534 0.4020381656971754 0.004629629629629629 0.011111111111111112
0 0.37274801737958674 0.643850356926088 0.004629629629629629 0.011111111111111112
0 0.5595302721807465 0.458273148930097 0.004629629629629629 0.011111111111111112
0 0.5165072888520572 0.5010185646244076 0.004629629629629629 0.011111111111111112
0 0.5839960276153179 0.4339652370789745 0.004629629629629629 0.011111111111111112
0 0.4664698613332902 0.5507331700301504 0.004629629629629629 0.011111111111111112
0 0.48879587936921337 0.5285511908202655 0.004629629629629629 0.011111111111111112
0 0.29548128324094125 0.7206185960057745 0.004629629629629629 0.011111111111111112
0 0.6325846651277531 0.38569007464726474 0.004629629629629629 0.011111111111111112
0 0.29978407233366205 0.7163435668426842 0.004629629629629629 0.011111111111111112
0 0.2297589294732295 0.7859169345878881 0.004629629629629629 0.011111111111111112
0 0.6245671667947631 0.393655847184558 0.004629629629629629 0.011111111111111112
0 0.4338968874829657 0.5830959956620857 0.004629629629629629 0.011111111111111112
0 0.4134979351880453 0.6033633418131679 0.004629629629629629 0.011111111111111112
0 0.49692884730524534 0.520470693645111 0.004629629629629629 0.011111111111111112
0 0.5369920683093001 0.4806659450346308 0.004629629629629629 0.011111111111111112
0 0.21004406477867366 0.8055046066069952 0.004629629629629629 0.011111111111111112
