0 0.19805243522475066 0.8174188708089575 0.004629629629629629 0.011111111111111112
0 0.5764790416162661 0.44143372639416145 0.004629629629629629 0.011111111111111112
0 0.5429456068975684 0.4747508163727384 0.004629629629629629 0.011111111111111112
0 0.26798069236763195 0.7479417637121591 0.004629629629629629 0.011111111111111112
0 0.3725191966464808 0.6440777013963996 0.004629629629629629 0.011111111111111112
0 0.39836500015962545 0.6183986450026947 0.004629629629629629 0.011111111111111112
0 0.6054079541034583 0.41269145205204777 0.004629629629629629 0.011111111111111112
0 0.40195313648044917 0.6148336579484569 0.004629629629629629 0.011111111111111112
0 0.5595302744137877 0.4582731467114626 0.004629629629629629 0.011111111111111112
0 0.3514152964600077 0.6650454473881213 0.004629629629629629 0.011111111111111112
0 0.16447350432533828 0.8507811634445026 0.004629629629629629 0.011111111111111112
0 0.38553424013538284 0.6311466259300066 0.004629629629629629 0.011111111111111112
0 0.16168198952637863 0.8535546684705657 0.004629629629629629 0.011111111111111112
0 0.25339245012231115 0.7624358882655747 0.004629629629629629 0.011111111111111112
0 0.4062122124603634 0.6106020598780906 0.004629629629629629 0.011111111111111112
0 0.16022727272727272 0.855 0.004629629629629629 0.011111111111111112
0 0.6285361075632957 0.3897125124854997 0.004629629629629629 0.011111111111111112
0 0.3768123904326975 0.6398122056346104 0.004629629629629629 0.011111111111111112
0 0.2928302876766279 0.7232524883728987 0.004629629629629629 0.011111111111111112
0 0.42766975405211305 0.5892829540385458 0.004629629629629629 0.011111111111111112
0 0.22193945248632682 0.7936859633361656 0.004629629629629629 0.011111111111111112
0 0.2180002567290254 0.7975997449272909 0.004629629629629629 0.011111111111111112
0 0.6930127927606726 0.3256518059022994 0.004629629629629629 0.011111111111111112
0 0.20834436387829353 0.8071933416951149 0.004629629629629629 0.011111111111111112
0 0.710467084838 0.3083101221609547 0.004629629629629629 0.011111111111111112
0 0.2243003378573157 0.7913403094836993 0.004629629629629629 0.011111111111111112
0 0.5482430545402679 0.46948754581160473 0.004629629629629629 0.011111111111111112
0 0.8647727272727271 0.155 0.004629629629629629 0.011111111111111112
0 0.2735363880857495 0.7424219111922231 0.004629629629629629 0.011111111111111112
0 0.271287483452317 0.7446563067635042 0.004629629629629629 0.011111111111111112
