0 0.5846628910256506 0.43330267601322453 0.004629629629629629 0.011111111111111112
0 0.5632225945072459 0.4546046480379623 0.004629629629629629 0.011111111111111112
0 0.5838136519012562 0.4341464361755261 0.004629629629629629 0.011111111111111112
0 0.5398995180870905 0.4777772529973424 0.004629629629629629 0.011111111111111112
0 0.3744926365414111 0.6421169933717593 0.004629629629629629 0.011111111111111112
0 0.7694289449576573 0.24972866113884368 0.004629629629629629 0.011111111111111112
0 0.8647727272727272 0.155 0.004629629629629629 0.011111111111111112
0 0.5909064084692982 0.4270994393272779 0.004629629629629629 0.011111111111111112
0 0.36447185562956624 0.652073124084173 0.004629629629629629 0.011111111111111112
0 0.8413814723101382 0.17824034364024988 0.004629629629629629 0.011111111111111112
0 0.16022727272727275 0.855 0.004629629629629629 0.011111111111111112
0 0.19463004481824123 0.8208191812773604 0.004629629629629629 0.011111111111111112
0 0.49877988712091026 0.5186315960218053 0.004629629629629629 0.011111111111111112
0 0.47780264157232694 0.5394735045023333 0.004629629629629629 0.011111111111111112
0 0.1859453598075646 0.8294478360621617 0.004629629629629629 0.011111111111111112
0 0.49973077654587694 0.5176868413673223 0.004629629629629629 0.011111111111111112
0 0.7592107985091128 0.2598808840619138 0.004629629629629629 0.011111111111111112
0 0.27298091138860364 0.7429738041687421 0.004629629629629629 0.011111111111111112
0 0.4650013498803252 0.552192207215677 0.004629629629629629 0.011111111111111112
0 0.7307207272823523 0.28818714837753395 0.004629629629629629 0.011111111111111112
0 0.7562204942095487 0.26285189607567416 0.004629629629629629 0.011111111111111112
0 0.6113997919287557 0.40673827124497824 0.004629629629629629 0.011111111111111112
0 0.5917776693403014 0.4262337994941521 0.004629629629629629 0.011111111111111112
0 0.417929607610962 0.5989602608252378 0.004629629629629629 0.011111111111111112
0 0.2146969291964572 0.8008817606693265 0.004629629629629629 0.011111111111111112
0 0.3581271867391553 0.6583768596269038 0.004629629629629629 0.011111111111111112
0 0.5061429388042503 0.5113160478977127 0.004629629629629629 0.011111111111111112
0 0.3925786113528551 0.6241477022687764 0.004629629629629629 0.011111111111111112
0 0.26775952948331766 0.7481614997391554 0.004629629629629629 0.011111111111111112
0 0.27618263617186406 0.739792735674406 0.004629629629629629 0.011111111111111112
