0 0.5617022663134476 0.45611516766276816 0.004629629629629629 0.011111111111111112
0 0.6689867489117709 0.3495228430166922 0.004629629629629629 0.011111111111111112
0 0.36914945159598705 0.6474257061562451 0.004629629629629629 0.011111111111111112
0 0.5650966024415245 0.45274273047745306 0.004629629629629629 0.011111111111111112
0 0.5019295076850144 0.5155022955903726 0.004629629629629629 0.011111111111111112
0 0.3521347179407014 0.6643306673363354 0.004629629629629629 0.011111111111111112
0 0.4961668613242742 0.5212277635874952 0.004629629629629629 0.011111111111111112
0 0.6101551013185816 0.4079749315931512 0.004629629629629629 0.011111111111111112
0 0.41802565898325933 0.5988648291392132 0.004629629629629629 0.011111111111111112
0 0.3970496394761855 0.619705519488177 0.004629629629629629 0.011111111111111112
0 0.586178701480514 0.4317966449806506 0.004629629629629629 0.011111111111111112
0 0.8647727272727275 0.15499999999999978 0.004629629629629629 0.011111111111111112
0 0.5831153536557413 0.4348402292710698 0.004629629629629629 0.011111111111111112
0 0.6451144737653391 0.3732411034847597 0.004629629629629629 0.011111111111111112
0 0.39203635965828476 0.624686455565317 0.004629629629629629 0.011111111111111112
0 0.36439587195508966 0.6521486175413947 0.004629629629629629 0.011111111111111112
0 0.48839743625925924 0.5289470633295101 0.004629629629629629 0.011111111111111112
0 0.2887071460246355 0.7273490291110072 0.004629629629629629 0.011111111111111112
0 0.624196890772723 0.3940237343290364 0.004629629629629629 0.011111111111111112
0 0.5347912821900211 0.4828525325337855 0.004629629629629629 0.011111111111111112
0 0.3116200550050551 0.7045839453498163 0.004629629629629629 0.011111111111111112
0 0.5472068406067381 0.4705170744939505 0.004629629629629629 0.011111111111111112
0 0.6601617046635977 0.3582909514955222 0.004629629629629629 0.011111111111111112
0 0.5110758760387439 0.5064149360647318 0.004629629629629629 0.011111111111111112
0 0.1827356521799636 0.8326368358986167 0.004629629629629629 0.011111111111111112
0 0.676131208762519 0.34242447645530366 0.004629629629629629 0.011111111111111112
0 0.16022727272727275 0.855 0.004629629629629629 0.011111111111111112
0 0.37672071314705574 0.6399032914538929 0.004629629629629629 0.011111111111111112
0 0.7256491462835141 0.29322600949896027 0.004629629629629629 0.011111111111111112
0 0.41465581714622163 0.6022129300611734 0.004629629629629629 0.011111111111111112
