0 0.5369507039599638 0.48070704251719726 0.004629629629629629 0.011111111111111112
0 0.43024425607702277 0.5867250617041193 0.004629629629629629 0.011111111111111112
0 0.44739647650739167 0.5696835007603979 0.004629629629629629 0.011111111111111112
0 0.7515651309667964 0.2674772247168603 0.004629629629629629 0.011111111111111112
0 0.5334214990706333 0.4842134783427257 0.004629629629629629 0.011111111111111112
0 0.519841583023123 0.49770578202863913 0.004629629629629629 0.011111111111111112
0 0.3559532065073586 0.6605368141797856 0.004629629629629629 0.011111111111111112
0 0.44634987088154343 0.5707233540918859 0.004629629629629629 0.011111111111111112
0 0.5047777522425061 0.5126724268042196 0.004629629629629629 0.011111111111111112
0 0.6592121336923231 0.359234396202466 0.004629629629629629 0.011111111111111112
0 0.46704568863363666 0.550161057744645 0.004629629629629629 0.011111111111111112
0 0.5246163858844703 0.4929617843470423 0.004629629629629629 0.011111111111111112
0 0.6479334640466662 0.3704403002375059 0.004629629629629629 0.011111111111111112
0 0.5203276662588694 0.49722283481376844 0.004629629629629629 0.011111111111111112
0 0.3250355213895773 0.6912550303613232 0.004629629629629629 0.011111111111111112
0 0.2642390646960091 0.7516592518504167 0.004629629629629629 0.011111111111111112
0 0.30792578190018777 0.7082543844346522 0.004629629629629629 0.011111111111111112
0 0.3013237603884203 0.7148138122592469 0.004629629629629629 0.011111111111111112
0 0.34428258106119275 0.6721321452682344 0.004629629629629629 0.011111111111111112
0 0.33468559772674583 0.6816672125811687 0.004629629629629629 0.011111111111111112
0 0.4339326932650737 0.5830604208850236 0.004629629629629629 0.011111111111111112
0 0.661328087460973 0.35713209374845256 0.004629629629629629 0.011111111111111112
0 0.5646426305074784 0.4531937735603118 0.004629629629629629 0.011111111111111112
0 0.5588799186350146 0.4589193066465016 0.004629629629629629 0.011111111111111112
0 0.4189478672448974 0.5979485706082955 0.004629629629629629 0.011111111111111112
0 0.696833078988479 0.32185616668241424 0.004629629629629629 0.011111111111111112
0 0.5791306086103141 0.43879926628394605 0.004629629629629629 0.011111111111111112
0 0.16022727272727272 0.855 0.004629629629629629 0.011111111111111112
0 0.2142008088182135 0.8013746802709363 0.004629629629629629 0.011111111111111112
0 0.8647727272727272 0.155 0.004629629629629629 0.011111111111111112
