0 0.4285229817033794 0.5884352310818037 0.004629629629629629 0.011111111111111112
0 0.16392516359183437 0.8513259664958549 0.004629629629629629 0.011111111111111112
0 0.2558992345721603 0.7599452766186279 0.004629629629629629 0.011111111111111112
0 0.4063048171292269 0.6105100526587036 0.004629629629629629 0.011111111111111112
0 0.32900090905493773 0.6873152258421908 0.004629629629629629 0.011111111111111112
0 0.5142735246028071 0.5032379174914047 0.004629629629629629 0.011111111111111112
0 0.44626074062446 0.5708119093150527 0.004629629629629629 0.011111111111111112
0 0.16022727272727272 0.855 0.004629629629629629 0.011111111111111112
0 0.18897281250721779 0.8264399153154095 0.004629629629629629 0.011111111111111112
0 0.16351534839564097 0.8517331377230406 0.004629629629629629 0.011111111111111112
0 0.5553458161557923 0.46243060846456774 0.004629629629629629 0.011111111111111112
0 0.2203450845557067 0.7952700450220721 0.004629629629629629 0.011111111111111112
0 0.37823851914662837 0.6383952777510918 0.004629629629629629 0.011111111111111112
0 0.31500755857004026 0.7012182966465406 0.004629629629629629 0.011111111111111112
0 0.8647727272727271 0.15500000000000022 0.004629629629629629 0.011111111111111112
0 0.4061016366395134 0.6107119223065481 0.004629629629629629 0.011111111111111112
0 0.1643082124883023 0.85094538888259 0.004629629629629629 0.011111111111111112
0 0.7704727665087846 0.24869157392030433 0.004629629629629629 0.011111111111111112
0 0.3567319588635338 0.65976308603236 0.004629629629629629 0.011111111111111112
0 0.3825693754987687 0.634092362407675 0.004629629629629629 0.011111111111111112
0 0.18119930183889676 0.8341632743019993 0.004629629629629629 0.011111111111111112
0 0.1671977000749674 0.8480745431513227 0.004629629629629629 0.011111111111111112
0 0.347693868949843 0.6687428656885431 0.004629629629629629 0.011111111111111112
0 0.24817955818147658 0.7676151486455007 0.004629629629629629 0.011111111111111112
0 0.3264070806553103 0.6898923198650465 0.004629629629629629 0.011111111111111112
0 0.25396447020198554 0.7618675586380272 0.004629629629629629 0.011111111111111112
0 0.40240736123656456 0.6143823636746392 0.004629629629629629 0.011111111111111112
0 0.517319419883022 0.5002116731484815 0.004629629629629629 0.011111111111111112
0 0.20699730709457506 0.808531707789906 0.004629629629629629 0.011111111111111112
0 0.5703725028551461 0.4475008681310162 0.004629629629629629 0.011111111111111112
