0 0.3585519312808157 0.6579548553726089 0.004629629629629629 0.011111111111111112
0 0.7902300591961924 0.22906174763733145 0.004629629629629629 0.011111111111111112
0 0.6409359786825795 0.37739264053472754 0.004629629629629629 0.011111111111111112
0 0.35787221133360614 0.6586301900298365 0.004629629629629629 0.011111111111111112
0 0.6813483521911458 0.33724099201653907 0.004629629629629629 0.011111111111111112
0 0.5626674479591737 0.4551562129954016 0.004629629629629629 0.011111111111111112
0 0.22294377962090786 0.7926881157314851 0.004629629629629629 0.011111111111111112
0 0.5642379567644537 0.4535958365049944 0.004629629629629629 0.011111111111111112
0 0.7400723027996777 0.2788959056054814 0.004629629629629629 0.011111111111111112
0 0.7041096111189186 0.31462657992055826 0.004629629629629629 0.011111111111111112
0 0.24881812689352453 0.766980699731595 0.004629629629629629 0.011111111111111112
0 0.5273077515472928 0.49028778233365744 0.004629629629629629 0.011111111111111112
0 0.6509997752533333 0.36739377168378495 0.004629629629629629 0.011111111111111112
0 0.20787319679785937 0.8076614689879332 0.004629629629629629 0.011111111111111112
0 0.4786944410949421 0.5385874585250253 0.004629629629629629 0.011111111111111112
0 0.16022727272727275 0.855 0.004629629629629629 0.011111111111111112
0 0.8647727272727272 0.155 0.004629629629629629 0.011111111111111112
0 0.4669937647781766 0.550212646607489 0.004629629629629629 0.011111111111111112
0 0.3911454263360087 0.6255716409306753 0.004629629629629629 0.011111111111111112
0 0.2999487559383899 0.7161799457128255 0.004629629629629629 0.011111111111111112
0 0.6263223047180547 0.39191203273173914 0.004629629629629629 0.011111111111111112
0 0.40775224292164036 0.609071965097209 0.004629629629629629 0.011111111111111112
0 0.44657370195522106 0.5705009670896514 0.004629629629629629 0.011111111111111112
0 0.4571422260230567 0.5600006270480596 0.004629629629629629 0.011111111111111112
0 0.453219934069909 0.5638976138918325 0.004629629629629629 0.011111111111111112
0 0.3721265343221534 0.6444678304154088 0.004629629629629629 0.011111111111111112
0 0.4390050461276039 0.578020792879671 0.004629629629629629 0.011111111111111112
0 0.6786029705781397 0.33996866149010646 0.004629629629629629 0.011111111111111112
0 0.3923507719174545 0.6243740717723356 0.004629629629629629 0.011111111111111112
0 0.49003627578343034 0.5273187969635597 0.004629629629629629 0.011111111111111112
