0 0.1602272727272728 0.855 0.004629629629629629 0.011111111111111112
0 0.549056481139239 0.46867936712617553 0.004629629629629629 0.011111111111111112
0 0.37717090563060235 0.6394560034379821 0.004629629629629629 0.011111111111111112
0 0.449343548048486 0.5677489909711817 0.004629629629629629 0.011111111111111112
0 0.6323371023643122 0.3859360402315865 0.004629629629629629 0.011111111111111112
0 0.3618479077255656 0.6546801432920187 0.004629629629629629 0.011111111111111112
0 0.8647727272727272 0.155 0.004629629629629629 0.011111111111111112
0 0.4589098965681824 0.5582443608290316 0.004629629629629629 0.011111111111111112
0 0.48700853539822125 0.5303270035398319 0.004629629629629629 0.011111111111111112
0 0.3346196811335633 0.681732703906008 0.004629629629629629 0.011111111111111112
0 0.46760950668249723 0.5496008772315834 0.004629629629629629 0.011111111111111112
0 0.5007800902714669 0.516644297407704 0.004629629629629629 0.011111111111111112
0 0.5052433255211739 0.5122098572241239 0.004629629629629629 0.011111111111111112
0 0.42535371884052076 0.5915840470874826 0.004629629629629629 0.011111111111111112
0 0.4147533346450594 0.6021160417074893 0.004629629629629629 0.011111111111111112
0 0.6581033889151282 0.36033598778755005 0.004629629629629629 0.011111111111111112
0 0.47381028508270817 0.5434401038533093 0.004629629629629629 0.011111111111111112
0 0.4648915375023749 0.5523013111266728 0.004629629629629629 0.011111111111111112
0 0.2776037175396419 0.7383808225735171 0.004629629629629629 0.011111111111111112
0 0.5436816770225236 0.4740194950872991 0.004629629629629629 0.011111111111111112
0 0.4061717362391881 0.610642274962355 0.004629629629629629 0.011111111111111112
0 0.5440619598370704 0.47364166571026545 0.004629629629629629 0.011111111111111112
0 0.45636113854411386 0.5607766752529448 0.004629629629629629 0.011111111111111112
0 0.46120506445922066 0.5559640004727743 0.004629629629629629 0.011111111111111112
0 0.5234618245170245 0.4941088969314724 0.004629629629629629 0.011111111111111112
0 0.5394559864352192 0.4782179231546854 0.004629629629629629 0.011111111111111112
0 0.6252461774334331 0.39298121725968577 0.004629629629629629 0.011111111111111112
0 0.44597564500934905 0.5710951656036144 0.004629629629629629 0.011111111111111112
0 0.49480486854906586 0.522580969312541 0.004629629629629629 0.011111111111111112
0 0.46389653586109014 0.5532898934025298 0.004629629629629629 0.011111111111111112
