0 0.20581260994319192 0.8097087617338609 0.004629629629629629 0.011111111111111112
0 0.2644377182734857 0.7514618799089239 0.004629629629629629 0.011111111111111112
0 0.24463462917887105 0.7711372071384122 0.004629629629629629 0.011111111111111112
0 0.34360171959652847 0.6728086140782878 0.004629629629629629 0.011111111111111112
0 0.23675561745617013 0.7789653865274181 0.004629629629629629 0.011111111111111112
0 0.16131171770786176 0.8539225514386405 0.004629629629629629 0.011111111111111112
0 0.1658476449081606 0.8494158882847953 0.004629629629629629 0.011111111111111112
0 0.16248816222774728 0.8527536968833995 0.004629629629629629 0.011111111111111112
0 0.16022727272727275 0.855 0.004629629629629629 0.011111111111111112
0 0.8647727272727272 0.155 0.004629629629629629 0.011111111111111112
0 0.21116516856083878 0.804390735752457 0.004629629629629629 0.011111111111111112
0 0.22148497075909573 0.794137512923221 0.004629629629629629 0.011111111111111112
0 0.16458337704350678 0.8506719995825803 0.004629629629629629 0.011111111111111112
0 0.19802470460266447 0.8174464225238044 0.004629629629629629 0.011111111111111112
0 0.28336580392195665 0.7326559109420561 0.004629629629629629 0.011111111111111112
0 0.224373676314537 0.7912674441778149 0.004629629629629629 0.011111111111111112
0 0.16051759154111175 0.8547115542107664 0.004629629629629629 0.011111111111111112
0 0.24316076874310108 0.772601558797177 0.004629629629629629 0.011111111111111112
0 0.26079325117542473 0.7550828343160296 0.004629629629629629 0.011111111111111112
0 0.441522408026078 0.5755196720257031 0.004629629629629629 0.011111111111111112
0 0.304096876128424 0.7120585875885336 0.004629629629629629 0.011111111111111112
0 0.1758318400566921 0.8394961072985123 0.004629629629629629 0.011111111111111112
0 0.6053303989503036 0.4127685068493758 0.004629629629629629 0.011111111111111112
0 0.21187578328422874 0.8036847056401857 0.004629629629629629 0.011111111111111112
0 0.46393113081683474 0.5532555216400481 0.004629629629629629 0.011111111111111112
0 0.16419442360747163 0.8510584436416089 0.004629629629629629 0.011111111111111112
0 0.16720549099860008 0.8480668024917135 0.004629629629629629 0.011111111111111112
0 0.2058836682152002 0.8096381619023173 0.004629629629629629 0.011111111111111112
0 0.16669685515760374 0.848572156811155 0.004629629629629629 0.011111111111111112
0 0.32649876663667093 0.6898012254061464 0.004629629629629629 0.011111111111111112
