0 0.33237840092761084 0.683959524239664 0.004629629629629629 0.011111111111111112
0 0.2595164610653872 0.7563513870705185 0.004629629629629629 0.011111111111111112
0 0.31295093438871335 0.7032616522847622 0.004629629629629629 0.011111111111111112
0 0.25072304540444823 0.765088071017516 0.004629629629629629 0.011111111111111112
0 0.6617940883000394 0.3566690993664124 0.004629629629629629 0.011111111111111112
0 0.16022727272727275 0.855 0.004629629629629629 0.011111111111111112
0 0.3038477565038709 0.7123060999897025 0.004629629629629629 0.011111111111111112
0 0.20366339999054575 0.8118441058158449 0.004629629629629629 0.011111111111111112
0 0.31075391611269965 0.7054444962493178 0.004629629629629629 0.011111111111111112
0 0.20732700461481157 0.8082041373504453 0.004629629629629629 0.011111111111111112
0 0.8647727272727271 0.1549999999999999 0.004629629629629629 0.011111111111111112
0 0.22309412668646766 0.7925387386469933 0.004629629629629629 0.011111111111111112
0 0.2685373339758707 0.7473887133401026 0.004629629629629629 0.011111111111111112
0 0.2829938683966973 0.7330254468832813 0.004629629629629629 0.011111111111111112
0 0.26048488166682354 0.7553892143439302 0.004629629629629629 0.011111111111111112
0 0.1947668948793265 0.820683214119895 0.004629629629629629 0.011111111111111112
0 0.2217598285243884 0.7938644284338334 0.004629629629629629 0.011111111111111112
0 0.1837571196804969 0.8316219585109902 0.004629629629629629 0.011111111111111112
0 0.23579580838532957 0.7799190032816725 0.004629629629629629 0.011111111111111112
0 0.19775403275427095 0.8177153481022083 0.004629629629629629 0.011111111111111112
0 0.40774377609784795 0.6090803772963317 0.004629629629629629 0.011111111111111112
0 0.32188758074979124 0.6943826617066591 0.004629629629629629 0.011111111111111112
0 0.20231116545437827 0.8131876162582306 0.004629629629629629 0.011111111111111112
0 0.2703129576691433 0.7456245452835608 0.004629629629629629 0.011111111111111112
0 0.21662451326187265 0.7989666126301395 0.004629629629629629 0.011111111111111112
0 0.2647727551971003 0.7511290045138487 0.004629629629629629 0.011111111111111112
0 0.20826214945893579 0.8072750256988638 0.004629629629629629 0.011111111111111112
0 0.22859340593043773 0.7870749386239522 0.004629629629629629 0.011111111111111112
0 0.25130871313822145 0.764506181785251 0.004629629629629629 0.011111111111111112
0 0.2739789053462613 0.7419822488817791 0.004629629629629629 0.011111111111111112
