0 0.582821915062299 0.4351317747122965 0.004629629629629629 0.011111111111111112
0 0.4498657716795911 0.5672301365247934 0.004629629629629629 0.011111111111111112
0 0.8647727272727272 0.155 0.004629629629629629 0.011111111111111112
0 0.3509446658876354 0.6655130416342202 0.004629629629629629 0.011111111111111112
0 0.6938419350412619 0.3248280129267462 0.004629629629629629 0.011111111111111112
0 0.3085290330553753 0.7076550252224013 0.004629629629629629 0.011111111111111112
0 0.8221045387742062 0.19739290986304683 0.004629629629629629 0.011111111111111112
0 0.7695765263523497 0.2495820318821816 0.004629629629629629 0.011111111111111112
0 0.16502025625309638 0.8502379389485365 0.004629629629629629 0.011111111111111112
0 0.5265475992244673 0.4910430304479486 0.004629629629629629 0.011111111111111112
0 0.34692072367229915 0.6695110229320382 0.004629629629629629 0.011111111111111112
0 0.2870846241625176 0.7289610830901438 0.004629629629629629 0.011111111111111112
0 0.6741253171773537 0.34441742680443566 0.004629629629629629 0.011111111111111112
0 0.2914301712003818 0.7246435718396207 0.004629629629629629 0.011111111111111112
0 0.37720439416260687 0.6394227309610228 0.004629629629629629 0.011111111111111112
0 0.42280917253975236 0.594112176960504 0.004629629629629629 0.011111111111111112
0 0.2523472842966542 0.7634743110859049 0.004629629629629629 0.011111111111111112
0 0.2775465527089745 0.7384376185988253 0.004629629629629629 0.011111111111111112
0 0.16022727272727272 0.855 0.004629629629629629 0.011111111111111112
0 0.6195194189366653 0.3986710289274422 0.004629629629629629 0.011111111111111112
0 0.3481848523446344 0.6682550499285568 0.004629629629629629 0.011111111111111112
0 0.628193790490314 0.39005262106123656 0.004629629629629629 0.011111111111111112
0 0.42016952972326216 0.5967347898233395 0.004629629629629629 0.011111111111111112
0 0.510114443846549 0.50737016546859 0.004629629629629629 0.011111111111111112
0 0.5784527022514219 0.439472799053426 0.004629629629629629 0.011111111111111112
0 0.33167782871566776 0.6846555766308849 0.004629629629629629 0.011111111111111112
0 0.36123975044866674 0.6552843769735828 0.004629629629629629 0.011111111111111112
0 0.8562400870828529 0.16347759089832675 0.004629629629629629 0.011111111111111112
0 0.4528191770624148 0.5642957853702459 0.004629629629629629 0.011111111111111112
0 0.20806711057325497 0.8074688062691531 0.004629629629629629 0.011111111111111112
