0 0.1723990005779257 0.8429067994258029 0.004629629629629629 0.011111111111111112
0 0.2670149629075112 0.7489012626596341 0.004629629629629629 0.011111111111111112
0 0.25627065757910583 0.7595762498891465 0.004629629629629629 0.011111111111111112
0 0.2349304587854803 0.7807787699808777 0.004629629629629629 0.011111111111111112
0 0.8647727272727272 0.155 0.004629629629629629 0.011111111111111112
0 0.25025252124753766 0.7655555595347046 0.004629629629629629 0.011111111111111112
0 0.2888370650313309 0.727219948291452 0.004629629629629629 0.011111111111111112
0 0.19009215318825562 0.8253277961871525 0.004629629629629629 0.011111111111111112
0 0.5399859145694573 0.4776914139116359 0.004629629629629629 0.011111111111111112
0 0.20883688273445425 0.8067040003799616 0.004629629629629629 0.011111111111111112
0 0.7468772984857706 0.2721348131173636 0.004629629629629629 0.011111111111111112
0 0.3218275657362207 0.6944422895265936 0.004629629629629629 0.011111111111111112
0 0.16022727272727275 0.855 0.004629629629629629 0.011111111111111112
0 0.337914405880208 0.6784592354480514 0.004629629629629629 0.011111111111111112
0 0.36343849054453986 0.6530998222976829 0.004629629629629629 0.011111111111111112
0 0.37107854663710044 0.6455090568895905 0.004629629629629629 0.011111111111111112
0 0.19319566743839117 0.8222443046095985 0.004629629629629629 0.011111111111111112
0 0.16134973759863114 0.8538847768374891 0.004629629629629629 0.011111111111111112
0 0.26466401978421045 0.7512370384079458 0.004629629629629629 0.011111111111111112
0 0.5457881995545094 0.4719265630232617 0.004629629629629629 0.011111111111111112
0 0.2072468100217563 0.8082838145590292 0.004629629629629629 0.011111111111111112
0 0.35820953757675716 0.6582950400850284 0.004629629629629629 0.011111111111111112
0 0.19686321074023017 0.8186004228774487 0.004629629629629629 0.011111111111111112
0 0.2691382372486626 0.7467916868626191 0.004629629629629629 0.011111111111111112
0 0.16552585233595524 0.8497356047758897 0.004629629629629629 0.011111111111111112
0 0.2690806568963767 0.7468488957287612 0.004629629629629629 0.011111111111111112
0 0.23871522186399413 0.7770184247286768 0.004629629629629629 0.011111111111111112
0 0.2515339293122323 0.7642824186188145 0.004629629629629629 0.011111111111111112
0 0.2290043221355647 0.7866666734911164 0.004629629629629629 0.011111111111111112
0 0.2761302731059757 0.7398447609140628 0.004629629629629629 0.011111111111111112
