0 0.699804556491681 0.31890386000181364 0.004629629629629629 0.011111111111111112
0 0.6575817651890126 0.36085424619930356 0.004629629629629629 0.011111111111111112
0 0.7228406122775078 0.2960164239307343 0.004629629629629629 0.011111111111111112
0 0.7190074620657679 0.299824844141108 0.004629629629629629 0.011111111111111112
0 0.4994323901703344 0.5179833026694741 0.004629629629629629 0.011111111111111112
0 0.2914438372120305 0.7246299939957891 0.004629629629629629 0.011111111111111112
0 0.5099095528111594 0.507573734626332 0.004629629629629629 0.011111111111111112
0 0.5145145556472571 0.502998441485951 0.004629629629629629 0.011111111111111112
0 0.2557804893570046 0.7600632557356213 0.004629629629629629 0.011111111111111112
0 0.3177320284689285 0.6985114039728065 0.004629629629629629 0.011111111111111112
0 0.2672100674553113 0.7487074168508521 0.004629629629629629 0.011111111111111112
0 0.593466848343149 0.42455551842035527 0.004629629629629629 0.011111111111111112
0 0.5531779609378301 0.4645844775198334 0.004629629629629629 0.011111111111111112
0 0.548321654995271 0.46940945245631155 0.004629629629629629 0.011111111111111112
0 0.4328971258927437 0.5840893071775322 0.004629629629629629 0.011111111111111112
0 0.2103760050253175 0.8051748079103297 0.004629629629629629 0.011111111111111112
0 0.279141672187795 0.7368527902134165 0.004629629629629629 0.011111111111111112
0 0.3447756458229423 0.6716422615694638 0.004629629629629629 0.011111111111111112
0 0.4816900394061298 0.5356111866545549 0.004629629629629629 0.011111111111111112
0 0.2686318999324728 0.7472947574864465 0.004629629629629629 0.011111111111111112
0 0.8452179396406803 0.17442862771184026 0.004629629629629629 0.011111111111111112
0 0.8647727272727271 0.1550000000000001 0.004629629629629629 0.011111111111111112
0 0.6522184941698845 0.3661829154699213 0.004629629629629629 0.011111111111111112
0 0.5359084693065097 0.481742553076113 0.004629629629629629 0.011111111111111112
0 0.4318946845324813 0.5850852811741799 0.004629629629629629 0.011111111111111112
0 0.8252842307881326 0.19423373199114577 0.004629629629629629 0.011111111111111112
0 0.16022727272727275 0.855 0.004629629629629629 0.011111111111111112
0 0.2007992771521134 0.8146897504424164 0.004629629629629629 0.011111111111111112
0 0.7193467736660474 0.2994877216479272 0.004629629629629629 0.011111111111111112
0 0.5693382129757045 0.44852848517252586 0.004629629629629629 0.011111111111111112
