0 0.6839003374844701 0.33470547114446186 0.004629629629629629 0.011111111111111112
0 0.4445449073356277 0.5725166727116989 0.004629629629629629 0.011111111111111112
0 0.8647727272727271 0.155 0.004629629629629629 0.011111111111111112
0 0.7918252328434832 0.2274768654329264 0.004629629629629629 0.011111111111111112
0 0.7263057380617465 0.29257365379671635 0.004629629629629629 0.011111111111111112
0 0.2472897191215577 0.7684992468082587 0.004629629629629629 0.011111111111111112
0 0.7817741924494548 0.23746306040505782 0.004629629629629629 0.011111111111111112
0 0.5257515904184193 0.4918339037133123 0.004629629629629629 0.011111111111111112
0 0.711698159481486 0.30708698993452366 0.004629629629629629 0.011111111111111112
0 0.8610272164476801 0.15872134623907913 0.004629629629629629 0.011111111111111112
0 0.5737207316878664 0.4441742407746358 0.004629629629629629 0.011111111111111112
0 0.16022727272727252 0.855 0.004629629629629629 0.011111111111111112
0 0.6137133281218267 0.40443966109186247 0.004629629629629629 0.011111111111111112
0 0.8579249563390079 0.1618035917664049 0.004629629629629629 0.011111111111111112
0 0.25434398339417497 0.7614904939180454 0.004629629629629629 0.011111111111111112
0 0.4567313121870721 0.5604088898270382 0.004629629629629629 0.011111111111111112
0 0.4497888196046597 0.5673065921347249 0.004629629629629629 0.011111111111111112
0 0.8375394138949885 0.18205761458175335 0.004629629629629629 0.011111111111111112
0 0.3153607703762755 0.7008673636261519 0.004629629629629629 0.011111111111111112
0 0.5119462125610522 0.505550214616761 0.004629629629629629 0.011111111111111112
0 0.8309724285542226 0.1885822322751594 0.004629629629629629 0.011111111111111112
0 0.32822724146499316 0.6880839020283295 0.004629629629629629 0.011111111111111112
0 0.6398068300699122 0.37851450431763534 0.004629629629629629 0.011111111111111112
0 0.33851981707733764 0.6778577301296129 0.004629629629629629 0.011111111111111112
0 0.5227952852771978 0.4947711359181389 0.004629629629629629 0.011111111111111112
0 0.731252724035755 0.28765858386124976 0.004629629629629629 0.011111111111111112
0 0.709217585819379 0.30955155989558464 0.004629629629629629 0.011111111111111112
0 0.6469140124219996 0.3714531747549165 0.004629629629629629 0.011111111111111112
0 0.8159972858637756 0.2034607611417971 0.004629629629629629 0.011111111111111112
0 0.7867386634826179 0.23253061821726986 0.004629629629629629 0.011111111111111112
