0 0.3198736748153232 0.6963835746996143 0.004629629629629629 0.011111111111111112
0 0.2586915600915098 0.757170966102629 0.004629629629629629 0.011111111111111112
0 0.2502221503907786 0.7655857344504523 0.004629629629629629 0.011111111111111112
0 0.4132992895914628 0.6035607058252562 0.004629629629629629 0.011111111111111112
0 0.178008793810869 0.8373331984072656 0.004629629629629629 0.011111111111111112
0 0.584860413221269 0.4331064281543521 0.004629629629629629 0.011111111111111112
0 0.3869721952666201 0.6297179479286484 0.004629629629629629 0.011111111111111112
0 0.22417124811642092 0.7914685663875559 0.004629629629629629 0.011111111111111112
0 0.3586426983075439 0.6578646739396015 0.004629629629629629 0.011111111111111112
0 0.35475893880416787 0.6617233769300526 0.004629629629629629 0.011111111111111112
0 0.23842277120744312 0.7773089886067985 0.004629629629629629 0.011111111111111112
0 0.24756975393929528 0.7682210186667647 0.004629629629629629 0.011111111111111112
0 0.1764765088102485 0.8388555976982047 0.004629629629629629 0.011111111111111112
0 0.8647727272727272 0.1549999999999999 0.004629629629629629 0.011111111111111112
0 0.2193823303165659 0.796226587943541 0.004629629629629629 0.011111111111111112
0 0.37492877365918664 0.6416836700418402 0.004629629629629629 0.011111111111111112
0 0.16022727272727275 0.855 0.004629629629629629 0.011111111111111112
0 0.29878829442735755 0.7173329203753995 0.004629629629629629 0.011111111111111112
0 0.21467526733126646 0.8009032827805481 0.004629629629629629 0.011111111111111112
0 0.4841975410190948 0.5331198624713509 0.004629629629629629 0.011111111111111112
0 0.47650133019958846 0.5407664203178283 0.004629629629629629 0.011111111111111112
0 0.16140278117877674 0.8538320754739895 0.004629629629629629 0.011111111111111112
0 0.3967438318409186 0.6200093541709581 0.004629629629629629 0.011111111111111112
0 0.37364780210954657 0.6429563772589021 0.004629629629629629 0.011111111111111112
0 0.22418552117766577 0.7914543854105773 0.004629629629629629 0.011111111111111112
0 0.28648632093482385 0.7295555262970137 0.004629629629629629 0.011111111111111112
0 0.2978399690159986 0.7182751275582983 0.004629629629629629 0.011111111111111112
0 0.308077494569651 0.7081036505566048 0.004629629629629629 0.011111111111111112
0 0.18436835744782248 0.8310146642131313 0.004629629629629629 0.011111111111111112
0 0.4918825647367146 0.5254844195519094 0.004629629629629629 0.011111111111111112
