0 0.2717752588662846 0.7441716782876914 0.004629629629629629 0.011111111111111112
0 0.2892397972874097 0.7268198143079929 0.004629629629629629 0.011111111111111112
0 0.34584630572616853 0.6705785091494841 0.004629629629629629 0.011111111111111112
0 0.25652341697158293 0.7593251212024273 0.004629629629629629 0.011111111111111112
0 0.24857497182105562 0.767222286061661 0.004629629629629629 0.011111111111111112
0 0.17134873896077174 0.8439502851615558 0.004629629629629629 0.011111111111111112
0 0.1867282186547465 0.8286700279172197 0.004629629629629629 0.011111111111111112
0 0.8647727272727272 0.1550000000000001 0.004629629629629629 0.011111111111111112
0 0.5105274778255433 0.5069597962249441 0.004629629629629629 0.011111111111111112
0 0.18528340541381857 0.8301055197823995 0.004629629629629629 0.011111111111111112
0 0.34588655968703413 0.670538514891592 0.004629629629629629 0.011111111111111112
0 0.46825666637786184 0.5489578927600598 0.004629629629629629 0.011111111111111112
0 0.16022727272727275 0.855 0.004629629629629629 0.011111111111111112
0 0.3204265026874878 0.6958343134588831 0.004629629629629629 0.011111111111111112
0 0.33006139235837473 0.6862615843665181 0.004629629629629629 0.011111111111111112
0 0.3957448792333114 0.6210018619230325 0.004629629629629629 0.011111111111111112
0 0.21443894356544518 0.8011380818769126 0.004629629629629629 0.011111111111111112
0 0.5062138066578515 0.5112456372560702 0.004629629629629629 0.011111111111111112
0 0.6812746685994095 0.3373142002302641 0.004629629629629629 0.011111111111111112
0 0.5247891736667801 0.4927901113246186 0.004629629629629629 0.011111111111111112
0 0.18128144488730724 0.8340816612087398 0.004629629629629629 0.011111111111111112
0 0.1856827587827874 0.829708742886779 0.004629629629629629 0.011111111111111112
0 0.170841817113772 0.8444539365450265 0.004629629629629629 0.011111111111111112
0 0.53720541877196 0.4804539710265687 0.004629629629629629 0.011111111111111112
0 0.16898713801662973 0.8462966499705743 0.004629629629629629 0.011111111111111112
0 0.207895113232556 0.8076396939495896 0.004629629629629629 0.011111111111111112
0 0.2526335444583332 0.7631898977639787 0.004629629629629629 0.011111111111111112
0 0.21809798101285152 0.7975026511227153 0.004629629629629629 0.011111111111111112
0 0.5499464254944343 0.4677951643474654 0.004629629629629629 0.011111111111111112
0 0.2854302990457509 0.730604735141641 0.004629629629629629 0.011111111111111112
