0 0.30682367752989936 0.7093493784541645 0.004629629629629629 0.011111111111111112
0 0.550169503885404 0.46757352517192124 0.004629629629629629 0.011111111111111112
0 0.3876669702359161 0.6290276553785091 0.004629629629629629 0.011111111111111112
0 0.49055284012258177 0.5268055652975641 0.004629629629629629 0.011111111111111112
0 0.24651608472223074 0.7692678900179128 0.004629629629629629 0.011111111111111112
0 0.5554360965316583 0.4623409105427396 0.004629629629629629 0.011111111111111112
0 0.2541239252774595 0.7617091323049758 0.004629629629629629 0.011111111111111112
0 0.22583216393982203 0.7898183661501122 0.004629629629629629 0.011111111111111112
0 0.3136244344969622 0.7025924973385022 0.004629629629629629 0.011111111111111112
0 0.22388284939297595 0.7917551044740756 0.004629629629629629 0.011111111111111112
0 0.8647727272727272 0.155 0.004629629629629629 0.011111111111111112
0 0.4388349844827588 0.5781897573526139 0.004629629629629629 0.011111111111111112
0 0.3082950930667213 0.7078874559208059 0.004629629629629629 0.011111111111111112
0 0.1602272727272728 0.855 0.004629629629629629 0.011111111111111112
0 0.5339245054246553 0.4837137171909876 0.004629629629629629 0.011111111111111112
0 0.17565847753703143 0.8396683513503043 0.004629629629629629 0.011111111111111112
0 0.46015271659322554 0.5570095589976986 0.004629629629629629 0.011111111111111112
0 0.4384043651366429 0.5786175985094001 0.004629629629629629 0.011111111111111112
0 0.4305162945846045 0.5864547782836833 0.004629629629629629 0.011111111111111112
0 0.45613122734024975 0.5610051031587197 0.004629629629629629 0.011111111111111112
0 0.30532911916921196 0.7108342945028475 0.004629629629629629 0.011111111111111112
0 0.3868089284344494 0.629880161426418 0.004629629629629629 0.011111111111111112
0 0.7285858227230227 0.29030827935906134 0.004629629629629629 0.011111111111111112
0 0.2838566510911916 0.7321682305287516 0.004629629629629629 0.011111111111111112
0 0.3872939725152841 0.629398246662234 0.004629629629629629 0.011111111111111112
0 0.40725451886117486 0.6095664780347038 0.004629629629629629 0.011111111111111112
0 0.22377544631821397 0.7918618146257745 0.004629629629629629 0.011111111111111112
0 0.49908692378548164 0.5183265402389409 0.004629629629629629 0.011111111111111112
0 0.33541639487887465 0.6809411302493761 0.004629629629629629 0.011111111111111112
0 0.31186960643033435 0.7043360039337324 0.004629629629629629 0.011111111111111112
