0 0.2844567025384234 0.7315720503811793 0.004629629629629629 0.011111111111111112
0 0.7343019642220113 0.2846290161923242 0.004629629629629629 0.011111111111111112
0 0.8647727272727272 0.1550000000000001 0.004629629629629629 0.011111111111111112
0 0.35648269073510297 0.6600107459793171 0.004629629629629629 0.011111111111111112
0 0.3961422970218855 0.6206070081201912 0.004629629629629629 0.011111111111111112
0 0.46991765365958854 0.547307621525312 0.004629629629629629 0.011111111111111112
0 0.6212317377845832 0.396969757297898 0.004629629629629629 0.011111111111111112
0 0.5778140538872906 0.44010732710553063 0.004629629629629629 0.011111111111111112
0 0.16036783410383149 0.854860345471032 0.004629629629629629 0.011111111111111112
0 0.233016230591947 0.7826806483150979 0.004629629629629629 0.011111111111111112
0 0.8159869030359187 0.203471076983668 0.004629629629629629 0.011111111111111112
0 0.5939484755386204 0.4240769984971128 0.004629629629629629 0.011111111111111112
0 0.16130485570788544 0.8539293691676494 0.004629629629629629 0.011111111111111112
0 0.7869033074763394 0.23236703644286286 0.004629629629629629 0.011111111111111112
0 0.23181090076274888 0.7838782018228172 0.004629629629629629 0.011111111111111112
0 0.6346166698105574 0.3836711796720914 0.004629629629629629 0.011111111111111112
0 0.18654929041733695 0.8288478017789039 0.004629629629629629 0.011111111111111112
0 0.20243274541535045 0.8130668206841035 0.004629629629629629 0.011111111111111112
0 0.8160235841590899 0.20343463251290428 0.004629629629629629 0.011111111111111112
0 0.4629804818181689 0.5542000374193676 0.004629629629629629 0.011111111111111112
0 0.7962113608749966 0.22311903500161634 0.004629629629629629 0.011111111111111112
0 0.16022727272727272 0.855 0.004629629629629629 0.011111111111111112
0 0.6000372852684734 0.41802747141067803 0.004629629629629629 0.011111111111111112
0 0.609999960366261 0.408129071636102 0.004629629629629629 0.011111111111111112
0 0.5160490231610182 0.5014738737626012 0.004629629629629629 0.011111111111111112
0 0.7171927903209075 0.30162780832632413 0.004629629629629629 0.011111111111111112
0 0.31364991208790516 0.7025671841191136 0.004629629629629629 0.011111111111111112
0 0.5463059162709186 0.4714121864147003 0.004629629629629629 0.011111111111111112
0 0.5330395619381917 0.48459295136463537 0.004629629629629629 0.011111111111111112
0 0.4781720939921358 0.539106435646523 0.004629629629629629 0.011111111111111112
