0 0.34925966324314356 0.667187173293909 0.004629629629629629 0.011111111111111112
0 0.21995464655004843 0.795657964072855 0.004629629629629629 0.011111111111111112
0 0.5524088255748567 0.46534865071917453 0.004629629629629629 0.011111111111111112
0 0.3913420294213648 0.6253763062523213 0.004629629629629629 0.011111111111111112
0 0.2141909214046671 0.8013845038947179 0.004629629629629629 0.011111111111111112
0 0.5407908786209901 0.4768916431765647 0.004629629629629629 0.011111111111111112
0 0.4548424717131385 0.5622855442333979 0.004629629629629629 0.011111111111111112
0 0.4258858694340448 0.5910553297235942 0.004629629629629629 0.011111111111111112
0 0.2803208959816425 0.7356811743150133 0.004629629629629629 0.011111111111111112
0 0.20510629088007032 0.8104105238998011 0.004629629629629629 0.011111111111111112
0 0.2543935232499178 0.7614412736742752 0.004629629629629629 0.011111111111111112
0 0.16022727272727275 0.855 0.004629629629629629 0.011111111111111112
0 0.2335134579810141 0.7821866288446699 0.004629629629629629 0.011111111111111112
0 0.3914340931139612 0.6252848365190321 0.004629629629629629 0.011111111111111112
0 0.20910818381987376 0.8064344496241255 0.004629629629629629 0.011111111111111112
0 0.4361208410079694 0.5808863902243401 0.004629629629629629 0.011111111111111112
0 0.22355143692671067 0.7920843787953972 0.004629629629629629 0.011111111111111112
0 0.8647727272727272 0.155 0.004629629629629629 0.011111111111111112
0 0.1960709131741476 0.8193876088463308 0.004629629629629629 0.011111111111111112
0 0.3713243294118864 0.6452648598101258 0.004629629629629629 0.011111111111111112
0 0.3032857580665748 0.7128644726306289 0.004629629629629629 0.011111111111111112
0 0.29053114590703066 0.7255367969697888 0.004629629629629629 0.011111111111111112
0 0.4316812321150359 0.5852973564792546 0.004629629629629629 0.011111111111111112
0 0.19706003938353164 0.8184048640963622 0.004629629629629629 0.011111111111111112
0 0.7075217947177737 0.3112364104094378 0.004629629629629629 0.011111111111111112
0 0.5581146608788615 0.45967962725584083 0.004629629629629629 0.011111111111111112
0 0.22058196685662912 0.7950346909940588 0.004629629629629629 0.011111111111111112
0 0.477879391787066 0.5393972494502699 0.004629629629629629 0.011111111111111112
0 0.35281046892276624 0.6636592760380259 0.004629629629629629 0.011111111111111112
0 0.6273750431010823 0.39086608620924734 0.004629629629629629 0.011111111111111112
