0 0.2632952273515039 0.7525969999217316 0.004629629629629629 0.011111111111111112
0 0.2946577821556066 0.7214367841808812 0.004629629629629629 0.011111111111111112
0 0.2652458363719165 0.7506589754756442 0.004629629629629629 0.011111111111111112
0 0.16022727272727275 0.855 0.004629629629629629 0.011111111111111112
0 0.8153229611249885 0.20413073539839854 0.004629629629629629 0.011111111111111112
0 0.3825744206107808 0.6340873498447727 0.004629629629629629 0.011111111111111112
0 0.4159080257395549 0.6009688002329584 0.004629629629629629 0.011111111111111112
0 0.30446056214899464 0.7116972479293859 0.004629629629629629 0.011111111111111112
0 0.5546418632904766 0.46313001969849427 0.004629629629629629 0.011111111111111112
0 0.8647727272727272 0.155 0.004629629629629629 0.011111111111111112
0 0.30041643700357157 0.7157152819448386 0.004629629629629629 0.011111111111111112
0 0.417230032980112 0.5996553220713725 0.004629629629629629 0.011111111111111112
0 0.2587246485575019 0.7571380911106109 0.004629629629629629 0.011111111111111112
0 0.3046287043508379 0.7115301905159417 0.004629629629629629 0.011111111111111112
0 0.19499543733951724 0.8204561461271893 0.004629629629629629 0.011111111111111112
0 0.4877477094986575 0.5295925983045596 0.004629629629629629 0.011111111111111112
0 0.24879185546272845 0.7670068016692891 0.004629629629629629 0.011111111111111112
0 0.22285041759858923 0.7927808754181758 0.004629629629629629 0.011111111111111112
0 0.504588435233111 0.512860522413554 0.004629629629629629 0.011111111111111112
0 0.4865641546178539 0.5307685173474225 0.004629629629629629 0.011111111111111112
0 0.28533551411841385 0.7306989085533178 0.004629629629629629 0.011111111111111112
0 0.4245706702387793 0.5923620437627612 0.004629629629629629 0.011111111111111112
0 0.3704626955935195 0.6461209347006323 0.004629629629629629 0.011111111111111112
0 0.2341602619093648 0.7815439978448891 0.004629629629629629 0.011111111111111112
0 0.49069203892799007 0.5266672645489647 0.004629629629629629 0.011111111111111112
0 0.5793619214703916 0.43856944576490126 0.004629629629629629 0.011111111111111112
0 0.33928164710649356 0.6771008151329031 0.004629629629629629 0.011111111111111112
0 0.20738419292508023 0.8081473179970171 0.004629629629629629 0.011111111111111112
0 0.2291035544686281 0.7865680813666533 0.004629629629629629 0.011111111111111112
0 0.21438662983468915 0.8011900580997283 0.004629629629629629 0.011111111111111112
