0 0.37541377567749556 0.6412017970688109 0.004629629629629629 0.011111111111111112
0 0.8647727272727275 0.155 0.004629629629629629 0.011111111111111112
0 0.38911477600134864 0.6275891902954343 0.004629629629629629 0.011111111111111112
0 0.3330535661496027 0.6832887149223302 0.004629629629629629 0.011111111111111112
0 0.29269975400147397 0.7233821798953097 0.004629629629629629 0.011111111111111112
0 0.2289345083923796 0.786736036823055 0.004629629629629629 0.011111111111111112
0 0.20168506205962275 0.8138096802762458 0.004629629629629629 0.011111111111111112
0 0.17364183459827623 0.8416719836894546 0.004629629629629629 0.011111111111111112
0 0.19220161115938691 0.8232319476222865 0.004629629629629629 0.011111111111111112
0 0.16022727272727275 0.855 0.004629629629629629 0.011111111111111112
0 0.477473579256986 0.5398004438349945 0.004629629629629629 0.011111111111111112
0 0.25784856723833643 0.7580085202922334 0.004629629629629629 0.011111111111111112
0 0.21332092194065222 0.802248890458965 0.004629629629629629 0.011111111111111112
0 0.34900536818748984 0.6674398277363005 0.004629629629629629 0.011111111111111112
0 0.3004734410546412 0.7156586456618405 0.004629629629629629 0.011111111111111112
0 0.4050184339078951 0.6117881366334461 0.004629629629629629 0.011111111111111112
0 0.19862242384507506 0.8168525595345706 0.004629629629629629 0.011111111111111112
0 0.17682943643783364 0.8385049470230556 0.004629629629629629 0.011111111111111112
0 0.26744892136544896 0.748470103933683 0.004629629629629629 0.011111111111111112
0 0.20270430084790622 0.8127970172220803 0.004629629629629629 0.011111111111111112
0 0.2314667660042782 0.7842201163570397 0.004629629629629629 0.011111111111111112
0 0.18572513040001784 0.829666644634821 0.004629629629629629 0.011111111111111112
0 0.1730896561157869 0.8422205997301214 0.004629629629629629 0.011111111111111112
0 0.1692275313081882 0.8460578076034775 0.004629629629629629 0.011111111111111112
0 0.17269178916563346 0.8426158997967255 0.004629629629629629 0.011111111111111112
0 0.27218977124151544 0.7437598401858493 0.004629629629629629 0.011111111111111112
0 0.2086745924596718 0.8068652436207132 0.004629629629629629 0.011111111111111112
0 0.33417432332962516 0.6821751884337919 0.004629629629629629 0.011111111111111112
0 0.1690754493339762 0.8462089084036624 0.004629629629629629 0.011111111111111112
0 0.19453529747392212 0.8209133173484903 0.004629629629629629 0.011111111111111112
