0 0.4173000161586521 0.5995857903972102 0.004629629629629629 0.011111111111111112
0 0.5063736390994611 0.5110868359915032 0.004629629629629629 0.011111111111111112
0 0.16022727272727272 0.855 0.004629629629629629 0.011111111111111112
0 0.7544066928235176 0.2646539955172793 0.004629629629629629 0.011111111111111112
0 0.44119847431524173 0.5758415158416308 0.004629629629629629 0.011111111111111112
0 0.6306273515287338 0.3876347604166127 0.004629629629629629 0.011111111111111112
0 0.6760547768191068 0.34250041528940356 0.004629629629629629 0.011111111111111112
0 0.4851110486198582 0.5322122484680119 0.004629629629629629 0.011111111111111112
0 0.7933980134224053 0.22591423182548112 0.004629629629629629 0.011111111111111112
0 0.47069825370259316 0.5465320576116172 0.004629629629629629 0.011111111111111112
0 0.6253568991850349 0.39287120984196533 0.004629629629629629 0.011111111111111112
0 0.6818190747584641 0.33677330636900993 0.004629629629629629 0.011111111111111112
0 0.6496510072793912 0.36873383792886283 0.004629629629629629 0.011111111111111112
0 0.5074277696487085 0.5100395062845089 0.004629629629629629 0.011111111111111112
0 0.8629368597503435 0.15682402321578776 0.004629629629629629 0.011111111111111112
0 0.6076442523542381 0.41046958153191826 0.004629629629629629 0.011111111111111112
0 0.7654799090057292 0.25365221943946903 0.004629629629629629 0.011111111111111112
0 0.4203779114127981 0.5965277525318006 0.004629629629629629 0.011111111111111112
0 0.4422552784660326 0.5747915297821354 0.004629629629629629 0.011111111111111112
0 0.5542066388997747 0.4635624361899012 0.004629629629629629 0.011111111111111112
0 0.5780303948199653 0.4398923819208086 0.004629629629629629 0.011111111111111112
0 0.8496365551440341 0.17003851940528217 0.004629629629629629 0.011111111111111112
0 0.6687030896347761 0.3498046722338354 0.004629629629629629 0.011111111111111112
0 0.5994516558476503 0.4186093225771732 0.004629629629629629 0.011111111111111112
0 0.8385461664562144 0.18105735719834196 0.004629629629629629 0.011111111111111112
0 0.46850644183240414 0.548709728760063 0.004629629629629629 0.011111111111111112
0 0.8647727272727272 0.155 0.004629629629629629 0.011111111111111112
0 0.32246243577825184 0.6938115154203175 0.004629629629629629 0.011111111111111112
0 0.6094649730773093 0.40866060739415716 0.004629629629629629 0.011111111111111112
0 0.7356868713085176 0.283253043990247 0.004629629629629629 0.011111111111111112
