0 0.688012251479395 0.3306200856269236 0.004629629629629629 0.011111111111111112
0 0.3892967974908194 0.6274083431381535 0.004629629629629629 0.011111111111111112
0 0.7360820691315779 0.2828603958305614 0.004629629629629629 0.011111111111111112
0 0.8508627158931579 0.16882026937066894 0.004629629629629629 0.011111111111111112
0 0.6278453974539734 0.3903987664005683 0.004629629629629629 0.011111111111111112
0 0.43474610727514335 0.5822522547072768 0.004629629629629629 0.011111111111111112
0 0.8647727272727275 0.15499999999999978 0.004629629629629629 0.011111111111111112
0 0.5719565065705121 0.4459270837944589 0.004629629629629629 0.011111111111111112
0 0.6091407164782645 0.4089827720151438 0.004629629629629629 0.011111111111111112
0 0.7785674758603749 0.24064908850001462 0.004629629629629629 0.011111111111111112
0 0.49249147895245937 0.5248794338149758 0.004629629629629629 0.011111111111111112
0 0.4372553340232007 0.5797592165188844 0.004629629629629629 0.011111111111111112
0 0.7880852624614341 0.2311927069738008 0.004629629629629629 0.011111111111111112
0 0.1602272727272728 0.855 0.004629629629629629 0.011111111111111112
0 0.7375053725605493 0.28144627500435765 0.004629629629629629 0.011111111111111112
0 0.8026472247181803 0.21672469286064666 0.004629629629629629 0.011111111111111112
0 0.3207763922245408 0.6954866812736821 0.004629629629629629 0.011111111111111112
0 0.7371911734227419 0.2817584470509532 0.004629629629629629 0.011111111111111112
0 0.7642434157933626 0.2548807352762719 0.004629629629629629 0.011111111111111112
0 0.8290328937034463 0.19050925399786614 0.004629629629629629 0.011111111111111112
0 0.4051875844811238 0.6116200773542382 0.004629629629629629 0.011111111111111112
0 0.3906943729832749 0.6260197842617784 0.004629629629629629 0.011111111111111112
0 0.711732281293851 0.3070530882628834 0.004629629629629629 0.011111111111111112
0 0.8136639856942784 0.20577900776181354 0.004629629629629629 0.011111111111111112
0 0.6453560964662844 0.37300103963994957 0.004629629629629629 0.011111111111111112
0 0.7067459101015492 0.31200728931846083 0.004629629629629629 0.011111111111111112
0 0.70158664567322 0.31713326816983295 0.004629629629629629 0.011111111111111112
0 0.2598786558843737 0.7559915289922997 0.004629629629629629 0.011111111111111112
0 0.34859245442883185 0.6678500775352251 0.004629629629629629 0.011111111111111112
0 0.6564735768619182 0.36195528492428775 0.004629629629629629 0.011111111111111112
