0 0.2540796662763881 0.7617531057641047 0.004629629629629629 0.011111111111111112
0 0.25620802346890265 0.7596384799083162 0.004629629629629629 0.011111111111111112
0 0.22284649732615194 0.7927847703985329 0.004629629629629629 0.011111111111111112
0 0.5174480119739858 0.5000839106839109 0.004629629629629629 0.011111111111111112
0 0.3869613137739105 0.6297287592181793 0.004629629629629629 0.011111111111111112
0 0.5308419660812306 0.48677636918380973 0.004629629629629629 0.011111111111111112
0 0.18975065284626996 0.8256670933011253 0.004629629629629629 0.011111111111111112
0 0.5035116047390146 0.5139304056141405 0.004629629629629629 0.011111111111111112
0 0.19680290439703754 0.8186603401474595 0.004629629629629629 0.011111111111111112
0 0.17722310039736766 0.8381138228310024 0.004629629629629629 0.011111111111111112
0 0.3752032076032801 0.6414110066393218 0.004629629629629629 0.011111111111111112
0 0.3472976023713425 0.6691365757084726 0.004629629629629629 0.011111111111111112
0 0.3651549577487435 0.651394429075442 0.004629629629629629 0.011111111111111112
0 0.2083715928234921 0.8071662884205305 0.004629629629629629 0.011111111111111112
0 0.8647727272727275 0.155 0.004629629629629629 0.011111111111111112
0 0.20664755944389293 0.8088791990041323 0.004629629629629629 0.011111111111111112
0 0.2062090168398384 0.8093149123010638 0.004629629629629629 0.011111111111111112
0 0.2840427651180971 0.7319833172375035 0.004629629629629629 0.011111111111111112
0 0.310346816766236 0.7058489691483849 0.004629629629629629 0.011111111111111112
0 0.21816139152570438 0.7974396497099453 0.004629629629629629 0.011111111111111112
0 0.23285308654595516 0.7828427398188575 0.004629629629629629 0.011111111111111112
0 0.16022727272727275 0.855 0.004629629629629629 0.011111111111111112
0 0.19095020656203915 0.8244752786415869 0.004629629629629629 0.011111111111111112
0 0.5444832473484723 0.47322309618280817 0.004629629629629629 0.011111111111111112
0 0.1678608927297012 0.8474156291588776 0.004629629629629629 0.011111111111111112
0 0.26920942042329243 0.7467209629342771 0.004629629629629629 0.011111111111111112
0 0.2910833391281925 0.7249881662855377 0.004629629629629629 0.011111111111111112
0 0.4978833130693392 0.5195223857246565 0.004629629629629629 0.011111111111111112
0 0.19291060024416323 0.8225275326606379 0.004629629629629629 0.011111111111111112
0 0.3433305108396015 0.6730780731012992 0.004629629629629629 0.011111111111111112
