0 0.4649541169981505 0.5522391353695796 0.004629629629629629 0.011111111111111112
0 0.5841406554077603 0.433821542369064 0.004629629629629629 0.011111111111111112
0 0.1955941825837506 0.8198612637554994 0.004629629629629629 0.011111111111111112
0 0.36494820056227617 0.6515998523445773 0.004629629629629629 0.011111111111111112
0 0.17354234050009953 0.8417708358902237 0.004629629629629629 0.011111111111111112
0 0.8647727272727275 0.155 0.004629629629629629 0.011111111111111112
0 0.16022727272727275 0.855 0.004629629629629629 0.011111111111111112
0 0.5243964890077258 0.4931802625342595 0.004629629629629629 0.011111111111111112
0 0.39130312231277203 0.6254149623473104 0.004629629629629629 0.011111111111111112
0 0.39602613793303165 0.6207224177955686 0.004629629629629629 0.011111111111111112
0 0.24965841931491117 0.7661458285516367 0.004629629629629629 0.011111111111111112
0 0.4611352897721659 0.5560333250005578 0.004629629629629629 0.011111111111111112
0 0.46539167246091495 0.5518044028452845 0.004629629629629629 0.011111111111111112
0 0.3994179999990891 0.6173524387105825 0.004629629629629629 0.011111111111111112
0 0.6766970195103201 0.34186231609942397 0.004629629629629629 0.011111111111111112
0 0.5240055342118682 0.4935686950411117 0.004629629629629629 0.011111111111111112
0 0.18103314240684587 0.8343283617377144 0.004629629629629629 0.011111111111111112
0 0.22780356743540087 0.787859681386763 0.004629629629629629 0.011111111111111112
0 0.17113218357699617 0.8441654434138232 0.004629629629629629 0.011111111111111112
0 0.3563200902560853 0.6601722974229862 0.004629629629629629 0.011111111111111112
0 0.49713149181881816 0.5202693565154969 0.004629629629629629 0.011111111111111112
0 0.6286213003090736 0.3896278693703399 0.004629629629629629 0.011111111111111112
0 0.25472073756057123 0.7611161704236906 0.004629629629629629 0.011111111111111112
0 0.23256200545465214 0.783131942967636 0.004629629629629629 0.011111111111111112
0 0.4299166189372008 0.5870505850559425 0.004629629629629629 0.011111111111111112
0 0.4554971944034251 0.5616350455604681 0.004629629629629629 0.011111111111111112
0 0.1991677307794538 0.8163107707094459 0.004629629629629629 0.011111111111111112
0 0.7516223198994723 0.26742040474504064 0.004629629629629629 0.011111111111111112
0 0.46805581161217996 0.5491574516885439 0.004629629629629629 0.011111111111111112
0 0.3193206687586026 0.6969330129753238 0.004629629629629629 0.011111111111111112
