0 0.3111462652879354 0.7050546783590836 0.004629629629629629 0.011111111111111112
0 0.25357024445876913 0.7622592409893519 0.004629629629629629 0.011111111111111112
0 0.18399434768497958 0.8313862610097623 0.004629629629629629 0.011111111111111112
0 0.31010115504614294 0.7060930459541548 0.004629629629629629 0.011111111111111112
0 0.20981384252277038 0.8057333435580217 0.004629629629629629 0.011111111111111112
0 0.3111357905214219 0.7050650855464584 0.004629629629629629 0.011111111111111112
0 0.3521899955298351 0.664275746376809 0.004629629629629629 0.011111111111111112
0 0.16704971321396844 0.8482215752583797 0.004629629629629629 0.011111111111111112
0 0.16022727272727272 0.855 0.004629629629629629 0.011111111111111112
0 0.27644035532657824 0.7395366792239159 0.004629629629629629 0.011111111111111112
0 0.21945043210653534 0.7961589255199585 0.004629629629629629 0.011111111111111112
0 0.4987615457299466 0.5186498190812144 0.004629629629629629 0.011111111111111112
0 0.18293942529659593 0.8324343774472531 0.004629629629629629 0.011111111111111112
0 0.3551256621392264 0.6613590195519945 0.004629629629629629 0.011111111111111112
0 0.20392780776401362 0.81158140389898 0.004629629629629629 0.011111111111111112
0 0.16710954843787187 0.848162126068179 0.004629629629629629 0.011111111111111112
0 0.19864444511515159 0.8168306803372043 0.004629629629629629 0.011111111111111112
0 0.18084667387385026 0.8345136272479166 0.004629629629629629 0.011111111111111112
0 0.18931013057989943 0.826104773488358 0.004629629629629629 0.011111111111111112
0 0.19736182155809173 0.8181050289035734 0.004629629629629629 0.011111111111111112
0 0.2383033587030164 0.7774276307079708 0.004629629629629629 0.011111111111111112
0 0.31689577134899577 0.699342265885514 0.004629629629629629 0.011111111111111112
0 0.255517050263142 0.7603249952224267 0.004629629629629629 0.011111111111111112
0 0.18505566225745346 0.8303317936280784 0.004629629629629629 0.011111111111111112
0 0.22825828694186812 0.7874078955545311 0.004629629629629629 0.011111111111111112
0 0.33571678279892797 0.6806426803159038 0.004629629629629629 0.011111111111111112
0 0.5870239808549819 0.43095681902150207 0.004629629629629629 0.011111111111111112
0 0.41628915537419164 0.6005901294991903 0.004629629629629629 0.011111111111111112
0 0.8647727272727272 0.155 0.004629629629629629 0.011111111111111112
0 0.2688424163809497 0.7470855992086048 0.004629629629629629 0.011111111111111112
