0 0.33512774150997027 0.6812279213384811 0.004629629629629629 0.011111111111111112
0 0.2709953650931814 0.7449465404880649 0.004629629629629629 0.011111111111111112
0 0.16022727272727272 0.855 0.004629629629629629 0.011111111111111112
0 0.3911862207136258 0.6255311097425911 0.004629629629629629 0.011111111111111112
0 0.8466539981428112 0.17300183410327144 0.004629629629629629 0.011111111111111112
0 0.7250343645674195 0.29383682488140245 0.004629629629629629 0.011111111111111112
0 0.8155152093049458 0.2039397275292796 0.004629629629629629 0.011111111111111112
0 0.550076745151425 0.467665685462455 0.004629629629629629 0.011111111111111112
0 0.22415607043219676 0.7914836461512368 0.004629629629629629 0.011111111111111112
0 0.7025196065717716 0.31620632637385265 0.004629629629629629 0.011111111111111112
0 0.8330161218613591 0.18655172408613338 0.004629629629629629 0.011111111111111112
0 0.41711874448199526 0.599765892579179 0.004629629629629629 0.011111111111111112
0 0.3819760698663681 0.634681840261802 0.004629629629629629 0.011111111111111112
0 0.26523968063311426 0.7506650915000026 0.004629629629629629 0.011111111111111112
0 0.5509384549336861 0.466809535098144 0.004629629629629629 0.011111111111111112
0 0.2654949387574438 0.7504114802022817 0.004629629629629629 0.011111111111111112
0 0.2671416480283664 0.7487753948621393 0.004629629629629629 0.011111111111111112
0 0.627786990224503 0.3904567968092034 0.004629629629629629 0.011111111111111112
0 0.6568423373564547 0.36158890352971595 0.004629629629629629 0.011111111111111112
0 0.6739775313618086 0.3445642591631063 0.004629629629629629 0.011111111111111112
0 0.538378923272412 0.4792880375228939 0.004629629629629629 0.011111111111111112
0 0.8121330124173081 0.2073001037918357 0.004629629629629629 0.011111111111111112
0 0.1946477307030771 0.8208016094950074 0.004629629629629629 0.011111111111111112
0 0.3179626228510857 0.6982822972963406 0.004629629629629629 0.011111111111111112
0 0.44046966209164756 0.5765656260508792 0.004629629629629629 0.011111111111111112
0 0.8647727272727272 0.155 0.004629629629629629 0.011111111111111112
0 0.6719713344870841 0.3465575128321873 0.004629629629629629 0.011111111111111112
0 0.5480715399266892 0.4696579538792894 0.004629629629629629 0.011111111111111112
0 0.2511354295338892 0.7646783474308456 0.004629629629629629 0.011111111111111112
0 0.6882029646472667 0.3304306028665865 0.004629629629629629 0.011111111111111112
