0 0.25762737349723275 0.7582282869769429 0.004629629629629629 0.011111111111111112
0 0.37234212500760655 0.6442536306376038 0.004629629629629629 0.011111111111111112
0 0.26917649528088816 0.7467536756564079 0.004629629629629629 0.011111111111111112
0 0.19430163215862736 0.8211454751456219 0.004629629629629629 0.011111111111111112
0 0.25706733084780686 0.7587847164479855 0.004629629629629629 0.011111111111111112
0 0.7402352642041949 0.27873399556486433 0.004629629629629629 0.011111111111111112
0 0.3025310240035384 0.7136143374416457 0.004629629629629629 0.011111111111111112
0 0.3262762039653588 0.6900223521892564 0.004629629629629629 0.011111111111111112
0 0.17163322633915407 0.8436676331856147 0.004629629629629629 0.011111111111111112
0 0.26941415440635946 0.746517549815617 0.004629629629629629 0.011111111111111112
0 0.6146516563338059 0.4035073866102831 0.004629629629629629 0.011111111111111112
0 0.16022727272727275 0.855 0.004629629629629629 0.011111111111111112
0 0.17053345383841972 0.8447603103798926 0.004629629629629629 0.011111111111111112
0 0.2760987274117347 0.7398761030876958 0.004629629629629629 0.011111111111111112
0 0.6627807999547064 0.3556887535933885 0.004629629629629629 0.011111111111111112
0 0.383768957806795 0.6329005193403455 0.004629629629629629 0.011111111111111112
0 0.33111881375994123 0.68521098503851 0.004629629629629629 0.011111111111111112
0 0.2558722600182964 0.759972077143112 0.004629629629629629 0.011111111111111112
0 0.326079063803688 0.6902182204789165 0.004629629629629629 0.011111111111111112
0 0.19644954957889846 0.8190114152570944 0.004629629629629629 0.011111111111111112
0 0.3885409014749099 0.6281593624055734 0.004629629629629629 0.011111111111111112
0 0.6404519669526783 0.3778735296083067 0.004629629629629629 0.011111111111111112
0 0.3534278958578811 0.6630458325024923 0.004629629629629629 0.011111111111111112
0 0.45838829977293366 0.5587625924836658 0.004629629629629629 0.011111111111111112
0 0.34389670932587724 0.6725155275084833 0.004629629629629629 0.011111111111111112
0 0.4563329570844211 0.5608046748967687 0.004629629629629629 0.011111111111111112
0 0.8647727272727272 0.155 0.004629629629629629 0.011111111111111112
0 0.1615163307124077 0.8537192585179949 0.004629629629629629 0.011111111111111112
0 0.6237929690252076 0.39442505012979356 0.004629629629629629 0.011111111111111112
0 0.23293886175382872 0.7827575179994218 0.004629629629629629 0.011111111111111112
