0 0.7309478275191718 0.2879615133035326 0.004629629629629629 0.011111111111111112
0 0.372614701847472 0.6439828123579956 0.004629629629629629 0.011111111111111112
0 0.7204062296745495 0.2984351008394799 0.004629629629629629 0.011111111111111112
0 0.5480633339571247 0.4696661069071148 0.004629629629629629 0.011111111111111112
0 0.5016745201442789 0.5157556380502003 0.004629629629629629 0.011111111111111112
0 0.3333440351656103 0.6830001198999743 0.004629629629629629 0.011111111111111112
0 0.3586367780845895 0.6578705559675692 0.004629629629629629 0.011111111111111112
0 0.4725283543666265 0.544713764048642 0.004629629629629629 0.011111111111111112
0 0.3290665090108004 0.6872500491118498 0.004629629629629629 0.011111111111111112
0 0.5299746270254627 0.48763811250373384 0.004629629629629629 0.011111111111111112
0 0.16022727272727275 0.855 0.004629629629629629 0.011111111111111112
0 0.5519884442304474 0.4657663199258782 0.004629629629629629 0.011111111111111112
0 0.5742121546592647 0.44368598827402095 0.004629629629629629 0.011111111111111112
0 0.6906228737651998 0.3280263060655434 0.004629629629629629 0.011111111111111112
0 0.6254158701721688 0.392812619312813 0.004629629629629629 0.011111111111111112
0 0.5303233224839325 0.48729166669338314 0.004629629629629629 0.011111111111111112
0 0.46263431895111895 0.5545439669775981 0.004629629629629629 0.011111111111111112
0 0.8647727272727271 0.155 0.004629629629629629 0.011111111111111112
0 0.6089631741802426 0.4091591688789848 0.004629629629629629 0.011111111111111112
0 0.41963715099334226 0.5972637338517761 0.004629629629629629 0.011111111111111112
0 0.3393345137983306 0.6770482895164974 0.004629629629629629 0.011111111111111112
0 0.5672614529375942 0.4505918467587774 0.004629629629629629 0.011111111111111112
0 0.6017585189576891 0.41631734245494123 0.004629629629629629 0.011111111111111112
0 0.3590919663230801 0.6574183044273914 0.004629629629629629 0.011111111111111112
0 0.6262619608181019 0.39197198731620847 0.004629629629629629 0.011111111111111112
0 0.5016734075309407 0.515756743485388 0.004629629629629629 0.011111111111111112
0 0.6827065018356592 0.3358916046277967 0.004629629629629629 0.011111111111111112
0 0.6863319222902023 0.33228957398263764 0.004629629629629629 0.011111111111111112
0 0.32840755516492287 0.6879047516425928 0.004629629629629629 0.011111111111111112
0 0.6685967065238471 0.34991036900211325 0.004629629629629629 0.011111111111111112
