0 0.16022727272727266 0.855 0.004629629629629629 0.011111111111111112
0 0.2135613612819919 0.8020100023391822 0.004629629629629629 0.011111111111111112
0 0.5808027819865255 0.43713788112306495 0.004629629629629629 0.011111111111111112
0 0.5582748485883758 0.4595204730154202 0.004629629629629629 0.011111111111111112
0 0.5651013887346745 0.4527379750636137 0.004629629629629629 0.011111111111111112
0 0.5372339253777626 0.480425648334352 0.004629629629629629 0.011111111111111112
0 0.8647727272727272 0.155 0.004629629629629629 0.011111111111111112
0 0.5357607076160593 0.4818893614653347 0.004629629629629629 0.011111111111111112
0 0.43614601724389007 0.5808613764157479 0.004629629629629629 0.011111111111111112
0 0.7281221368504973 0.2907689737098285 0.004629629629629629 0.011111111111111112
0 0.86459117937172 0.15518037662422648 0.004629629629629629 0.011111111111111112
0 0.6194587889635106 0.3987312677394798 0.004629629629629629 0.011111111111111112
0 0.6528673599378891 0.3655382359326779 0.004629629629629629 0.011111111111111112
0 0.5631792438277328 0.4546477190356719 0.004629629629629629 0.011111111111111112
0 0.6798371807254667 0.33874241398889116 0.004629629629629629 0.011111111111111112
0 0.8350414684114303 0.18453944428799832 0.004629629629629629 0.011111111111111112
0 0.4249639930353543 0.5919712585326157 0.004629629629629629 0.011111111111111112
0 0.463178990984811 0.5540028089570265 0.004629629629629629 0.011111111111111112
0 0.7760328096973509 0.2431674019781159 0.004629629629629629 0.011111111111111112
0 0.4961707319815676 0.5212239179021845 0.004629629629629629 0.011111111111111112
0 0.412731395543968 0.6041249360401867 0.004629629629629629 0.011111111111111112
0 0.5116532153963734 0.5058413214771516 0.004629629629629629 0.011111111111111112
0 0.5684254166099788 0.44943539252944037 0.004629629629629629 0.011111111111111112
0 0.4815129390271354 0.535787144450459 0.004629629629629629 0.011111111111111112
0 0.36306519474771315 0.6534707097345301 0.004629629629629629 0.011111111111111112
0 0.7218787483987132 0.2969720822361172 0.004629629629629629 0.011111111111111112
0 0.4593302029298839 0.5578267661212766 0.004629629629629629 0.011111111111111112
0 0.608448991917152 0.4096700338371522 0.004629629629629629 0.011111111111111112
0 0.2684012330291581 0.7475239362161913 0.004629629629629629 0.011111111111111112
0 0.6410580718649742 0.3772713350502837 0.004629629629629629 0.011111111111111112
