0 0.16022727272727275 0.855 0.004629629629629629 0.011111111111111112
0 0.24032806887708483 0.7754159831801867 0.004629629629629629 0.011111111111111112
0 0.30093241275690924 0.7152026350673288 0.004629629629629629 0.011111111111111112
0 0.19660681391409404 0.818855165530513 0.004629629629629629 0.011111111111111112
0 0.1811596394392654 0.8342026808151815 0.004629629629629629 0.011111111111111112
0 0.3319543654355103 0.6843808240189123 0.004629629629629629 0.011111111111111112
0 0.3867917644602229 0.6298972146653269 0.004629629629629629 0.011111111111111112
0 0.19751811726296878 0.8179497415580826 0.004629629629629629 0.011111111111111112
0 0.22876485271216404 0.7869045979504952 0.004629629629629629 0.011111111111111112
0 0.5198396964753708 0.4977076564051155 0.004629629629629629 0.011111111111111112
0 0.18978664106008455 0.8256313372693352 0.004629629629629629 0.011111111111111112
0 0.321463576894566 0.6948039300531409 0.004629629629629629 0.011111111111111112
0 0.2544378373414916 0.7613972454800664 0.004629629629629629 0.011111111111111112
0 0.8647727272727271 0.15500000000000022 0.004629629629629629 0.011111111111111112
0 0.37784741935152016 0.6387838543217155 0.004629629629629629 0.011111111111111112
0 0.18032957515292466 0.8350273898480619 0.004629629629629629 0.011111111111111112
0 0.2832926861838853 0.7327285569527849 0.004629629629629629 0.011111111111111112
0 0.4310713164391346 0.5859033372153116 0.004629629629629629 0.011111111111111112
0 0.17204100637328099 0.8432624839904177 0.004629629629629629 0.011111111111111112
0 0.24309912038858794 0.7726628094203708 0.004629629629629629 0.011111111111111112
0 0.3426147531529002 0.6737892129964733 0.004629629629629629 0.011111111111111112
0 0.20627115063969056 0.8092531793644365 0.004629629629629629 0.011111111111111112
0 0.3681906212994834 0.6483783504508359 0.004629629629629629 0.011111111111111112
0 0.27964364245154644 0.7363540584674959 0.004629629629629629 0.011111111111111112
0 0.4158261771615386 0.6010501207556327 0.004629629629629629 0.011111111111111112
0 0.5197442366896962 0.4978025003212051 0.004629629629629629 0.011111111111111112
0 0.26075220827570766 0.7551236124228453 0.004629629629629629 0.011111111111111112
0 0.3472163615997082 0.6692172923460964 0.004629629629629629 0.011111111111111112
0 0.38502611470122944 0.6316514731355527 0.004629629629629629 0.011111111111111112
0 0.2255926530373786 0.790056331820927 0.004629629629629629 0.011111111111111112
