0 0.4459183118943532 0.571152128827546 0.004629629629629629 0.011111111111111112
0 0.7576217670548122 0.26145966370038026 0.004629629629629629 0.011111111111111112
0 0.4918899995889039 0.5254770326665086 0.004629629629629629 0.011111111111111112
0 0.5005579913366427 0.5168649634461745 0.004629629629629629 0.011111111111111112
0 0.7023126765516774 0.31641192136155927 0.004629629629629629 0.011111111111111112
0 0.7047381087870902 0.31400213707605246 0.004629629629629629 0.011111111111111112
0 0.649615328736521 0.3687692862875857 0.004629629629629629 0.011111111111111112
0 0.16022727272727272 0.8550000000000001 0.004629629629629629 0.011111111111111112
0 0.6135383146712918 0.40461354542336175 0.004629629629629629 0.011111111111111112
0 0.6741523121076682 0.344390606034962 0.004629629629629629 0.011111111111111112
0 0.736740897987092 0.28220581748379253 0.004629629629629629 0.011111111111111112
0 0.4622893434293676 0.5548867168508219 0.004629629629629629 0.011111111111111112
0 0.6065718522756913 0.41153506290028097 0.004629629629629629 0.011111111111111112
0 0.6546319164376266 0.3637850636684226 0.004629629629629629 0.011111111111111112
0 0.7245036116438105 0.29436415359260126 0.004629629629629629 0.011111111111111112
0 0.502902836427727 0.5145352463879358 0.004629629629629629 0.011111111111111112
0 0.6173583684761842 0.400818137126888 0.004629629629629629 0.011111111111111112
0 0.6040616986641303 0.4140290219724126 0.004629629629629629 0.011111111111111112
0 0.6224828403317691 0.39572672638004885 0.004629629629629629 0.011111111111111112
0 0.24093314161842835 0.7748148141339486 0.004629629629629629 0.011111111111111112
0 0.8147475528273922 0.20470243138439753 0.004629629629629629 0.011111111111111112
0 0.4840563884260655 0.5332601044024899 0.004629629629629629 0.011111111111111112
0 0.8492012602235288 0.17047100597146175 0.004629629629629629 0.011111111111111112
0 0.44422106952196533 0.5728384212491442 0.004629629629629629 0.011111111111111112
0 0.751619407852496 0.267423298004617 0.004629629629629629 0.011111111111111112
0 0.8647727272727272 0.1550000000000001 0.004629629629629629 0.011111111111111112
0 0.2451307214403462 0.7706443154721724 0.004629629629629629 0.011111111111111112
0 0.759578805066148 0.25951525174073037 0.004629629629629629 0.011111111111111112
0 0.21015127524338031 0.8053980878227062 0.004629629629629629 0.011111111111111112
0 0.6646007279304967 0.35388056708840976 0.004629629629629629 0.011111111111111112
