0 0.2966009990769711 0.7195061041428803 0.004629629629629629 0.011111111111111112
0 0.22883933262019268 0.7868305985580021 0.004629629629629629 0.011111111111111112
0 0.25100092201480845 0.7648119871594806 0.004629629629629629 0.011111111111111112
0 0.2562140118286294 0.7596325301831682 0.004629629629629629 0.011111111111111112
0 0.5320961516041731 0.4855302751803698 0.004629629629629629 0.011111111111111112
0 0.20747410208595157 0.8080579888952482 0.004629629629629629 0.011111111111111112
0 0.8647727272727272 0.1549999999999999 0.004629629629629629 0.011111111111111112
0 0.2945103804117018 0.721583234945793 0.004629629629629629 0.011111111111111112
0 0.2977658018658674 0.7183488162106867 0.004629629629629629 0.011111111111111112
0 0.2915256507954985 0.7245487082418918 0.004629629629629629 0.011111111111111112
0 0.5426811845318615 0.47501353278769887 0.004629629629629629 0.011111111111111112
0 0.5195132847205655 0.4980319622776317 0.004629629629629629 0.011111111111111112
0 0.2235577998082774 0.7920780569646793 0.004629629629629629 0.011111111111111112
0 0.3331029850854729 0.6832396148183043 0.004629629629629629 0.011111111111111112
0 0.31523681672130816 0.7009905175801197 0.004629629629629629 0.011111111111111112
0 0.23784125438901937 0.777886753703813 0.004629629629629629 0.011111111111111112
0 0.38652727416472754 0.630159998571819 0.004629629629629629 0.011111111111111112
0 0.29937635866090545 0.7167486501046487 0.004629629629629629 0.011111111111111112
0 0.2081207176880798 0.807415545006682 0.004629629629629629 0.011111111111111112
0 0.21332294445451003 0.8022468809935835 0.004629629629629629 0.011111111111111112
0 0.3916085396406756 0.6251115154537804 0.004629629629629629 0.011111111111111112
0 0.16209484974943256 0.853144471861854 0.004629629629629629 0.011111111111111112
0 0.6953292895147482 0.32335025428857284 0.004629629629629629 0.011111111111111112
0 0.16136796247508225 0.8538666695408861 0.004629629629629629 0.011111111111111112
0 0.16022727272727275 0.855 0.004629629629629629 0.011111111111111112
0 0.20220866449590788 0.8132894559201947 0.004629629629629629 0.011111111111111112
0 0.16848839486413425 0.8467921754253118 0.004629629629629629 0.011111111111111112
0 0.4311248737353827 0.5858501254500069 0.004629629629629629 0.011111111111111112
0 0.32971511835462425 0.6866056243444378 0.004629629629629629 0.011111111111111112
0 0.2427501394285349 0.7730095388903588 0.004629629629629629 0.011111111111111112
