0 0.6347853364755687 0.3835036011791126 0.004629629629629629 0.011111111111111112
0 0.21277496233919332 0.8027913277404143 0.004629629629629629 0.011111111111111112
0 0.173610222181125 0.8417033921555274 0.004629629629629629 0.011111111111111112
0 0.7822014154266302 0.23703859370515465 0.004629629629629629 0.011111111111111112
0 0.17523954735516087 0.8400845787568079 0.004629629629629629 0.011111111111111112
0 0.1765547945816993 0.8387778169962471 0.004629629629629629 0.011111111111111112
0 0.2934368738462494 0.7226498156624361 0.004629629629629629 0.011111111111111112
0 0.7015986651769271 0.3171213262113113 0.004629629629629629 0.011111111111111112
0 0.5032042245253009 0.5142358027297012 0.004629629629629629 0.011111111111111112
0 0.2589051115578715 0.7569587923876632 0.004629629629629629 0.011111111111111112
0 0.4379250268862345 0.579093844254967 0.004629629629629629 0.011111111111111112
0 0.619094079761562 0.39909362397883524 0.004629629629629629 0.011111111111111112
0 0.5396297153097251 0.4780453151116278 0.004629629629629629 0.011111111111111112
0 0.2758724446968213 0.7401009259141259 0.004629629629629629 0.011111111111111112
0 0.4743570664898296 0.5428968500681693 0.004629629629629629 0.011111111111111112
0 0.38487388079117496 0.6318027248913488 0.004629629629629629 0.011111111111111112
0 0.5104919049617874 0.5069951395863532 0.004629629629629629 0.011111111111111112
0 0.21525361786193736 0.8003286635436235 0.004629629629629629 0.011111111111111112
0 0.16022727272727275 0.855 0.004629629629629629 0.011111111111111112
0 0.8647727272727275 0.155 0.004629629629629629 0.011111111111111112
0 0.22152734693477844 0.7940954101422201 0.004629629629629629 0.011111111111111112
0 0.20358563946081853 0.8119213646647352 0.004629629629629629 0.011111111111111112
0 0.2159780417492875 0.7996089133587725 0.004629629629629629 0.011111111111111112
0 0.16758312804918987 0.847691601809192 0.004629629629629629 0.011111111111111112
0 0.1684589058632248 0.8468214741746025 0.004629629629629629 0.011111111111111112
0 0.16502900729970738 0.8502292443602908 0.004629629629629629 0.011111111111111112
0 0.28616482886346434 0.7298749442259774 0.004629629629629629 0.011111111111111112
0 0.2287485388475199 0.7869208065643997 0.004629629629629629 0.011111111111111112
0 0.45714364531179713 0.559999216916021 0.004629629629629629 0.011111111111111112
0 0.28601124642165743 0.730027535813321 0.004629629629629629 0.011111111111111112
