0 0.2277173970413542 0.7879452958427836 0.004629629629629629 0.011111111111111112
0 0.8337498045393499 0.18582277484477505 0.004629629629629629 0.011111111111111112
0 0.2376447643919255 0.7780819760235063 0.004629629629629629 0.011111111111111112
0 0.24314055270234572 0.7726216444118629 0.004629629629629629 0.011111111111111112
0 0.4456091798679758 0.5714592664537531 0.004629629629629629 0.011111111111111112
0 0.18715786072940205 0.8282431577269167 0.004629629629629629 0.011111111111111112
0 0.17037349164446677 0.844919240559691 0.004629629629629629 0.011111111111111112
0 0.2810030489266022 0.7350034223567953 0.004629629629629629 0.011111111111111112
0 0.16107031346436784 0.8541623982354023 0.004629629629629629 0.011111111111111112
0 0.2469127835413736 0.76887375054599 0.004629629629629629 0.011111111111111112
0 0.2399479138726951 0.775793685571645 0.004629629629629629 0.011111111111111112
0 0.5942755271118805 0.42375205693400264 0.004629629629629629 0.011111111111111112
0 0.42997757660416747 0.5869900206642465 0.004629629629629629 0.011111111111111112
0 0.1621750440386545 0.8530647949551433 0.004629629629629629 0.011111111111111112
0 0.38398693795046684 0.6326839455201814 0.004629629629629629 0.011111111111111112
0 0.23929795870207773 0.7764394474830969 0.004629629629629629 0.011111111111111112
0 0.8647727272727272 0.155 0.004629629629629629 0.011111111111111112
0 0.270008915587225 0.7459266258036604 0.004629629629629629 0.011111111111111112
0 0.20486725955176502 0.8106480130905045 0.004629629629629629 0.011111111111111112
0 0.304225567019056 0.7119307269617121 0.004629629629629629 0.011111111111111112
0 0.4767493642012094 0.5405199865355725 0.004629629629629629 0.011111111111111112
0 0.43918096632774334 0.5778460076485646 0.004629629629629629 0.011111111111111112
0 0.23484524079241942 0.780863438180435 0.004629629629629629 0.011111111111111112
0 0.41864862786963225 0.5982458794069461 0.004629629629629629 0.011111111111111112
0 0.5529141198150982 0.46484661644177344 0.004629629629629629 0.011111111111111112
0 0.16022727272727275 0.855 0.004629629629629629 0.011111111111111112
0 0.40413234587225666 0.6126685079720805 0.004629629629629629 0.011111111111111112
0 0.16839277580548304 0.8468871775868103 0.004629629629629629 0.011111111111111112
0 0.36838879726744805 0.6481814530375033 0.004629629629629629 0.011111111111111112
0 0.7655514771463714 0.25358111302876646 0.004629629629629629 0.011111111111111112
