0 0.8166666750823458 0.20279569056334684 0.004629629629629629 0.011111111111111112
0 0.30257224856357484 0.7135733788465128 0.004629629629629629 0.011111111111111112
0 0.3380750471431698 0.6782996305803346 0.004629629629629629 0.011111111111111112
0 0.6506596826057861 0.36773167018521896 0.004629629629629629 0.011111111111111112
0 0.2532097910608721 0.7626173688814561 0.004629629629629629 0.011111111111111112
0 0.634855074515774 0.383434313061747 0.004629629629629629 0.011111111111111112
0 0.39402894626685137 0.6227067243542251 0.004629629629629629 0.011111111111111112
0 0.16043078682591885 0.8547977988955386 0.004629629629629629 0.011111111111111112
0 0.5332131100310669 0.4844205229368755 0.004629629629629629 0.011111111111111112
0 0.2951040708114814 0.7209933748066573 0.004629629629629629 0.011111111111111112
0 0.5947466619711018 0.4232839616545182 0.004629629629629629 0.011111111111111112
0 0.5554855398003226 0.46229178626290535 0.004629629629629629 0.011111111111111112
0 0.16022727272727275 0.855 0.004629629629629629 0.011111111111111112
0 0.475727097087214 0.5415356583778648 0.004629629629629629 0.011111111111111112
0 0.8647727272727272 0.1550000000000001 0.004629629629629629 0.011111111111111112
0 0.2507508192680037 0.765060476340177 0.004629629629629629 0.011111111111111112
0 0.500813481039225 0.516611122064254 0.004629629629629629 0.011111111111111112
0 0.2697535203687422 0.7461803733110562 0.004629629629629629 0.011111111111111112
0 0.38415002184736574 0.632521913777456 0.004629629629629629 0.011111111111111112
0 0.32887672673961077 0.68743860698129 0.004629629629629629 0.011111111111111112
0 0.30011571315961577 0.7160140656349624 0.004629629629629629 0.011111111111111112
0 0.38806791054876627 0.6286293017773549 0.004629629629629629 0.011111111111111112
0 0.5638595268786792 0.4539718249076349 0.004629629629629629 0.011111111111111112
0 0.2680979826913644 0.7478252301001929 0.004629629629629629 0.011111111111111112
0 0.7158345872881094 0.3029772487589106 0.004629629629629629 0.011111111111111112
0 0.2260875115993647 0.7895646658948248 0.004629629629629629 0.011111111111111112
0 0.2066557748934744 0.8088710365574513 0.004629629629629629 0.011111111111111112
0 0.20678678523109353 0.8087408714478167 0.004629629629629629 0.011111111111111112
0 0.41018126830386925 0.6066586108464784 0.004629629629629629 0.011111111111111112
0 0.18819048925648324 0.827217191319365 0.004629629629629629 0.011111111111111112
