0 0.6984427675646714 0.3202568631938103 0.004629629629629629 0.011111111111111112
0 0.7936740926951898 0.22563993370929517 0.004629629629629629 0.011111111111111112
0 0.6946882773060012 0.32398713093468257 0.004629629629629629 0.011111111111111112
0 0.8556496120506264 0.1640642564142164 0.004629629629629629 0.011111111111111112
0 0.4673164539496126 0.5498920393016751 0.004629629629629629 0.011111111111111112
0 0.807472942744959 0.21193010849855692 0.004629629629629629 0.011111111111111112
0 0.31716584135107667 0.6990739382705431 0.004629629629629629 0.011111111111111112
0 0.7243798538394306 0.2944871129595334 0.004629629629629629 0.011111111111111112
0 0.37761953678338006 0.6390102666797385 0.004629629629629629 0.011111111111111112
0 0.598961552697865 0.4190962637711533 0.004629629629629629 0.011111111111111112
0 0.18867987154912214 0.82673096633184 0.004629629629629629 0.011111111111111112
0 0.8072999098219841 0.2121020250800931 0.004629629629629629 0.011111111111111112
0 0.6141924758996464 0.40396360459002845 0.004629629629629629 0.011111111111111112
0 0.5648113860320688 0.4530261067810412 0.004629629629629629 0.011111111111111112
0 0.8647727272727275 0.15499999999999967 0.004629629629629629 0.011111111111111112
0 0.7300611186042679 0.2888425015157594 0.004629629629629629 0.011111111111111112
0 0.8174828170020251 0.20198481407540736 0.004629629629629629 0.011111111111111112
0 0.6070253943822056 0.41108444687187295 0.004629629629629629 0.011111111111111112
0 0.5584942779450184 0.45930245933204616 0.004629629629629629 0.011111111111111112
0 0.3795079010901141 0.6371340853685316 0.004629629629629629 0.011111111111111112
0 0.7778896158013583 0.2413225752683278 0.004629629629629629 0.011111111111111112
0 0.8419056269450965 0.1777195706480976 0.004629629629629629 0.011111111111111112
0 0.7216328561841912 0.297216388049255 0.004629629629629629 0.011111111111111112
0 0.7318419919867144 0.2870731176390062 0.004629629629629629 0.011111111111111112
0 0.7135398356624131 0.30525719553540887 0.004629629629629629 0.011111111111111112
0 0.7035001378474823 0.31523212110637233 0.004629629629629629 0.011111111111111112
0 0.5939498685935343 0.4240756144296498 0.004629629629629629 0.011111111111111112
0 0.8497404172399604 0.16993532738739406 0.004629629629629629 0.011111111111111112
0 0.7190433168747451 0.299789220653479 0.004629629629629629 0.011111111111111112
0 0.16022727272727272 0.8549999999999999 0.004629629629629629 0.011111111111111112
