0 0.22674365401316676 0.7889127566578858 0.004629629629629629 0.011111111111111112
0 0.4573246148936745 0.5598194148798331 0.004629629629629629 0.011111111111111112
0 0.665927902086565 0.35256195534625145 0.004629629629629629 0.011111111111111112
0 0.6106042809087336 0.40752864993583876 0.004629629629629629 0.011111111111111112
0 0.33988191231037956 0.676504422607752 0.004629629629629629 0.011111111111111112
0 0.6896522554471853 0.3289906623298933 0.004629629629629629 0.011111111111111112
0 0.5428233913701241 0.4748722434129089 0.004629629629629629 0.011111111111111112
0 0.3264909037041493 0.6898090376100711 0.004629629629629629 0.011111111111111112
0 0.3338597980972037 0.6824876844711654 0.004629629629629629 0.011111111111111112
0 0.3048412621089948 0.71131900409816 0.004629629629629629 0.011111111111111112
0 0.6135292296219128 0.4046225718595189 0.004629629629629629 0.011111111111111112
0 0.40630436036904505 0.6105105064720455 0.004629629629629629 0.011111111111111112
0 0.2946426315479682 0.7214518370426638 0.004629629629629629 0.011111111111111112
0 0.45772702894313066 0.5594195970500508 0.004629629629629629 0.011111111111111112
0 0.18911440883502928 0.8262992325122935 0.004629629629629629 0.011111111111111112
0 0.37921349400810744 0.6374265930500094 0.004629629629629629 0.011111111111111112
0 0.5412909550266599 0.47639479307028626 0.004629629629629629 0.011111111111111112
0 0.39989178195000963 0.6168817134174098 0.004629629629629629 0.011111111111111112
0 0.6436242745702786 0.3747216884914651 0.004629629629629629 0.011111111111111112
0 0.3522730251843147 0.6641932523975196 0.004629629629629629 0.011111111111111112
0 0.8647727272727271 0.1550000000000001 0.004629629629629629 0.011111111111111112
0 0.1670360312206761 0.8482351689807476 0.004629629629629629 0.011111111111111112
0 0.5786511623058767 0.4392756193864193 0.004629629629629629 0.011111111111111112
0 0.6708020731430361 0.3477192305546611 0.004629629629629629 0.011111111111111112
0 0.2854414183910017 0.7305936875341015 0.004629629629629629 0.011111111111111112
0 0.6768650203081619 0.34169539917769726 0.004629629629629629 0.011111111111111112
0 0.28806582515375045 0.7279862124278867 0.004629629629629629 0.011111111111111112
0 0.4935427221735139 0.5238349728082506 0.004629629629629629 0.011111111111111112
0 0.16022727272727275 0.855 0.004629629629629629 0.011111111111111112
0 0.4453074551419499 0.5717590445686433 0.004629629629629629 0.011111111111111112
