0 0.283452245323635 0.7325700272268401 0.004629629629629629 0.011111111111111112
0 0.31027007859235994 0.7059252122372681 0.004629629629629629 0.011111111111111112
0 0.2604090365161259 0.7554645701710749 0.004629629629629629 0.011111111111111112
0 0.44554849381628353 0.5715195609825312 0.004629629629629629 0.011111111111111112
0 0.7513503865365363 0.2676905836991832 0.004629629629629629 0.011111111111111112
0 0.3393665510685423 0.6770164589383515 0.004629629629629629 0.011111111111111112
0 0.690006149768514 0.3286390511977344 0.004629629629629629 0.011111111111111112
0 0.25199841143638047 0.7638209331535316 0.004629629629629629 0.011111111111111112
0 0.2562702556733219 0.7595766492019899 0.004629629629629629 0.011111111111111112
0 0.2298791043899981 0.7857975349931632 0.004629629629629629 0.011111111111111112
0 0.29288679492407177 0.7231963456883416 0.004629629629629629 0.011111111111111112
0 0.24295506841124728 0.7728059320301156 0.004629629629629629 0.011111111111111112
0 0.2588546922360144 0.7570088864235727 0.004629629629629629 0.011111111111111112
0 0.2615348686929406 0.7543460014276591 0.004629629629629629 0.011111111111111112
0 0.1705929652055344 0.844701182957082 0.004629629629629629 0.011111111111111112
0 0.4370794225565205 0.5799339930728764 0.004629629629629629 0.011111111111111112
0 0.41146636591048824 0.60538180419216 0.004629629629629629 0.011111111111111112
0 0.21750118615663686 0.798095595689535 0.004629629629629629 0.011111111111111112
0 0.16022727272727275 0.855 0.004629629629629629 0.011111111111111112
0 0.3648376838099264 0.6517096560856215 0.004629629629629629 0.011111111111111112
0 0.26353943329618346 0.7523543694992758 0.004629629629629629 0.011111111111111112
0 0.20197210289720002 0.81352449131504 0.004629629629629629 0.011111111111111112
0 0.8647727272727272 0.1549999999999999 0.004629629629629629 0.011111111111111112
0 0.209570223467363 0.8059753908775877 0.004629629629629629 0.011111111111111112
0 0.3838931113571851 0.6327771667806033 0.004629629629629629 0.011111111111111112
0 0.21169591715116137 0.803863411346588 0.004629629629629629 0.011111111111111112
0 0.24590341357336992 0.7698766084496841 0.004629629629629629 0.011111111111111112
0 0.205103018282757 0.8104137753835834 0.004629629629629629 0.011111111111111112
0 0.4103831441150612 0.6064580374598746 0.004629629629629629 0.011111111111111112
0 0.3915598743690843 0.6251598667558776 0.004629629629629629 0.011111111111111112
