0 0.3915381186312448 0.6251814821341181 0.004629629629629629 0.011111111111111112
0 0.18635941785965585 0.829036449352342 0.004629629629629629 0.011111111111111112
0 0.20400355703535286 0.8115061433326172 0.004629629629629629 0.011111111111111112
0 0.27040588377551644 0.7455322187004547 0.004629629629629629 0.011111111111111112
0 0.19506857090234767 0.8203834843937965 0.004629629629629629 0.011111111111111112
0 0.3217008988988954 0.6945681391585169 0.004629629629629629 0.011111111111111112
0 0.26693362590491065 0.7489820749073791 0.004629629629629629 0.011111111111111112
0 0.30880509476979073 0.7073807445513047 0.004629629629629629 0.011111111111111112
0 0.17442475907485264 0.8408941103385335 0.004629629629629629 0.011111111111111112
0 0.37171389493642176 0.6448778076115552 0.004629629629629629 0.011111111111111112
0 0.38926047424793514 0.6274444320375354 0.004629629629629629 0.011111111111111112
0 0.3799713287767 0.6366736475379885 0.004629629629629629 0.011111111111111112
0 0.3038832052886017 0.7122708799068087 0.004629629629629629 0.011111111111111112
0 0.275534728030435 0.7404364637633098 0.004629629629629629 0.011111111111111112
0 0.16492348550617175 0.8503340853680617 0.004629629629629629 0.011111111111111112
0 0.2510662399755086 0.7647470906049786 0.004629629629629629 0.011111111111111112
0 0.16143122133977658 0.8538038187978993 0.004629629629629629 0.011111111111111112
0 0.23782227951941942 0.7779056061548993 0.004629629629629629 0.011111111111111112
0 0.1937927464253037 0.8216510777451822 0.004629629629629629 0.011111111111111112
0 0.1847162540483689 0.8306690121067819 0.004629629629629629 0.011111111111111112
0 0.4085224164170224 0.6083067604630874 0.004629629629629629 0.011111111111111112
0 0.8647727272727272 0.155 0.004629629629629629 0.011111111111111112
0 0.2958102527629183 0.7202917488678102 0.004629629629629629 0.011111111111111112
0 0.17075826185552961 0.8445369527370867 0.004629629629629629 0.011111111111111112
0 0.4097017490558002 0.6071350364219792 0.004629629629629629 0.011111111111111112
0 0.3102550278045873 0.7059401659231843 0.004629629629629629 0.011111111111111112
0 0.20622162973510533 0.8093023807793147 0.004629629629629629 0.011111111111111112
0 0.16719417247582982 0.8480780479917562 0.004629629629629629 0.011111111111111112
0 0.17775095218997927 0.8375893765338271 0.004629629629629629 0.011111111111111112
0 0.16022727272727275 0.855 0.004629629629629629 0.011111111111111112
