0 0.39841606369583027 0.6183479109086589 0.004629629629629629 0.011111111111111112
0 0.46402826582893936 0.5531590133054409 0.004629629629629629 0.011111111111111112
0 0.46008553168062727 0.5570763104592478 0.004629629629629629 0.011111111111111112
0 0.4510112601967379 0.5660920382561443 0.004629629629629629 0.011111111111111112
0 0.6235739875166361 0.3946426188544391 0.004629629629629629 0.011111111111111112
0 0.4693011737606714 0.5479201241345587 0.004629629629629629 0.011111111111111112
0 0.16022727272727272 0.855 0.004629629629629629 0.011111111111111112
0 0.681055738731101 0.33753171764780937 0.004629629629629629 0.011111111111111112
0 0.7557640786072868 0.26330536706114743 0.004629629629629629 0.011111111111111112
0 0.17944991320699458 0.8359013765556312 0.004629629629629629 0.011111111111111112
0 0.697270316918744 0.3214217496420222 0.004629629629629629 0.011111111111111112
0 0.2693186281826941 0.7466124597410652 0.004629629629629629 0.011111111111111112
0 0.4858822048683061 0.5314460674211668 0.004629629629629629 0.011111111111111112
0 0.558370752463236 0.45942518787523645 0.004629629629629629 0.011111111111111112
0 0.8647727272727271 0.1550000000000001 0.004629629629629629 0.011111111111111112
0 0.34734643335088633 0.6690880597675065 0.004629629629629629 0.011111111111111112
0 0.27681577274958546 0.739163683848799 0.004629629629629629 0.011111111111111112
0 0.5732209191600437 0.44467082870550495 0.004629629629629629 0.011111111111111112
0 0.3760387818097032 0.6405808232342304 0.004629629629629629 0.011111111111111112
0 0.2009400623672247 0.8145498735190155 0.004629629629629629 0.011111111111111112
0 0.3620330725452223 0.6544961730841017 0.004629629629629629 0.011111111111111112
0 0.3180239489110256 0.6982213668884003 0.004629629629629629 0.011111111111111112
0 0.5757516995478004 0.4421563759331532 0.004629629629629629 0.011111111111111112
0 0.5680627693977615 0.44979570008222414 0.004629629629629629 0.011111111111111112
0 0.3387105288965664 0.6776682487092179 0.004629629629629629 0.011111111111111112
0 0.3465609017445152 0.6698685234280302 0.004629629629629629 0.011111111111111112
0 0.22324105306326847 0.792392760182301 0.004629629629629629 0.011111111111111112
0 0.33834740518039713 0.6780290296917344 0.004629629629629629 0.011111111111111112
0 0.3306519014024036 0.6856748850582571 0.004629629629629629 0.011111111111111112
0 0.34098696441683435 0.6754064998697259 0.004629629629629629 0.011111111111111112
