0 0.24710899859943883 0.7686788013915253 0.004629629629629629 0.011111111111111112
0 0.6000026282600485 0.41806190482550026 0.004629629629629629 0.011111111111111112
0 0.1602272727272728 0.855 0.004629629629629629 0.011111111111111112
0 0.4518097245452975 0.5652987252904786 0.004629629629629629 0.011111111111111112
0 0.4050534685020286 0.6117533280689522 0.004629629629629629 0.011111111111111112
0 0.21825252155183336 0.7973491076194688 0.004629629629629629 0.011111111111111112
0 0.4949023839586214 0.52248408303466 0.004629629629629629 0.011111111111111112
0 0.7408362898557258 0.27813684749818207 0.004629629629629629 0.011111111111111112
0 0.1630503294406865 0.852195156555705 0.004629629629629629 0.011111111111111112
0 0.4156357188840808 0.6012393502700101 0.004629629629629629 0.011111111111111112
0 0.5018044899138022 0.5156265067953191 0.004629629629629629 0.011111111111111112
0 0.5440156381203435 0.47368768857720717 0.004629629629629629 0.011111111111111112
0 0.8490503311397346 0.17062096131923135 0.004629629629629629 0.011111111111111112
0 0.3791326110981479 0.6375069541347435 0.004629629629629629 0.011111111111111112
0 0.3768250384095427 0.6397996392576156 0.004629629629629629 0.011111111111111112
0 0.5034031121519537 0.5140381982490266 0.004629629629629629 0.011111111111111112
0 0.5953907063690642 0.42264407238170393 0.004629629629629629 0.011111111111111112
0 0.6056136826783334 0.41248705075830105 0.004629629629629629 0.011111111111111112
0 0.4539008447698338 0.5632210961641652 0.004629629629629629 0.011111111111111112
0 0.7319835539964763 0.2869324689325333 0.004629629629629629 0.011111111111111112
0 0.6167133538949717 0.4014589903237055 0.004629629629629629 0.011111111111111112
0 0.44510963576123125 0.5719555876952929 0.004629629629629629 0.011111111111111112
0 0.37028612595357413 0.6462963651816103 0.004629629629629629 0.011111111111111112
0 0.46477979947178016 0.5524123282667474 0.004629629629629629 0.011111111111111112
0 0.3218318527613849 0.6944380301596563 0.004629629629629629 0.011111111111111112
0 0.8647727272727272 0.155 0.004629629629629629 0.011111111111111112
0 0.6240063113617795 0.3942130841953932 0.004629629629629629 0.011111111111111112
0 0.6491622459181918 0.36921944599095774 0.004629629629629629 0.011111111111111112
0 0.41060292227232403 0.6062396772262071 0.004629629629629629 0.011111111111111112
0 0.552243514927764 0.4655128948459635 0.004629629629629629 0.011111111111111112
