0 0.23499156466117824 0.7807180583366359 0.004629629629629629 0.011111111111111112
0 0.591945906525845 0.42606664770980557 0.004629629629629629 0.011111111111111112
0 0.8268051726570901 0.19272260265037505 0.004629629629629629 0.011111111111111112
0 0.8411794810955853 0.17844103168567665 0.004629629629629629 0.011111111111111112
0 0.7389670586239667 0.27999401917360717 0.004629629629629629 0.011111111111111112
0 0.4999424059920061 0.5174765772724584 0.004629629629629629 0.011111111111111112
0 0.7315403410451573 0.2873728224454566 0.004629629629629629 0.011111111111111112
0 0.749528939475291 0.26950027948906574 0.004629629629629629 0.011111111111111112
0 0.8263478597141641 0.19317696518721744 0.004629629629629629 0.011111111111111112
0 0.6450846205510948 0.37327076409762194 0.004629629629629629 0.011111111111111112
0 0.5863909126284483 0.43158580293689636 0.004629629629629629 0.011111111111111112
0 0.1602272727272728 0.855 0.004629629629629629 0.011111111111111112
0 0.676270338182485 0.34228624464449864 0.004629629629629629 0.011111111111111112
0 0.7676477951263179 0.2514983196809486 0.004629629629629629 0.011111111111111112
0 0.7256311905964146 0.2932438493429171 0.004629629629629629 0.011111111111111112
0 0.7976521705062518 0.22168752091636917 0.004629629629629629 0.011111111111111112
0 0.8647727272727275 0.1549999999999999 0.004629629629629629 0.011111111111111112
0 0.7527398830913374 0.2663100516382841 0.004629629629629629 0.011111111111111112
0 0.6153536406867502 0.4028099311886482 0.004629629629629629 0.011111111111111112
0 0.556587864374833 0.46119657345984333 0.004629629629629629 0.011111111111111112
0 0.7731224912521169 0.24605894417531624 0.004629629629629629 0.011111111111111112
0 0.49682596021279296 0.5205729169498701 0.004629629629629629 0.011111111111111112
0 0.8256101680789472 0.19390989752156235 0.004629629629629629 0.011111111111111112
0 0.7857735828540171 0.23348947251923471 0.004629629629629629 0.011111111111111112
0 0.7741208953808182 0.2450669813635742 0.004629629629629629 0.011111111111111112
0 0.47529355025491865 0.5419664081338227 0.004629629629629629 0.011111111111111112
0 0.8078347341595379 0.2115706512221367 0.004629629629629629 0.011111111111111112
0 0.8345801395546275 0.18499779682959605 0.004629629629629629 0.011111111111111112
0 0.175460156246763 0.8398653931483774 0.004629629629629629 0.011111111111111112
0 0.6380657148815452 0.38024438650478726 0.004629629629629629 0.011111111111111112
