0 0.4460557107206721 0.5710156164452675 0.004629629629629629 0.011111111111111112
0 0.6805642892518651 0.3380199964852436 0.004629629629629629 0.011111111111111112
0 0.16022727272727275 0.855 0.004629629629629629 0.011111111111111112
0 0.47169301360482335 0.5455437155152077 0.004629629629629629 0.011111111111111112
0 0.16612924132291113 0.8491361086211078 0.004629629629629629 0.011111111111111112
0 0.2680782177530708 0.7478448675227555 0.004629629629629629 0.011111111111111112
0 0.5906365492759865 0.42736755749353583 0.004629629629629629 0.011111111111111112
0 0.28198728136940965 0.7340255398007156 0.004629629629629629 0.011111111111111112
0 0.3092388066615631 0.7069498308007696 0.004629629629629629 0.011111111111111112
0 0.3504576989173502 0.6659968668821166 0.004629629629629629 0.011111111111111112
0 0.40288488890583957 0.6139079168290368 0.004629629629629629 0.011111111111111112
0 0.2760243401217181 0.7399500104597123 0.004629629629629629 0.011111111111111112
0 0.8647727272727272 0.155 0.004629629629629629 0.011111111111111112
0 0.4337106853065473 0.58328099653414 0.004629629629629629 0.011111111111111112
0 0.3675952667960937 0.6489698639574294 0.004629629629629629 0.011111111111111112
0 0.35074526622160845 0.665711154850789 0.004629629629629629 0.011111111111111112
0 0.28611908992344454 0.7299203880760615 0.004629629629629629 0.011111111111111112
0 0.47004516399462754 0.5471809338375958 0.004629629629629629 0.011111111111111112
0 0.30487170371850303 0.7112887588861325 0.004629629629629629 0.011111111111111112
0 0.2627176016249908 0.7531708990306544 0.004629629629629629 0.011111111111111112
0 0.2722003747020678 0.7437493051347196 0.004629629629629629 0.011111111111111112
0 0.40156658199765605 0.615217718531361 0.004629629629629629 0.011111111111111112
0 0.32551308585394584 0.690780546958015 0.004629629629629629 0.011111111111111112
0 0.21954257691723636 0.7960673751919071 0.004629629629629629 0.011111111111111112
0 0.3926556823397946 0.6240711285140105 0.004629629629629629 0.011111111111111112
0 0.16851227936362154 0.8467684450193695 0.004629629629629629 0.011111111111111112
0 0.5494950744498626 0.4682436034498139 0.004629629629629629 0.011111111111111112
0 0.2638488188633777 0.752046979967999 0.004629629629629629 0.011111111111111112
0 0.2852707123359213 0.7307632922597944 0.004629629629629629 0.011111111111111112
0 0.2303189102053281 0.7853605666347063 0.004629629629629629 0.011111111111111112
