0 0.4828554235993653 0.5344533210690178 0.004629629629629629 0.011111111111111112
0 0.6715846997300284 0.34694165317145564 0.004629629629629629 0.011111111111111112
0 0.40327285704795185 0.6135224517071963 0.004629629629629629 0.011111111111111112
0 0.27098658288419164 0.7449552660376418 0.004629629629629629 0.011111111111111112
0 0.25160246216711596 0.7642143279113816 0.004629629629629629 0.011111111111111112
0 0.262763930034936 0.7531248695136765 0.004629629629629629 0.011111111111111112
0 0.16168633925565382 0.8535503468040602 0.004629629629629629 0.011111111111111112
0 0.36935280421181543 0.647223665492777 0.004629629629629629 0.011111111111111112
0 0.16022727272727275 0.855 0.004629629629629629 0.011111111111111112
0 0.8645582938723053 0.15521304995912896 0.004629629629629629 0.011111111111111112
0 0.6121879958863828 0.4059551524741745 0.004629629629629629 0.011111111111111112
0 0.6263831629485627 0.39185156713497654 0.004629629629629629 0.011111111111111112
0 0.37209083650253033 0.6445032979265183 0.004629629629629629 0.011111111111111112
0 0.20422448239616425 0.8112866432967143 0.004629629629629629 0.011111111111111112
0 0.5111915339276961 0.5063000243557084 0.004629629629629629 0.011111111111111112
0 0.39292015960666715 0.6238083575520855 0.004629629629629629 0.011111111111111112
0 0.8395738515764163 0.18003630230472198 0.004629629629629629 0.011111111111111112
0 0.7543530771959441 0.2647072652375781 0.004629629629629629 0.011111111111111112
0 0.19669305265403672 0.8187694831695378 0.004629629629629629 0.011111111111111112
0 0.5302625100405375 0.4873520867984338 0.004629629629629629 0.011111111111111112
0 0.648541901497549 0.36983578818953206 0.004629629629629629 0.011111111111111112
0 0.37871042150129686 0.6379264199277437 0.004629629629629629 0.011111111111111112
0 0.1760083407770917 0.839320745292438 0.004629629629629629 0.011111111111111112
0 0.6693503181104751 0.3491616194257217 0.004629629629629629 0.011111111111111112
0 0.8647727272727271 0.15500000000000022 0.004629629629629629 0.011111111111111112
0 0.5531480106107275 0.4646142346190192 0.004629629629629629 0.011111111111111112
0 0.6540125732248124 0.3644004111185735 0.004629629629629629 0.011111111111111112
0 0.6675326403418341 0.35096757024101644 0.004629629629629629 0.011111111111111112
0 0.3414553415906477 0.6749411444841308 0.004629629629629629 0.011111111111111112
0 0.6660124602251782 0.35247794274401645 0.004629629629629629 0.011111111111111112
