0 0.16022727272727272 0.855 0.004629629629629629 0.011111111111111112
0 0.5199233343476676 0.49762455813199474 0.004629629629629629 0.011111111111111112
0 0.27673978962353424 0.7392391767611336 0.004629629629629629 0.011111111111111112
0 0.2500408090249115 0.7657659058720235 0.004629629629629629 0.011111111111111112
0 0.8647727272727271 0.155 0.004629629629629629 0.011111111111111112
0 0.4051673172359001 0.6116402138430412 0.004629629629629629 0.011111111111111112
0 0.19348156851554252 0.8219602480555255 0.004629629629629629 0.011111111111111112
0 0.49637776822735685 0.52101821737411 0.004629629629629629 0.011111111111111112
0 0.31471383786045753 0.7015101223838035 0.004629629629629629 0.011111111111111112
0 0.2870067278574715 0.7290384768383831 0.004629629629629629 0.011111111111111112
0 0.2787290571873979 0.7372627431815532 0.004629629629629629 0.011111111111111112
0 0.22740860460886922 0.7882520960660268 0.004629629629629629 0.011111111111111112
0 0.42447893936667747 0.5924531828227849 0.004629629629629629 0.011111111111111112
0 0.6949057081974513 0.32377110282317745 0.004629629629629629 0.011111111111111112
0 0.18843578284202292 0.8269734802730869 0.004629629629629629 0.011111111111111112
0 0.3951235989994982 0.6216191338972727 0.004629629629629629 0.011111111111111112
0 0.23920221584930482 0.7765345726400456 0.004629629629629629 0.011111111111111112
0 0.1653579203022249 0.8499024533771443 0.004629629629629629 0.011111111111111112
0 0.3638761732195339 0.6526649633818824 0.004629629629629629 0.011111111111111112
0 0.2098260869512105 0.805721178125894 0.004629629629629629 0.011111111111111112
0 0.16603648104881694 0.8492282704418206 0.004629629629629629 0.011111111111111112
0 0.16994137452937885 0.8453485698224236 0.004629629629629629 0.011111111111111112
0 0.39311910395796595 0.6236106967127305 0.004629629629629629 0.011111111111111112
0 0.30929837342171557 0.7068906483422954 0.004629629629629629 0.011111111111111112
0 0.3017092681379089 0.7144307916565292 0.004629629629629629 0.011111111111111112
0 0.33135301921469834 0.6849782905866868 0.004629629629629629 0.011111111111111112
0 0.24825543200260664 0.7675397643328941 0.004629629629629629 0.011111111111111112
0 0.17976709088601653 0.8355862451842159 0.004629629629629629 0.011111111111111112
0 0.8624529386169539 0.15730482227734888 0.004629629629629629 0.011111111111111112
0 0.3070813535534316 0.7090933648565905 0.004629629629629629 0.011111111111111112
