0 0.8355763334663774 0.18400802997534094 0.004629629629629629 0.011111111111111112
0 0.16022727272727272 0.855 0.004629629629629629 0.011111111111111112
0 0.6859310132969766 0.33268789646622965 0.004629629629629629 0.011111111111111112
0 0.700642668505537 0.31807115516224055 0.004629629629629629 0.011111111111111112
0 0.5722563162444352 0.44562920837649667 0.004629629629629629 0.011111111111111112
0 0.6704238764559997 0.3480949872630713 0.004629629629629629 0.011111111111111112
0 0.8365796607743878 0.1830111757467372 0.004629629629629629 0.011111111111111112
0 0.8507937922872253 0.1688887483081761 0.004629629629629629 0.011111111111111112
0 0.25837328354504224 0.7574871892520225 0.004629629629629629 0.011111111111111112
0 0.6914209392577042 0.32723338938266794 0.004629629629629629 0.011111111111111112
0 0.8647727272727272 0.1549999999999999 0.004629629629629629 0.011111111111111112
0 0.803776469000274 0.215602734025534 0.004629629629629629 0.011111111111111112
0 0.8132986522650217 0.20614198420120408 0.004629629629629629 0.011111111111111112
0 0.6880146280839189 0.33061772435533204 0.004629629629629629 0.011111111111111112
0 0.8533045550098194 0.1663941840547601 0.004629629629629629 0.011111111111111112
0 0.8617876038733961 0.1579658645386902 0.004629629629629629 0.011111111111111112
0 0.8463709178070712 0.17328308811426463 0.004629629629629629 0.011111111111111112
0 0.4411966461440624 0.5758433322181572 0.004629629629629629 0.011111111111111112
0 0.6962913535012933 0.3223943971664569 0.004629629629629629 0.011111111111111112
0 0.6081415843813914 0.4099754580984885 0.004629629629629629 0.011111111111111112
0 0.7936060905470034 0.22570749713394492 0.004629629629629629 0.011111111111111112
0 0.6359149575270463 0.38238126800538613 0.004629629629629629 0.011111111111111112
0 0.7099734661286984 0.30880055623342206 0.004629629629629629 0.011111111111111112
0 0.7527854504792557 0.26626477823351363 0.004629629629629629 0.011111111111111112
0 0.8210794022265723 0.19841143262650224 0.004629629629629629 0.011111111111111112
0 0.7830052909838876 0.2362399044418147 0.004629629629629629 0.011111111111111112
0 0.8245985186902521 0.19491502014000742 0.004629629629629629 0.011111111111111112
0 0.4865648843769219 0.5307677922964775 0.004629629629629629 0.011111111111111112
0 0.8167031983613278 0.20275940291842257 0.004629629629629629 0.011111111111111112
0 0.4959581483020907 0.5214351300740518 0.004629629629629629 0.011111111111111112
