0 0.7853294867676985 0.23393070346951242 0.004629629629629629 0.011111111111111112
0 0.24135545121612778 0.7743952291142988 0.004629629629629629 0.011111111111111112
0 0.3733160062475876 0.6432860325023968 0.004629629629629629 0.011111111111111112
0 0.6025793856631596 0.4155017716636995 0.004629629629629629 0.011111111111111112
0 0.2875769930750334 0.7284718907512571 0.004629629629629629 0.011111111111111112
0 0.7426690352746775 0.27631592624322354 0.004629629629629629 0.011111111111111112
0 0.5125343150002092 0.5049659063868891 0.004629629629629629 0.011111111111111112
0 0.16022727272727272 0.8550000000000001 0.004629629629629629 0.011111111111111112
0 0.8594584358752589 0.160280005646517 0.004629629629629629 0.011111111111111112
0 0.6330429509302216 0.3852347455273927 0.004629629629629629 0.011111111111111112
0 0.8647727272727275 0.1549999999999999 0.004629629629629629 0.011111111111111112
0 0.8303966571079965 0.18915428906689374 0.004629629629629629 0.011111111111111112
0 0.806956887598799 0.21244283425667698 0.004629629629629629 0.011111111111111112
0 0.5434039081239962 0.47429547192841653 0.004629629629629629 0.011111111111111112
0 0.7176584976834837 0.30116510552737746 0.004629629629629629 0.011111111111111112
0 0.608884935278164 0.4092369030139531 0.004629629629629629 0.011111111111111112
0 0.5822329955283194 0.43571689476541164 0.004629629629629629 0.011111111111111112
0 0.5819356435373442 0.4360123283564452 0.004629629629629629 0.011111111111111112
0 0.6078557277802324 0.41025947046351086 0.004629629629629629 0.011111111111111112
0 0.3059493883955243 0.7102180270134789 0.004629629629629629 0.011111111111111112
0 0.726068198388525 0.29280966095591693 0.004629629629629629 0.011111111111111112
0 0.7050847929791797 0.3136576895561697 0.004629629629629629 0.011111111111111112
0 0.6027297758960853 0.4153523516903409 0.004629629629629629 0.011111111111111112
0 0.5366887546301378 0.48096730185134684 0.004629629629629629 0.011111111111111112
0 0.731670515510983 0.2872434878148941 0.004629629629629629 0.011111111111111112
0 0.7877285609670834 0.23154710716818808 0.004629629629629629 0.011111111111111112
0 0.6712769701954551 0.34724739735419313 0.004629629629629629 0.011111111111111112
0 0.7382830260910674 0.28067363859339106 0.004629629629629629 0.011111111111111112
0 0.8314691304035636 0.18808873495387854 0.004629629629629629 0.011111111111111112
0 0.5114939286567215 0.5059995805604186 0.004629629629629629 0.011111111111111112
