0 0.6673304038078126 0.35116850202320554 0.004629629629629629 0.011111111111111112
0 0.3956992464270709 0.6210472003240715 0.004629629629629629 0.011111111111111112
0 0.8647727272727271 0.1550000000000001 0.004629629629629629 0.011111111111111112
0 0.47866280262622374 0.5386188928745906 0.004629629629629629 0.011111111111111112
0 0.16022727272727272 0.855 0.004629629629629629 0.011111111111111112
0 0.45727225974937985 0.5598714322490032 0.004629629629629629 0.011111111111111112
0 0.4741300758168245 0.5431223762852196 0.004629629629629629 0.011111111111111112
0 0.508454410972799 0.509019488452832 0.004629629629629629 0.011111111111111112
0 0.6812494032115036 0.3373393026156673 0.004629629629629629 0.011111111111111112
0 0.5251108841640705 0.4924704763789235 0.004629629629629629 0.011111111111111112
0 0.5174423768339782 0.5000895094681764 0.004629629629629629 0.011111111111111112
0 0.7205076277918675 0.29833435690356375 0.004629629629629629 0.011111111111111112
0 0.38853186665443684 0.6281683389368822 0.004629629629629629 0.011111111111111112
0 0.3302926068990201 0.6860318615325866 0.004629629629629629 0.011111111111111112
0 0.4378418178610383 0.5791765164477426 0.004629629629629629 0.011111111111111112
0 0.6997764796813328 0.31893175567145 0.004629629629629629 0.011111111111111112
0 0.6366057947308646 0.38169488781578614 0.004629629629629629 0.011111111111111112
0 0.5148415231428073 0.502673583458114 0.004629629629629629 0.011111111111111112
0 0.45478785386766796 0.5623398097056718 0.004629629629629629 0.011111111111111112
0 0.44267872394091784 0.5743708162135396 0.004629629629629629 0.011111111111111112
0 0.42642095574164535 0.5905236955857202 0.004629629629629629 0.011111111111111112
0 0.371593652434935 0.6449972743549679 0.004629629629629629 0.011111111111111112
0 0.790094645025515 0.22919628816819795 0.004629629629629629 0.011111111111111112
0 0.6079748654145952 0.41014110145904725 0.004629629629629629 0.011111111111111112
0 0.5889997488422016 0.42899379792452225 0.004629629629629629 0.011111111111111112
0 0.571539578452474 0.446341322053671 0.004629629629629629 0.011111111111111112
0 0.6171292222001673 0.4010458050398338 0.004629629629629629 0.011111111111111112
0 0.7392746829504768 0.27968837952017134 0.004629629629629629 0.011111111111111112
0 0.45906884675675985 0.5580864361255417 0.004629629629629629 0.011111111111111112
0 0.25691736252295394 0.7589337172352587 0.004629629629629629 0.011111111111111112
