0 0.8647727272727271 0.155 0.004629629629629629 0.011111111111111112
0 0.17494344522726948 0.8403787705483903 0.004629629629629629 0.011111111111111112
0 0.2505883036694288 0.7652219434510191 0.004629629629629629 0.011111111111111112
0 0.7616331975567855 0.2574741133951936 0.004629629629629629 0.011111111111111112
0 0.21740483741850303 0.7981913228229066 0.004629629629629629 0.011111111111111112
0 0.18396551809459122 0.8314149046027933 0.004629629629629629 0.011111111111111112
0 0.32553809812780526 0.6907556960536645 0.004629629629629629 0.011111111111111112
0 0.16022727272727275 0.855 0.004629629629629629 0.011111111111111112
0 0.19011420006815063 0.8253058915451923 0.004629629629629629 0.011111111111111112
0 0.24093576063525765 0.7748122120140022 0.004629629629629629 0.011111111111111112
0 0.5288569113557163 0.488748617104643 0.004629629629629629 0.011111111111111112
0 0.23696865677232126 0.7787537216584679 0.004629629629629629 0.011111111111111112
0 0.2457283246837336 0.7700505677335808 0.004629629629629629 0.011111111111111112
0 0.18142584093401334 0.8339381967494319 0.004629629629629629 0.011111111111111112
0 0.3704650044138276 0.646118640775939 0.004629629629629629 0.011111111111111112
0 0.30234551750090294 0.7137986471281351 0.004629629629629629 0.011111111111111112
0 0.23339913167915352 0.7823002175574862 0.004629629629629629 0.011111111111111112
0 0.31436211185742385 0.7018595791868176 0.004629629629629629 0.011111111111111112
0 0.18190549805976897 0.8334616341857779 0.004629629629629629 0.011111111111111112
0 0.42522144711288606 0.5917154654491326 0.004629629629629629 0.011111111111111112
0 0.17811506470196625 0.8372276131348205 0.004629629629629629 0.011111111111111112
0 0.5447758355268139 0.47293239567013345 0.004629629629629629 0.011111111111111112
0 0.18425440176277594 0.8311278847002097 0.004629629629629629 0.011111111111111112
0 0.5509460641149267 0.4668019750083954 0.004629629629629629 0.011111111111111112
0 0.24480225214731532 0.7709706656084738 0.004629629629629629 0.011111111111111112
0 0.2304815602133698 0.7851989659815551 0.004629629629629629 0.011111111111111112
0 0.21365527258717398 0.8019166969133885 0.004629629629629629 0.011111111111111112
0 0.3400174092051637 0.6763697998864826 0.004629629629629629 0.011111111111111112
0 0.1934276995175457 0.8220137695115998 0.004629629629629629 0.011111111111111112
0 0.36089368356286644 0.6556282111697973 0.004629629629629629 0.011111111111111112
