0 0.25749782564228657 0.7583569990392767 0.004629629629629629 0.011111111111111112
0 0.16022727272727272 0.855 0.004629629629629629 0.011111111111111112
0 0.29236862569007843 0.7237111718950188 0.004629629629629629 0.011111111111111112
0 0.24177543726381245 0.7739779526540186 0.004629629629629629 0.011111111111111112
0 0.3521090951831826 0.6643561247857411 0.004629629629629629 0.011111111111111112
0 0.312825161042857 0.7033866141896776 0.004629629629629629 0.011111111111111112
0 0.31247837015225466 0.7037311677196953 0.004629629629629629 0.011111111111111112
0 0.17972516511439177 0.8356279004669914 0.004629629629629629 0.011111111111111112
0 0.6151280723173331 0.4030340442782625 0.004629629629629629 0.011111111111111112
0 0.27662479574507093 0.739353428743607 0.004629629629629629 0.011111111111111112
0 0.22268913466155946 0.7929411178201281 0.004629629629629629 0.011111111111111112
0 0.41545396396976747 0.6014199325719729 0.004629629629629629 0.011111111111111112
0 0.18078761529740664 0.8345723048012862 0.004629629629629629 0.011111111111111112
0 0.17992611511766063 0.8354282469153566 0.004629629629629629 0.011111111111111112
0 0.23189306015501268 0.7837965724911488 0.004629629629629629 0.011111111111111112
0 0.17931748071878761 0.8360329546406885 0.004629629629629629 0.011111111111111112
0 0.34627353827813656 0.6701540329365612 0.004629629629629629 0.011111111111111112
0 0.43972240700734216 0.5773080601346406 0.004629629629629629 0.011111111111111112
0 0.32292026802049767 0.6933566369344732 0.004629629629629629 0.011111111111111112
0 0.31383413920894576 0.7023841455601442 0.004629629629629629 0.011111111111111112
0 0.7404933337397639 0.27847759099404096 0.004629629629629629 0.011111111111111112
0 0.2488814957967835 0.7669177396599699 0.004629629629629629 0.011111111111111112
0 0.23901416355857777 0.7767214116901872 0.004629629629629629 0.011111111111111112
0 0.19001638125094003 0.8254030792732595 0.004629629629629629 0.011111111111111112
0 0.42113682304706335 0.5957737371016274 0.004629629629629629 0.011111111111111112
0 0.23615617771134434 0.7795609589190515 0.004629629629629629 0.011111111111111112
0 0.1818256687137867 0.8335409485037216 0.004629629629629629 0.011111111111111112
0 0.8647727272727271 0.155 0.004629629629629629 0.011111111111111112
0 0.238809224591695 0.7769250284701869 0.004629629629629629 0.011111111111111112
0 0.25499471510972865 0.7608439604716244 0.004629629629629629 0.011111111111111112
