0 0.3770104895104895 0.6396153846153848 0.004629629629629629 0.011111111111111112
0 0.3770104895104895 0.6396153846153848 0.004629629629629629 0.011111111111111112
0 0.32281468531468527 0.6934615384615386 0.004629629629629629 0.011111111111111112
0 0.32281468531468527 0.6934615384615386 0.004629629629629629 0.011111111111111112
0 0.5937937062937062 0.4242307692307693 0.004629629629629629 0.011111111111111112
0 0.3770104895104895 0.6396153846153848 0.004629629629629629 0.011111111111111112
0 0.2686188811188811 0.7473076923076923 0.004629629629629629 0.011111111111111112
0 0.3770104895104895 0.6396153846153848 0.004629629629629629 0.011111111111111112
0 0.16022727272727272 0.855 0.004629629629629629 0.011111111111111112
0 0.21442307692307688 0.8011538461538462 0.004629629629629629 0.011111111111111112
0 0.4854020979020979 0.5319230769230769 0.004629629629629629 0.011111111111111112
0 0.32281468531468527 0.6934615384615386 0.004629629629629629 0.011111111111111112
0 0.21442307692307688 0.8011538461538462 0.004629629629629629 0.011111111111111112
0 0.4312062937062937 0.5857692307692308 0.004629629629629629 0.011111111111111112
0 0.5937937062937062 0.4242307692307693 0.004629629629629629 0.011111111111111112
0 0.7563811188811188 0.2626923076923077 0.004629629629629629 0.011111111111111112
0 0.4854020979020979 0.5319230769230769 0.004629629629629629 0.011111111111111112
0 0.2686188811188811 0.7473076923076923 0.004629629629629629 0.011111111111111112
0 0.32281468531468527 0.6934615384615386 0.004629629629629629 0.011111111111111112
0 0.4854020979020979 0.5319230769230769 0.004629629629629629 0.011111111111111112
0 0.3770104895104895 0.6396153846153848 0.004629629629629629 0.011111111111111112
0 0.8647727272727271 0.155 0.004629629629629629 0.011111111111111112
0 0.32281468531468527 0.6934615384615386 0.004629629629629629 0.011111111111111112
0 0.2686188811188811 0.7473076923076923 0.004629629629629629 0.011111111111111112
0 0.5937937062937062 0.4242307692307693 0.004629629629629629 0.011111111111111112
0 0.4312062937062937 0.5857692307692308 0.004629629629629629 0.011111111111111112
0 0.4312062937062937 0.5857692307692308 0.004629629629629629 0.011111111111111112
0 0.4854020979020979 0.5319230769230769 0.004629629629629629 0.011111111111111112
0 0.2686188811188811 0.7473076923076923 0.004629629629629629 0.011111111111111112
0 0.4312062937062937 0.5857692307692308 0.004629629629629629 0.011111111111111112
