0 0.43897934857737425 0.578046324639254 0.004629629629629629 0.011111111111111112
0 0.684304187021007 0.33430422708880586 0.004629629629629629 0.011111111111111112
0 0.3194379543824849 0.6968164840328859 0.004629629629629629 0.011111111111111112
0 0.7941414481704165 0.22517559343068297 0.004629629629629629 0.011111111111111112
0 0.5772057978881614 0.4407116588724074 0.004629629629629629 0.011111111111111112
0 0.4331684069414437 0.5838197763291462 0.004629629629629629 0.011111111111111112
0 0.7832466957248562 0.23600005715078806 0.004629629629629629 0.011111111111111112
0 0.36620499649051097 0.6503511647771697 0.004629629629629629 0.011111111111111112
0 0.34700392593476226 0.6694283574583653 0.004629629629629629 0.011111111111111112
0 0.6038218107410067 0.4142673622315159 0.004629629629629629 0.011111111111111112
0 0.7263240849072184 0.2925554253179894 0.004629629629629629 0.011111111111111112
0 0.26137509276669674 0.7545047465414755 0.004629629629629629 0.011111111111111112
0 0.6576621165773471 0.3607744132070229 0.004629629629629629 0.011111111111111112
0 0.34924954031737554 0.6671972309104786 0.004629629629629629 0.011111111111111112
0 0.5360482698759184 0.48160365444586173 0.004629629629629629 0.011111111111111112
0 0.3139782675656499 0.7022409470638058 0.004629629629629629 0.011111111111111112
0 0.754932879690525 0.26413120340425256 0.004629629629629629 0.011111111111111112
0 0.3451612979716115 0.6712590974991731 0.004629629629629629 0.011111111111111112
0 0.16022727272727272 0.855 0.004629629629629629 0.011111111111111112
0 0.40894521407346074 0.6078866905334649 0.004629629629629629 0.011111111111111112
0 0.34732250702537537 0.6691118317296271 0.004629629629629629 0.011111111111111112
0 0.5937189005393532 0.42430509236735237 0.004629629629629629 0.011111111111111112
0 0.5856947189849034 0.43227750500854756 0.004629629629629629 0.011111111111111112
0 0.5482544221137021 0.4694762515773541 0.004629629629629629 0.011111111111111112
0 0.18204373161506898 0.8333242924598669 0.004629629629629629 0.011111111111111112
0 0.8647727272727271 0.155 0.004629629629629629 0.011111111111111112
0 0.7053097040736522 0.3134342295010165 0.004629629629629629 0.011111111111111112
0 0.5996634878405382 0.41839885724230397 0.004629629629629629 0.011111111111111112
0 0.7039749855432343 0.3147603369441414 0.004629629629629629 0.011111111111111112
0 0.6662094990567337 0.3522821751307291 0.004629629629629629 0.011111111111111112
