0 0.5794507640325225 0.4384811763805906 0.004629629629629629 0.011111111111111112
0 0.6778022846830074 0.3407641816697862 0.004629629629629629 0.011111111111111112
0 0.16022727272727275 0.855 0.004629629629629629 0.011111111111111112
0 0.5152049594516755 0.5023124918996256 0.004629629629629629 0.011111111111111112
0 0.26191588783668207 0.7539674404719418 0.004629629629629629 0.011111111111111112
0 0.8647727272727272 0.155 0.004629629629629629 0.011111111111111112
0 0.3994413782624481 0.617329211274729 0.004629629629629629 0.011111111111111112
0 0.40673694952772893 0.6100807082111597 0.004629629629629629 0.011111111111111112
0 0.2057278640945964 0.8097929608350461 0.004629629629629629 0.011111111111111112
0 0.5806328839195827 0.43730668307344683 0.004629629629629629 0.011111111111111112
0 0.22314374824166008 0.7924894372308667 0.004629629629629629 0.011111111111111112
0 0.2456892637267392 0.770089376684401 0.004629629629629629 0.011111111111111112
0 0.22871497733532872 0.7869541515507058 0.004629629629629629 0.011111111111111112
0 0.6095912467062153 0.4085351484338246 0.004629629629629629 0.011111111111111112
0 0.6640403326000889 0.3544373469650732 0.004629629629629629 0.011111111111111112
0 0.7574059404121068 0.2616740979131325 0.004629629629629629 0.011111111111111112
0 0.538788680954523 0.478880923438732 0.004629629629629629 0.011111111111111112
0 0.4323116820236489 0.5846709739894069 0.004629629629629629 0.011111111111111112
0 0.3760957901043042 0.6405241827350784 0.004629629629629629 0.011111111111111112
0 0.770887427359403 0.24827958830098032 0.004629629629629629 0.011111111111111112
0 0.5945306508180775 0.42349857918720035 0.004629629629629629 0.011111111111111112
0 0.46856001173709416 0.5486565044676613 0.004629629629629629 0.011111111111111112
0 0.37496282872708975 0.6416498346840529 0.004629629629629629 0.011111111111111112
0 0.31352052770431416 0.7026957337647459 0.004629629629629629 0.011111111111111112
0 0.43060611484541017 0.5863655375084312 0.004629629629629629 0.011111111111111112
0 0.8221932109831485 0.19730480973287196 0.004629629629629629 0.011111111111111112
0 0.1972867133253948 0.8181796525670271 0.004629629629629629 0.011111111111111112
0 0.43752627835220503 0.5794900202178092 0.004629629629629629 0.011111111111111112
0 0.27411643463048874 0.7418456068832563 0.004629629629629629 0.011111111111111112
0 0.2477765965443415 0.7680155105301382 0.004629629629629629 0.011111111111111112
