0 0.6224234564411748 0.39578572714876825 0.004629629629629629 0.011111111111111112
0 0.20617818774939395 0.8093455424941506 0.004629629629629629 0.011111111111111112
0 0.5144809446186075 0.5030318356692544 0.004629629629629629 0.011111111111111112
0 0.28983995756497827 0.7262235260322151 0.004629629629629629 0.011111111111111112
0 0.28956856006611115 0.7264931725794767 0.004629629629629629 0.011111111111111112
0 0.45601995187809924 0.5611156607146627 0.004629629629629629 0.011111111111111112
0 0.22282244061320408 0.7928086719068811 0.004629629629629629 0.011111111111111112
0 0.2373077414027734 0.778416824670793 0.004629629629629629 0.011111111111111112
0 0.560213827745735 0.4575940034010116 0.004629629629629629 0.011111111111111112
0 0.17068316461565658 0.844611565478638 0.004629629629629629 0.011111111111111112
0 0.7804921145785645 0.2387368668058134 0.004629629629629629 0.011111111111111112
0 0.5623702498924742 0.4554514936552191 0.004629629629629629 0.011111111111111112
0 0.2636694543274132 0.7522251873134088 0.004629629629629629 0.011111111111111112
0 0.43416715109279 0.5828274756884537 0.004629629629629629 0.011111111111111112
0 0.8647727272727272 0.155 0.004629629629629629 0.011111111111111112
0 0.42791183071531774 0.589042439160265 0.004629629629629629 0.011111111111111112
0 0.5504745307042619 0.4672704662680237 0.004629629629629629 0.011111111111111112
0 0.17689078163409833 0.8384439976022506 0.004629629629629629 0.011111111111111112
0 0.17064502748375665 0.8446494565645256 0.004629629629629629 0.011111111111111112
0 0.17424015828683403 0.8410775201537262 0.004629629629629629 0.011111111111111112
0 0.36999319491793076 0.6465874063396043 0.004629629629629629 0.011111111111111112
0 0.22103320639277263 0.7945863626807291 0.004629629629629629 0.011111111111111112
0 0.16022727272727275 0.855 0.004629629629629629 0.011111111111111112
0 0.3364578148234014 0.6799064291432012 0.004629629629629629 0.011111111111111112
0 0.16644524739197028 0.8488221413008812 0.004629629629629629 0.011111111111111112
0 0.20045869306811118 0.8150281372097475 0.004629629629629629 0.011111111111111112
0 0.2350764893585586 0.7806336815405289 0.004629629629629629 0.011111111111111112
0 0.22060538663898882 0.7950114223070691 0.004629629629629629 0.011111111111111112
0 0.4851182259682495 0.5322051174250939 0.004629629629629629 0.011111111111111112
0 0.6316445707714281 0.3866241038787101 0.004629629629629629 0.011111111111111112
