0 0.2958496625975409 0.7202525932901851 0.004629629629629629 0.011111111111111112
0 0.16022727272727275 0.855 0.004629629629629629 0.011111111111111112
0 0.6761962428734393 0.3423598619192926 0.004629629629629629 0.011111111111111112
0 0.5814596064327172 0.43648529425394555 0.004629629629629629 0.011111111111111112
0 0.4807394081248109 0.5365556848308332 0.004629629629629629 0.011111111111111112
0 0.3785416878275364 0.6380940649971574 0.004629629629629629 0.011111111111111112
0 0.39449953822415534 0.6222391684740651 0.004629629629629629 0.011111111111111112
0 0.687431026640409 0.33119756062823874 0.004629629629629629 0.011111111111111112
0 0.8647727272727272 0.155 0.004629629629629629 0.011111111111111112
0 0.25638910864757347 0.7594585630211206 0.004629629629629629 0.011111111111111112
0 0.43141361583246424 0.5855632462051644 0.004629629629629629 0.011111111111111112
0 0.44153259441738346 0.5755095513530513 0.004629629629629629 0.011111111111111112
0 0.3297239275603255 0.6865968719723218 0.004629629629629629 0.011111111111111112
0 0.29336085024451203 0.7227253487893236 0.004629629629629629 0.011111111111111112
0 0.5066972614340748 0.5107653015429192 0.004629629629629629 0.011111111111111112
0 0.38610655308224684 0.6305780053247354 0.004629629629629629 0.011111111111111112
0 0.21532415308606598 0.8002585833854571 0.004629629629629629 0.011111111111111112
0 0.21364158845327136 0.8019302927625562 0.004629629629629629 0.011111111111111112
0 0.37806793745191036 0.6385647589187472 0.004629629629629629 0.011111111111111112
0 0.2163374031761385 0.7992518703927399 0.004629629629629629 0.011111111111111112
0 0.6960251795047766 0.32265885391138327 0.004629629629629629 0.011111111111111112
0 0.5500228903647844 0.4677191927988595 0.004629629629629629 0.011111111111111112
0 0.378544697200121 0.6380910750398798 0.004629629629629629 0.011111111111111112
0 0.33507675290827127 0.6812785809814595 0.004629629629629629 0.011111111111111112
0 0.20924175080352742 0.8063017443629469 0.004629629629629629 0.011111111111111112
0 0.7170913626169165 0.3017285816580313 0.004629629629629629 0.011111111111111112
0 0.5672826836863023 0.4505707529826416 0.004629629629629629 0.011111111111111112
0 0.7285912981543816 0.29030283925306605 0.004629629629629629 0.011111111111111112
0 0.31030634153265235 0.7058891832514294 0.004629629629629629 0.011111111111111112
0 0.23183257438022864 0.7838566680351277 0.004629629629629629 0.011111111111111112
