0 0.29406754016693004 0.7220232181567275 0.004629629629629629 0.011111111111111112
0 0.43061956571211235 0.5863521734215141 0.004629629629629629 0.011111111111111112
0 0.6748236888080066 0.34372356079720645 0.004629629629629629 0.011111111111111112
0 0.23546737411698396 0.7802453186192547 0.004629629629629629 0.011111111111111112
0 0.2178303751807196 0.7977685304656077 0.004629629629629629 0.011111111111111112
0 0.22761641703152766 0.7880456243686759 0.004629629629629629 0.011111111111111112
0 0.5447097667403238 0.4729980382063881 0.004629629629629629 0.011111111111111112
0 0.8647727272727272 0.155 0.004629629629629629 0.011111111111111112
0 0.5191825322600465 0.4983605808513087 0.004629629629629629 0.011111111111111112
0 0.3160469400221586 0.7001856208812102 0.004629629629629629 0.011111111111111112
0 0.24380138297870804 0.7719650775566385 0.004629629629629629 0.011111111111111112
0 0.27052639734176853 0.7454124826410816 0.004629629629629629 0.011111111111111112
0 0.16022727272727272 0.855 0.004629629629629629 0.011111111111111112
0 0.8583527152390216 0.16137859260123003 0.004629629629629629 0.011111111111111112
0 0.43100725109210286 0.5859669892375236 0.004629629629629629 0.011111111111111112
0 0.5644085606295415 0.453426333310004 0.004629629629629629 0.011111111111111112
0 0.25613901691260377 0.7597070412610261 0.004629629629629629 0.011111111111111112
0 0.41315050946395504 0.6037085260809738 0.004629629629629629 0.011111111111111112
0 0.5682918467982373 0.4495681006004611 0.004629629629629629 0.011111111111111112
0 0.8002407675293102 0.21911562451926614 0.004629629629629629 0.011111111111111112
0 0.7470583244352986 0.27195495507718714 0.004629629629629629 0.011111111111111112
0 0.2021083617866486 0.8133891115152008 0.004629629629629629 0.011111111111111112
0 0.22832111127399288 0.7873454765406781 0.004629629629629629 0.011111111111111112
0 0.8031654327521914 0.21620982810427428 0.004629629629629629 0.011111111111111112
0 0.6453285623532171 0.37302839611357785 0.004629629629629629 0.011111111111111112
0 0.780829856657964 0.2384013037075713 0.004629629629629629 0.011111111111111112
0 0.6002014498541499 0.4178643659513608 0.004629629629629629 0.011111111111111112
0 0.2846711261251515 0.7313590101724301 0.004629629629629629 0.011111111111111112
0 0.6867398055074351 0.3318843222700322 0.004629629629629629 0.011111111111111112
0 0.2622982827180764 0.7535875126542982 0.004629629629629629 0.011111111111111112
