0 0.1709995891880742 0.8442971823550747 0.004629629629629629 0.011111111111111112
0 0.2520212962160514 0.7637981960176005 0.004629629629629629 0.011111111111111112
0 0.7896265495789937 0.2296613636440967 0.004629629629629629 0.011111111111111112
0 0.705804525257106 0.31294260071229485 0.004629629629629629 0.011111111111111112
0 0.2356532167905982 0.7800606749306315 0.004629629629629629 0.011111111111111112
0 0.6181214354865331 0.4000599931295092 0.004629629629629629 0.011111111111111112
0 0.25167293230309745 0.7641443124214388 0.004629629629629629 0.011111111111111112
0 0.24923657597398446 0.766564950322622 0.004629629629629629 0.011111111111111112
0 0.627577946700327 0.3906644916654816 0.004629629629629629 0.011111111111111112
0 0.5542732467498369 0.463496258067904 0.004629629629629629 0.011111111111111112
0 0.654436802045319 0.3639789192581993 0.004629629629629629 0.011111111111111112
0 0.2550359909171407 0.760802950959744 0.004629629629629629 0.011111111111111112
0 0.16510742834207542 0.8501513292601316 0.004629629629629629 0.011111111111111112
0 0.3786141803886381 0.6380220401299983 0.004629629629629629 0.011111111111111112
0 0.6833366916245357 0.3352654805794937 0.004629629629629629 0.011111111111111112
0 0.6465012828121335 0.3718632415931062 0.004629629629629629 0.011111111111111112
0 0.4231151404709366 0.5938081830159726 0.004629629629629629 0.011111111111111112
0 0.6201233706472934 0.3980709736794635 0.004629629629629629 0.011111111111111112
0 0.8647727272727272 0.155 0.004629629629629629 0.011111111111111112
0 0.5574314292171163 0.46035845097138134 0.004629629629629629 0.011111111111111112
0 0.420558067656035 0.5963487585869073 0.004629629629629629 0.011111111111111112
0 0.16022727272727275 0.855 0.004629629629629629 0.011111111111111112
0 0.8584230020893661 0.16130875921443635 0.004629629629629629 0.011111111111111112
0 0.7421504553537104 0.2768311604872814 0.004629629629629629 0.011111111111111112
0 0.4437150454396455 0.5733411806599652 0.004629629629629629 0.011111111111111112
0 0.6133379345552514 0.4048126327644599 0.004629629629629629 0.011111111111111112
0 0.41413614407096616 0.602729250406911 0.004629629629629629 0.011111111111111112
0 0.31523926145740366 0.7009880886165152 0.004629629629629629 0.011111111111111112
0 0.34696560120929665 0.6694664349275375 0.004629629629629629 0.011111111111111112
0 0.844473399220499 0.17516836464543986 0.004629629629629629 0.011111111111111112
