0 0.47749697265348157 0.5397772013636377 0.004629629629629629 0.011111111111111112
0 0.4911442862527139 0.5262179349489166 0.004629629629629629 0.011111111111111112
0 0.5005634209287071 0.5168595688837362 0.004629629629629629 0.011111111111111112
0 0.5008752105945838 0.5165497907640909 0.004629629629629629 0.011111111111111112
0 0.758357188617811 0.2607289867926265 0.004629629629629629 0.011111111111111112
0 0.5098577608686855 0.5076251924272416 0.004629629629629629 0.011111111111111112
0 0.5825824552263876 0.4353696896460408 0.004629629629629629 0.011111111111111112
0 0.16022727272727272 0.855 0.004629629629629629 0.011111111111111112
0 0.8647727272727275 0.1549999999999999 0.004629629629629629 0.011111111111111112
0 0.592162171174633 0.4258517783168163 0.004629629629629629 0.011111111111111112
0 0.5717596148700234 0.44612270522591235 0.004629629629629629 0.011111111111111112
0 0.4052172555862742 0.6115905976755728 0.004629629629629629 0.011111111111111112
0 0.47226562871770333 0.5449747946933786 0.004629629629629629 0.011111111111111112
0 0.3090996667836523 0.7070880730020488 0.004629629629629629 0.011111111111111112
0 0.6025387182251882 0.4155421767311033 0.004629629629629629 0.011111111111111112
0 0.5966220763989724 0.4214206466745694 0.004629629629629629 0.011111111111111112
0 0.7207889306018918 0.29805486895037847 0.004629629629629629 0.011111111111111112
0 0.627584349283172 0.39065813038962266 0.004629629629629629 0.011111111111111112
0 0.7097683154220266 0.30900438338714786 0.004629629629629629 0.011111111111111112
0 0.5244534023844191 0.49312371634064167 0.004629629629629629 0.011111111111111112
0 0.5641071456371326 0.45372580368955856 0.004629629629629629 0.011111111111111112
0 0.4889177684206482 0.5284300881498076 0.004629629629629629 0.011111111111111112
0 0.49541661004043797 0.5219731745404681 0.004629629629629629 0.011111111111111112
0 0.5467433736461433 0.47097755134512215 0.004629629629629629 0.011111111111111112
0 0.43462500362982837 0.5823725770387511 0.004629629629629629 0.011111111111111112
0 0.4926995750372182 0.5246726802856027 0.004629629629629629 0.011111111111111112
0 0.48082834116994283 0.5364673255472826 0.004629629629629629 0.011111111111111112
0 0.34555021641655853 0.6708726882054837 0.004629629629629629 0.011111111111111112
0 0.5925955302169137 0.4254212151393244 0.004629629629629629 0.011111111111111112
0 0.4385961033463582 0.5784270973203924 0.004629629629629629 0.011111111111111112
