0 0.5853274073326101 0.43264244690824544 0.004629629629629629 0.011111111111111112
0 0.8081462057991612 0.2112611890769624 0.004629629629629629 0.011111111111111112
0 0.7725935410634189 0.24658448178215145 0.004629629629629629 0.011111111111111112
0 0.5692863559561628 0.44858000763065115 0.004629629629629629 0.011111111111111112
0 0.5662431929156776 0.4516035373611977 0.004629629629629629 0.011111111111111112
0 0.4958002265911168 0.5215920329352776 0.004629629629629629 0.011111111111111112
0 0.3502752695295422 0.6661781193061322 0.004629629629629629 0.011111111111111112
0 0.5614731857090209 0.4563427703278115 0.004629629629629629 0.011111111111111112
0 0.33443618354295257 0.6819150176411956 0.004629629629629629 0.011111111111111112
0 0.44976643730353044 0.5673288300339118 0.004629629629629629 0.011111111111111112
0 0.6658785715813661 0.3526109675901266 0.004629629629629629 0.011111111111111112
0 0.5954372287967322 0.4225978500987305 0.004629629629629629 0.011111111111111112
0 0.7182377473667246 0.3005895929388671 0.004629629629629629 0.011111111111111112
0 0.7312507255891669 0.2876605694146341 0.004629629629629629 0.011111111111111112
0 0.3794092629357895 0.6372320871476672 0.004629629629629629 0.011111111111111112
0 0.5810475654395353 0.4368946769181391 0.004629629629629629 0.011111111111111112
0 0.412620653158409 0.6042349639587421 0.004629629629629629 0.011111111111111112
0 0.3018963498506477 0.7142449169225823 0.004629629629629629 0.011111111111111112
0 0.45372612536534557 0.563394688346689 0.004629629629629629 0.011111111111111112
0 0.5127547777193091 0.5047468660079122 0.004629629629629629 0.011111111111111112
0 0.41617826788725604 0.6007003015829844 0.004629629629629629 0.011111111111111112
0 0.5465179352480624 0.4712015353019251 0.004629629629629629 0.011111111111111112
0 0.16022727272727275 0.855 0.004629629629629629 0.011111111111111112
0 0.44560421295826935 0.5714642013188808 0.004629629629629629 0.011111111111111112
0 0.3475041682822759 0.6689313424808356 0.004629629629629629 0.011111111111111112
0 0.2036403484784685 0.8118670086084894 0.004629629629629629 0.011111111111111112
0 0.8647727272727272 0.155 0.004629629629629629 0.011111111111111112
0 0.4271090988598156 0.5898399921005703 0.004629629629629629 0.011111111111111112
0 0.6074679233356308 0.41064477294395396 0.004629629629629629 0.011111111111111112
0 0.4683236782478813 0.5488913132246857 0.004629629629629629 0.011111111111111112
