0 0.20167934295157586 0.8138153624868214 0.004629629629629629 0.011111111111111112
0 0.16397844440613107 0.8512730294287473 0.004629629629629629 0.011111111111111112
0 0.3359887739947827 0.6803724439019578 0.004629629629629629 0.011111111111111112
0 0.25517305409351887 0.7606667720619232 0.004629629629629629 0.011111111111111112
0 0.4040924109816197 0.6127081852182619 0.004629629629629629 0.011111111111111112
0 0.16022727272727275 0.855 0.004629629629629629 0.011111111111111112
0 0.8647727272727272 0.1550000000000001 0.004629629629629629 0.011111111111111112
0 0.26252535180440145 0.7533619085298205 0.004629629629629629 0.011111111111111112
0 0.5826407620542325 0.43531175899127855 0.004629629629629629 0.011111111111111112
0 0.37779668612947587 0.6388342602326498 0.004629629629629629 0.011111111111111112
0 0.24149862746426715 0.7742529765838895 0.004629629629629629 0.011111111111111112
0 0.20606639026090603 0.8094566187085191 0.004629629629629629 0.011111111111111112
0 0.3802170306828696 0.636429530805407 0.004629629629629629 0.011111111111111112
0 0.3880478700896121 0.6286492129432242 0.004629629629629629 0.011111111111111112
0 0.33075404492090815 0.6855734005301944 0.004629629629629629 0.011111111111111112
0 0.3393935124909516 0.676989671460603 0.004629629629629629 0.011111111111111112
0 0.39704668571265994 0.6197084541951637 0.004629629629629629 0.011111111111111112
0 0.3328125842735989 0.6835281420765534 0.004629629629629629 0.011111111111111112
0 0.4503159810771546 0.5667828317039885 0.004629629629629629 0.011111111111111112
0 0.19696835426211992 0.8184959577008615 0.004629629629629629 0.011111111111111112
0 0.1748162449278563 0.8405051502007106 0.004629629629629629 0.011111111111111112
0 0.2890554942686698 0.727002928274999 0.004629629629629629 0.011111111111111112
0 0.19808922596687495 0.8173823174264597 0.004629629629629629 0.011111111111111112
0 0.2084757419573769 0.8070628112165417 0.004629629629629629 0.011111111111111112
0 0.16696445985955646 0.8483062785911504 0.004629629629629629 0.011111111111111112
0 0.2214228821803865 0.7941992009304547 0.004629629629629629 0.011111111111111112
0 0.4615476500548603 0.5556236251067841 0.004629629629629629 0.011111111111111112
0 0.38822233556892616 0.6284758730476476 0.004629629629629629 0.011111111111111112
0 0.19784525272015757 0.8176247166522305 0.004629629629629629 0.011111111111111112
0 0.16084838718216615 0.8543828927351381 0.004629629629629629 0.011111111111111112
