0 0.343744382919821 0.6726668711635327 0.004629629629629629 0.011111111111111112
0 0.5908828291902218 0.42712286648197323 0.004629629629629629 0.011111111111111112
0 0.16022727272727275 0.855 0.004629629629629629 0.011111111111111112
0 0.2050590820405825 0.810457428166131 0.004629629629629629 0.011111111111111112
0 0.32353708935214076 0.6927437950952924 0.004629629629629629 0.011111111111111112
0 0.2263954838252055 0.7892586805865701 0.004629629629629629 0.011111111111111112
0 0.3497954473983431 0.6666548458106785 0.004629629629629629 0.011111111111111112
0 0.31532346420558627 0.7009044291118691 0.004629629629629629 0.011111111111111112
0 0.44364812961571326 0.5734076647689043 0.004629629629629629 0.011111111111111112
0 0.32300431024877196 0.6932731369141234 0.004629629629629629 0.011111111111111112
0 0.3499322223575993 0.6665189532705144 0.004629629629629629 0.011111111111111112
0 0.5888737300661729 0.42911900367618955 0.004629629629629629 0.011111111111111112
0 0.3494233261192492 0.6670245663073266 0.004629629629629629 0.011111111111111112
0 0.2764606565687255 0.7395165089575244 0.004629629629629629 0.011111111111111112
0 0.22215399704472077 0.7934728029362129 0.004629629629629629 0.011111111111111112
0 0.29850755802570705 0.7176118455744588 0.004629629629629629 0.011111111111111112
0 0.4267211344962731 0.590225453468219 0.004629629629629629 0.011111111111111112
0 0.8647727272727275 0.1549999999999999 0.004629629629629629 0.011111111111111112
0 0.37404819947343265 0.6425585631038153 0.004629629629629629 0.011111111111111112
0 0.3929000504758518 0.6238283369465731 0.004629629629629629 0.011111111111111112
0 0.4782454167150496 0.5390335859734345 0.004629629629629629 0.011111111111111112
0 0.5758469495245399 0.44206174047239266 0.004629629629629629 0.011111111111111112
0 0.28609042758986414 0.7299488654913608 0.004629629629629629 0.011111111111111112
0 0.5844819393197184 0.4334824602887961 0.004629629629629629 0.011111111111111112
0 0.3806113221934936 0.6360377831109805 0.004629629629629629 0.011111111111111112
0 0.705776801144632 0.31297014595952705 0.004629629629629629 0.011111111111111112
0 0.42534385582405954 0.5915938464715795 0.004629629629629629 0.011111111111111112
0 0.40668509807820474 0.610132225135203 0.004629629629629629 0.011111111111111112
0 0.4505157815581933 0.5665843202583112 0.004629629629629629 0.011111111111111112
0 0.23027791129280245 0.7854013010381189 0.004629629629629629 0.011111111111111112
