0 0.18052668708772873 0.8348315496031599 0.004629629629629629 0.011111111111111112
0 0.3261001316370989 0.6901972885670115 0.004629629629629629 0.011111111111111112
0 0.21251980973250867 0.8030448342012494 0.004629629629629629 0.011111111111111112
0 0.8278078003633731 0.19172644350993903 0.004629629629629629 0.011111111111111112
0 0.5295357658636414 0.4880741423032209 0.004629629629629629 0.011111111111111112
0 0.307992595517761 0.7081880018726762 0.004629629629629629 0.011111111111111112
0 0.19738175842242817 0.8180852206641682 0.004629629629629629 0.011111111111111112
0 0.40368581792520036 0.6131121550936719 0.004629629629629629 0.011111111111111112
0 0.5840286902828699 0.43393278513831 0.004629629629629629 0.011111111111111112
0 0.3545961262090432 0.6618851391213377 0.004629629629629629 0.011111111111111112
0 0.19730846466809124 0.8181580415555738 0.004629629629629629 0.011111111111111112
0 0.16022727272727272 0.855 0.004629629629629629 0.011111111111111112
0 0.36536218947134125 0.6511885343316997 0.004629629629629629 0.011111111111111112
0 0.8647727272727271 0.1550000000000001 0.004629629629629629 0.011111111111111112
0 0.5980309811368334 0.42002083164469467 0.004629629629629629 0.011111111111111112
0 0.16200594333190885 0.8532328046895873 0.004629629629629629 0.011111111111111112
0 0.665181140770218 0.3533038988476544 0.004629629629629629 0.011111111111111112
0 0.4809285040146429 0.5363678089144838 0.004629629629629629 0.011111111111111112
0 0.16397664189678116 0.8512748203090046 0.004629629629629629 0.011111111111111112
0 0.20318229984257394 0.8123221020918943 0.004629629629629629 0.011111111111111112
0 0.46558600939926936 0.5516113196936292 0.004629629629629629 0.011111111111111112
0 0.23796194396064455 0.7777668427745854 0.004629629629629629 0.011111111111111112
0 0.2609739342809067 0.7549033169080024 0.004629629629629629 0.011111111111111112
0 0.16758225485817654 0.8476924693667149 0.004629629629629629 0.011111111111111112
0 0.5087372529318003 0.508738471280663 0.004629629629629629 0.011111111111111112
0 0.3629836355932395 0.6535517427009104 0.004629629629629629 0.011111111111111112
0 0.2289493388907532 0.7867213020053161 0.004629629629629629 0.011111111111111112
0 0.41021357344546294 0.6066265141251529 0.004629629629629629 0.011111111111111112
0 0.26185360063254387 0.75402932582315 0.004629629629629629 0.011111111111111112
0 0.21132814623678897 0.8042288095453839 0.004629629629629629 0.011111111111111112
