0 0.7080746408438133 0.31068713103259826 0.004629629629629629 0.011111111111111112
0 0.621462171329727 0.3967408104207874 0.004629629629629629 0.011111111111111112
0 0.31124718636177817 0.704954408388943 0.004629629629629629 0.011111111111111112
0 0.4329960922459511 0.583990979316926 0.004629629629629629 0.011111111111111112
0 0.25893056711921564 0.756933501055747 0.004629629629629629 0.011111111111111112
0 0.1949922503856722 0.8204593125200419 0.004629629629629629 0.011111111111111112
0 0.20475881518777006 0.8107557578134414 0.004629629629629629 0.011111111111111112
0 0.23095012415610153 0.7847334250320024 0.004629629629629629 0.011111111111111112
0 0.5020115383844501 0.515420794121256 0.004629629629629629 0.011111111111111112
0 0.44953656996928554 0.5675572143530969 0.004629629629629629 0.011111111111111112
0 0.24680140496111952 0.7689844105547586 0.004629629629629629 0.011111111111111112
0 0.27545601806866804 0.7405146659188717 0.004629629629629629 0.011111111111111112
0 0.3411551557161521 0.675239393675565 0.004629629629629629 0.011111111111111112
0 0.19993953094131664 0.815543949903466 0.004629629629629629 0.011111111111111112
0 0.3167925197186462 0.6994448513763128 0.004629629629629629 0.011111111111111112
0 0.2875796179824402 0.7284692827787369 0.004629629629629629 0.011111111111111112
0 0.19219880463676106 0.8232347360383149 0.004629629629629629 0.011111111111111112
0 0.18810543695464305 0.8273016948966773 0.004629629629629629 0.011111111111111112
0 0.527500684830157 0.49009609378165053 0.004629629629629629 0.011111111111111112
0 0.16811189469718324 0.8471662465589277 0.004629629629629629 0.011111111111111112
0 0.16022727272727275 0.855 0.004629629629629629 0.011111111111111112
0 0.3453624517427201 0.6710592414943297 0.004629629629629629 0.011111111111111112
0 0.4000964760197357 0.6166783399545852 0.004629629629629629 0.011111111111111112
0 0.1795647744410913 0.8357872563617544 0.004629629629629629 0.011111111111111112
0 0.19203566654410056 0.8233968216271517 0.004629629629629629 0.011111111111111112
0 0.25862920229417125 0.7572329215915977 0.004629629629629629 0.011111111111111112
0 0.31032629100357295 0.7058693624867726 0.004629629629629629 0.011111111111111112
0 0.1963615791008973 0.8190988181836246 0.004629629629629629 0.011111111111111112
0 0.8647727272727271 0.155 0.004629629629629629 0.011111111111111112
0 0.5696436900133559 0.4482249789544723 0.004629629629629629 0.011111111111111112
