0 0.5175415321289539 0.49999099388478124 0.004629629629629629 0.011111111111111112
0 0.6677556552399674 0.35074599414867746 0.004629629629629629 0.011111111111111112
0 0.7691669746819151 0.2499889412837747 0.004629629629629629 0.011111111111111112
0 0.513604325193765 0.5039027994849044 0.004629629629629629 0.011111111111111112
0 0.38498544878118446 0.6316918766948231 0.004629629629629629 0.011111111111111112
0 0.7526892501358954 0.26636035792949747 0.004629629629629629 0.011111111111111112
0 0.8543746467378683 0.1653309961443115 0.004629629629629629 0.011111111111111112
0 0.6624211403460519 0.35604609281747096 0.004629629629629629 0.011111111111111112
0 0.7566575844693675 0.2624176257530155 0.004629629629629629 0.011111111111111112
0 0.2456498277574885 0.7701285582280436 0.004629629629629629 0.011111111111111112
0 0.5175775510357157 0.49995520735806315 0.004629629629629629 0.011111111111111112
0 0.6293226740080021 0.3889310206630172 0.004629629629629629 0.011111111111111112
0 0.57052356566372 0.44735077992120725 0.004629629629629629 0.011111111111111112
0 0.3070827786032903 0.7090919490006019 0.004629629629629629 0.011111111111111112
0 0.35545131969155097 0.6610354630161365 0.004629629629629629 0.011111111111111112
0 0.5730761078694435 0.4448147057297141 0.004629629629629629 0.011111111111111112
0 0.8647727272727272 0.1549999999999999 0.004629629629629629 0.011111111111111112
0 0.16022727272727272 0.855 0.004629629629629629 0.011111111111111112
0 0.7128831478311309 0.30590964667100534 0.004629629629629629 0.011111111111111112
0 0.49881038638310504 0.5186012935290439 0.004629629629629629 0.011111111111111112
0 0.768458175264107 0.2506931678021129 0.004629629629629629 0.011111111111111112
0 0.5713836289530487 0.4464962654272934 0.004629629629629629 0.011111111111111112
0 0.7010642433453921 0.3176523001600621 0.004629629629629629 0.011111111111111112
0 0.5182275117824957 0.4993094399064236 0.004629629629629629 0.011111111111111112
0 0.5931603425452103 0.4248600467615329 0.004629629629629629 0.011111111111111112
0 0.6361120892727185 0.38218540807742807 0.004629629629629629 0.011111111111111112
0 0.6896949682527064 0.3289482250908594 0.004629629629629629 0.011111111111111112
0 0.35312938113750275 0.6633424213214489 0.004629629629629629 0.011111111111111112
0 0.8437258242826463 0.1759111165191771 0.004629629629629629 0.011111111111111112
0 0.41533422015880883 0.6015389038422158 0.004629629629629629 0.011111111111111112
