0 0.18323715650561 0.8321385670847488 0.004629629629629629 0.011111111111111112
0 0.2829899563087871 0.7330293337319148 0.004629629629629629 0.011111111111111112
0 0.3016699061944174 0.7144698996519981 0.004629629629629629 0.011111111111111112
0 0.6959343581649255 0.3227490893071063 0.004629629629629629 0.011111111111111112
0 0.7811633588369137 0.23806995315558255 0.004629629629629629 0.011111111111111112
0 0.37408266392862977 0.6425243209999422 0.004629629629629629 0.011111111111111112
0 0.17827042390347755 0.8370732562507385 0.004629629629629629 0.011111111111111112
0 0.19154079891999362 0.8238884965569095 0.004629629629629629 0.011111111111111112
0 0.2379771644533473 0.7777517204786097 0.004629629629629629 0.011111111111111112
0 0.164477642078042 0.8507770523869777 0.004629629629629629 0.011111111111111112
0 0.2203572196679119 0.7952579882009133 0.004629629629629629 0.011111111111111112
0 0.16022727272727275 0.855 0.004629629629629629 0.011111111111111112
0 0.20784986471043715 0.8076846505457592 0.004629629629629629 0.011111111111111112
0 0.20111595051805295 0.8143751201304507 0.004629629629629629 0.011111111111111112
0 0.8647727272727272 0.155 0.004629629629629629 0.011111111111111112
0 0.2309874955863996 0.7846962947077062 0.004629629629629629 0.011111111111111112
0 0.7033713227966238 0.31536010509238677 0.004629629629629629 0.011111111111111112
0 0.6588738623953194 0.35957048510400524 0.004629629629629629 0.011111111111111112
0 0.2325330187762853 0.7831607426351747 0.004629629629629629 0.011111111111111112
0 0.22824819474232338 0.787417922643111 0.004629629629629629 0.011111111111111112
0 0.24310233587002528 0.7726596146839749 0.004629629629629629 0.011111111111111112
0 0.23479711123696181 0.7809112572226315 0.004629629629629629 0.011111111111111112
0 0.32252325460488096 0.6937510889732151 0.004629629629629629 0.011111111111111112
0 0.34889081163398555 0.667553645215266 0.004629629629629629 0.011111111111111112
0 0.3701408318866276 0.6464407218674796 0.004629629629629629 0.011111111111111112
0 0.6262806168864595 0.3919534516095822 0.004629629629629629 0.011111111111111112
0 0.30213132476452453 0.7140114579758917 0.004629629629629629 0.011111111111111112
0 0.3523883727974836 0.6640786489625002 0.004629629629629629 0.011111111111111112
0 0.2508571216038588 0.7649548598258435 0.004629629629629629 0.011111111111111112
0 0.25983039582975725 0.7560394776917251 0.004629629629629629 0.011111111111111112
