0 0.4027940494160589 0.6139981702575931 0.004629629629629629 0.011111111111111112
0 0.5378377036179446 0.47982576543765504 0.004629629629629629 0.011111111111111112
0 0.36177447761072545 0.6547530996641825 0.004629629629629629 0.011111111111111112
0 0.2957279425937591 0.72037352800362 0.004629629629629629 0.011111111111111112
0 0.16022727272727272 0.855 0.004629629629629629 0.011111111111111112
0 0.8647727272727275 0.1549999999999999 0.004629629629629629 0.011111111111111112
0 0.5552378614832676 0.46253786665533425 0.004629629629629629 0.011111111111111112
0 0.48405055791522594 0.5332658972971305 0.004629629629629629 0.011111111111111112
0 0.2847945107635532 0.7312364215639536 0.004629629629629629 0.011111111111111112
0 0.5679277183157632 0.44992987986691924 0.004629629629629629 0.011111111111111112
0 0.8008886461149691 0.21847192579545002 0.004629629629629629 0.011111111111111112
0 0.19662761604707632 0.8188344976048403 0.004629629629629629 0.011111111111111112
0 0.320412353256905 0.695848371602817 0.004629629629629629 0.011111111111111112
0 0.17334944368407912 0.8419624882106568 0.004629629629629629 0.011111111111111112
0 0.29813290972286444 0.7179840767914766 0.004629629629629629 0.011111111111111112
0 0.6818567648527047 0.3367358594366675 0.004629629629629629 0.011111111111111112
0 0.1649228360186411 0.8503347306653503 0.004629629629629629 0.011111111111111112
0 0.3294293451263553 0.6868895538744598 0.004629629629629629 0.011111111111111112
0 0.8351681305781893 0.18441359929650866 0.004629629629629629 0.011111111111111112
0 0.8021857631917539 0.21718317721593486 0.004629629629629629 0.011111111111111112
0 0.4019661048485515 0.6148207732472456 0.004629629629629629 0.011111111111111112
0 0.8060002384107258 0.21339331151450472 0.004629629629629629 0.011111111111111112
0 0.6023671243400824 0.41571266355888586 0.004629629629629629 0.011111111111111112
0 0.45174197870292443 0.565366034062901 0.004629629629629629 0.011111111111111112
0 0.3834971876609924 0.6331705361303689 0.004629629629629629 0.011111111111111112
0 0.2938538114141721 0.7222355680143064 0.004629629629629629 0.011111111111111112
0 0.4534151142249597 0.5637036929635885 0.004629629629629629 0.011111111111111112
0 0.4972377963874504 0.5201637377827912 0.004629629629629629 0.011111111111111112
0 0.4689010996329008 0.5483176171389246 0.004629629629629629 0.011111111111111112
0 0.393069809634935 0.6236596730078711 0.004629629629629629 0.011111111111111112
