0 0.5855479843793919 0.43242329293918474 0.004629629629629629 0.011111111111111112
0 0.16424456845909224 0.85100862230516 0.004629629629629629 0.011111111111111112
0 0.21431175783222609 0.801264447057014 0.004629629629629629 0.011111111111111112
0 0.18974982711253077 0.82566791370755 0.004629629629629629 0.011111111111111112
0 0.39421978434385274 0.6225171174906238 0.004629629629629629 0.011111111111111112
0 0.30466489104925093 0.711494237280099 0.004629629629629629 0.011111111111111112
0 0.34080498297821277 0.67558730723455 0.004629629629629629 0.011111111111111112
0 0.1739113639113227 0.841404193275202 0.004629629629629629 0.011111111111111112
0 0.5598782735988663 0.45792739268241667 0.004629629629629629 0.011111111111111112
0 0.1920288635070186 0.8234035807736718 0.004629629629629629 0.011111111111111112
0 0.45190088006072765 0.565208157875148 0.004629629629629629 0.011111111111111112
0 0.8647727272727272 0.155 0.004629629629629629 0.011111111111111112
0 0.22861658291303655 0.7870519111702733 0.004629629629629629 0.011111111111111112
0 0.3612508472903181 0.6552733517244582 0.004629629629629629 0.011111111111111112
0 0.3229736739184168 0.6933035755907342 0.004629629629629629 0.011111111111111112
0 0.25619756905908225 0.7596488668703312 0.004629629629629629 0.011111111111111112
0 0.18381968874333318 0.8315597931195271 0.004629629629629629 0.011111111111111112
0 0.2585260402112982 0.7573354181126456 0.004629629629629629 0.011111111111111112
0 0.18360386201036297 0.8317742274219619 0.004629629629629629 0.011111111111111112
0 0.36848010733434466 0.6480907320678124 0.004629629629629629 0.011111111111111112
0 0.16022727272727275 0.855 0.004629629629629629 0.011111111111111112
0 0.20279176964461537 0.8127101127401886 0.004629629629629629 0.011111111111111112
0 0.5288435754856274 0.4887618669368604 0.004629629629629629 0.011111111111111112
0 0.1795359428335659 0.8358159019589088 0.004629629629629629 0.011111111111111112
0 0.28529157960632107 0.7307425596169456 0.004629629629629629 0.011111111111111112
0 0.24492125456217825 0.7708524309511262 0.004629629629629629 0.011111111111111112
0 0.3878428253917742 0.6288529347720437 0.004629629629629629 0.011111111111111112
0 0.1836162454985937 0.8317619238272036 0.004629629629629629 0.011111111111111112
0 0.34905160445569555 0.6673938897665993 0.004629629629629629 0.011111111111111112
0 0.3545691331305743 0.6619119580509133 0.004629629629629629 0.011111111111111112
