0 0.3805860328708993 0.6360629092766549 0.004629629629629629 0.011111111111111112
0 0.48760660662037586 0.5297327908416912 0.004629629629629629 0.011111111111111112
0 0.21381393903976753 0.8017590541153278 0.004629629629629629 0.011111111111111112
0 0.44305065316839526 0.5740012865294654 0.004629629629629629 0.011111111111111112
0 0.49984830826684845 0.5175700679155184 0.004629629629629629 0.011111111111111112
0 0.8647727272727272 0.155 0.004629629629629629 0.011111111111111112
0 0.37138186609382984 0.645207694332582 0.004629629629629629 0.011111111111111112
0 0.5884526659200223 0.42953735127946174 0.004629629629629629 0.011111111111111112
0 0.3659160038431202 0.6506382929558677 0.004629629629629629 0.011111111111111112
0 0.35643871300842167 0.6600544399787295 0.004629629629629629 0.011111111111111112
0 0.43011429205955587 0.5868541872440541 0.004629629629629629 0.011111111111111112
0 0.4913785944346046 0.5259851384327155 0.004629629629629629 0.011111111111111112
0 0.4948162577529875 0.5225696535873544 0.004629629629629629 0.011111111111111112
0 0.5595391750616573 0.45826430348712766 0.004629629629629629 0.011111111111111112
0 0.4097703991509125 0.6070668292307063 0.004629629629629629 0.011111111111111112
0 0.35953786892175266 0.6569752786196781 0.004629629629629629 0.011111111111111112
0 0.2168502624336922 0.7987423199045898 0.004629629629629629 0.011111111111111112
0 0.16022727272727275 0.855 0.004629629629629629 0.011111111111111112
0 0.4329805304732592 0.5840064406910844 0.004629629629629629 0.011111111111111112
0 0.3445292797273073 0.6718870382064173 0.004629629629629629 0.011111111111111112
0 0.5000848424829165 0.5173350597266508 0.004629629629629629 0.011111111111111112
0 0.525466446980782 0.49211720751586824 0.004629629629629629 0.011111111111111112
0 0.4161539514085428 0.6007244611811898 0.004629629629629629 0.011111111111111112
0 0.23288663356656897 0.7828094092306347 0.004629629629629629 0.011111111111111112
0 0.26414601483113576 0.7517517013935813 0.004629629629629629 0.011111111111111112
0 0.4157738119354212 0.6011021481415816 0.004629629629629629 0.011111111111111112
0 0.3435556183143044 0.6728544179328847 0.004629629629629629 0.011111111111111112
0 0.49988280151196124 0.5175357972074708 0.004629629629629629 0.011111111111111112
0 0.37733539398094823 0.6392925763027998 0.004629629629629629 0.011111111111111112
0 0.7441857177377194 0.27480902882833064 0.004629629629629629 0.011111111111111112
