0 0.31010677277693266 0.7060874644667895 0.004629629629629629 0.011111111111111112
0 0.22178806459900433 0.7938363745274408 0.004629629629629629 0.011111111111111112
0 0.18916560700795268 0.8262483646501632 0.004629629629629629 0.011111111111111112
0 0.6132486481935865 0.40490134308508186 0.004629629629629629 0.011111111111111112
0 0.49211551764282757 0.5252529695677715 0.004629629629629629 0.011111111111111112
0 0.41781456785931387 0.5990745583849398 0.004629629629629629 0.011111111111111112
0 0.1618421058703351 0.8533955851352799 0.004629629629629629 0.011111111111111112
0 0.325921757583322 0.6903745118204414 0.004629629629629629 0.011111111111111112
0 0.25693230144602514 0.7589188746923363 0.004629629629629629 0.011111111111111112
0 0.6300745027965599 0.3881840423827729 0.004629629629629629 0.011111111111111112
0 0.23525199775301633 0.7804593054582935 0.004629629629629629 0.011111111111111112
0 0.23828128014275488 0.777449566825908 0.004629629629629629 0.011111111111111112
0 0.17008192160917823 0.8452089294979778 0.004629629629629629 0.011111111111111112
0 0.4323424705558255 0.5846403840929218 0.004629629629629629 0.011111111111111112
0 0.8647727272727272 0.155 0.004629629629629629 0.011111111111111112
0 0.2755242703473831 0.7404468539774388 0.004629629629629629 0.011111111111111112
0 0.4438946023004737 0.5731627822304971 0.004629629629629629 0.011111111111111112
0 0.22601749244143074 0.7896342333162559 0.004629629629629629 0.011111111111111112
0 0.17745879950755258 0.8378796443602381 0.004629629629629629 0.011111111111111112
0 0.7547988526860103 0.26426436571841544 0.004629629629629629 0.011111111111111112
0 0.17827519529123634 0.8370685156461265 0.004629629629629629 0.011111111111111112
0 0.42323232900383084 0.5936917505381293 0.004629629629629629 0.011111111111111112
0 0.2879459828197447 0.7281052815855439 0.004629629629629629 0.011111111111111112
0 0.27788886949995106 0.7380975103032745 0.004629629629629629 0.011111111111111112
0 0.16022727272727275 0.855 0.004629629629629629 0.011111111111111112
0 0.4358200260952854 0.581185264395652 0.004629629629629629 0.011111111111111112
0 0.5978716086357291 0.4201791759361145 0.004629629629629629 0.011111111111111112
0 0.6370611559847345 0.38124246437645753 0.004629629629629629 0.011111111111111112
0 0.18525682772938504 0.8301319259979013 0.004629629629629629 0.011111111111111112
0 0.32924931357710274 0.6870684239298464 0.004629629629629629 0.011111111111111112
