0 0.24276999034322513 0.772989816046086 0.004629629629629629 0.011111111111111112
0 0.2216462833399306 0.7939772410687141 0.004629629629629629 0.011111111111111112
0 0.16022727272727272 0.855 0.004629629629629629 0.011111111111111112
0 0.4509192572465116 0.5661834476389497 0.004629629629629629 0.011111111111111112
0 0.18017368926494667 0.8351822700206336 0.004629629629629629 0.011111111111111112
0 0.29624759953838947 0.7198572236844388 0.004629629629629629 0.011111111111111112
0 0.1964707468686117 0.818990354724089 0.004629629629629629 0.011111111111111112
0 0.27916212117259276 0.7368324731575531 0.004629629629629629 0.011111111111111112
0 0.2810879725091309 0.7349190466683474 0.004629629629629629 0.011111111111111112
0 0.2965029064340731 0.7196035639300177 0.004629629629629629 0.011111111111111112
0 0.29193324197914666 0.7241437466787833 0.004629629629629629 0.011111111111111112
0 0.4661205393169312 0.5510802383560813 0.004629629629629629 0.011111111111111112
0 0.8647727272727271 0.155 0.004629629629629629 0.011111111111111112
0 0.16756868463786703 0.847705952037216 0.004629629629629629 0.011111111111111112
0 0.1609702326571447 0.8542618333599982 0.004629629629629629 0.011111111111111112
0 0.48602772836184255 0.531301482788879 0.004629629629629629 0.011111111111111112
0 0.18851008723687154 0.8268996552614308 0.004629629629629629 0.011111111111111112
0 0.16597482635033728 0.849289527368052 0.004629629629629629 0.011111111111111112
0 0.18784466119353202 0.827560788233523 0.004629629629629629 0.011111111111111112
0 0.4261304900357512 0.5908122873193181 0.004629629629629629 0.011111111111111112
0 0.2459715943017378 0.7698088675969831 0.004629629629629629 0.011111111111111112
0 0.6206010214882346 0.3975964044568508 0.004629629629629629 0.011111111111111112
0 0.16471120674049028 0.8505449945933193 0.004629629629629629 0.011111111111111112
0 0.16974425263355908 0.8455444199640768 0.004629629629629629 0.011111111111111112
0 0.49614244896264365 0.5212520184500186 0.004629629629629629 0.011111111111111112
0 0.6111687194815765 0.40696785290217563 0.004629629629629629 0.011111111111111112
0 0.2080466108168232 0.8074891737690918 0.004629629629629629 0.011111111111111112
0 0.3685129932401884 0.6480580583291032 0.004629629629629629 0.011111111111111112
0 0.24824823905890034 0.767546910870512 0.004629629629629629 0.011111111111111112
0 0.1981322245120644 0.8173395962912393 0.004629629629629629 0.011111111111111112
