0 0.22345544324627592 0.7921797531617646 0.004629629629629629 0.011111111111111112
0 0.21253286945237596 0.8030318587376394 0.004629629629629629 0.011111111111111112
0 0.4092469972668481 0.6075868543284219 0.004629629629629629 0.011111111111111112
0 0.52024281676306 0.49730713689347583 0.004629629629629629 0.011111111111111112
0 0.21902676169016733 0.7965798625788014 0.004629629629629629 0.011111111111111112
0 0.3844098413222188 0.6322637705572793 0.004629629629629629 0.011111111111111112
0 0.17082775061634134 0.8444679122908608 0.004629629629629629 0.011111111111111112
0 0.7788077654636388 0.24041034915225554 0.004629629629629629 0.011111111111111112
0 0.4163080439785496 0.6005713627567959 0.004629629629629629 0.011111111111111112
0 0.2436219515644683 0.7721433513488508 0.004629629629629629 0.011111111111111112
0 0.2711934551193031 0.7447497284621117 0.004629629629629629 0.011111111111111112
0 0.2759356541774878 0.7400381242365606 0.004629629629629629 0.011111111111111112
0 0.7176333491111114 0.3011900918508957 0.004629629629629629 0.011111111111111112
0 0.5840757547334589 0.4338860243293377 0.004629629629629629 0.011111111111111112
0 0.5571408924158386 0.46064711334168285 0.004629629629629629 0.011111111111111112
0 0.3386561371520279 0.6777222895392755 0.004629629629629629 0.011111111111111112
0 0.25598160744956233 0.7598634351791446 0.004629629629629629 0.011111111111111112
0 0.3276921023145073 0.688615588668167 0.004629629629629629 0.011111111111111112
0 0.2310364400193645 0.7846476660452766 0.004629629629629629 0.011111111111111112
0 0.33386442883624295 0.6824830836078619 0.004629629629629629 0.011111111111111112
0 0.44130238420930673 0.575738276333979 0.004629629629629629 0.011111111111111112
0 0.5470978694376373 0.47062534262325073 0.004629629629629629 0.011111111111111112
0 0.17169770601825748 0.8436035695044409 0.004629629629629629 0.011111111111111112
0 0.2752332924723638 0.7407359545758451 0.004629629629629629 0.011111111111111112
0 0.300289650216599 0.7158412507525405 0.004629629629629629 0.011111111111111112
0 0.16022727272727275 0.855 0.004629629629629629 0.011111111111111112
0 0.2339952071642905 0.7817079877206404 0.004629629629629629 0.011111111111111112
0 0.17260068428516956 0.842706416903767 0.004629629629629629 0.011111111111111112
0 0.22179732669191116 0.7938271721899721 0.004629629629629629 0.011111111111111112
0 0.8647727272727272 0.155 0.004629629629629629 0.011111111111111112
