0 0.6197436690627786 0.3984482255763361 0.004629629629629629 0.011111111111111112
0 0.23345680557604864 0.7822429157502485 0.004629629629629629 0.011111111111111112
0 0.4918563908455765 0.5255104245792337 0.004629629629629629 0.011111111111111112
0 0.18991984793944666 0.8254989897891949 0.004629629629629629 0.011111111111111112
0 0.834656818212454 0.18492161287278758 0.004629629629629629 0.011111111111111112
0 0.7971920825814153 0.2221446405320131 0.004629629629629629 0.011111111111111112
0 0.19040662416223053 0.825015354058171 0.004629629629629629 0.011111111111111112
0 0.8647727272727272 0.1549999999999999 0.004629629629629629 0.011111111111111112
0 0.21287824238954034 0.8026887140129728 0.004629629629629629 0.011111111111111112
0 0.47861110232369375 0.5386702596267817 0.004629629629629629 0.011111111111111112
0 0.3093489639849316 0.7068403841698098 0.004629629629629629 0.011111111111111112
0 0.5717381194846985 0.44614406193133166 0.004629629629629629 0.011111111111111112
0 0.28906308225481214 0.7269953892436061 0.004629629629629629 0.011111111111111112
0 0.19840012382348615 0.8170734253624719 0.004629629629629629 0.011111111111111112
0 0.5772272485047216 0.44069034664692175 0.004629629629629629 0.011111111111111112
0 0.1949485749392922 0.8205027061893484 0.004629629629629629 0.011111111111111112
0 0.2095407414142215 0.8060046827239348 0.004629629629629629 0.011111111111111112
0 0.1615116295923405 0.8537239293082552 0.004629629629629629 0.011111111111111112
0 0.2803170301884365 0.7356850151676179 0.004629629629629629 0.011111111111111112
0 0.18827654018766782 0.8271316955554785 0.004629629629629629 0.011111111111111112
0 0.4694788358708008 0.5477436082315914 0.004629629629629629 0.011111111111111112
0 0.2588117836732445 0.7570515181569055 0.004629629629629629 0.011111111111111112
0 0.20179168694129804 0.8137037432970329 0.004629629629629629 0.011111111111111112
0 0.28056502197998845 0.7354386233231083 0.004629629629629629 0.011111111111111112
0 0.5883757529231316 0.42961376806346924 0.004629629629629629 0.011111111111111112
0 0.42644365462063555 0.5905011431511105 0.004629629629629629 0.011111111111111112
0 0.16022727272727275 0.855 0.004629629629629629 0.011111111111111112
0 0.8005291935946214 0.21882905926727939 0.004629629629629629 0.011111111111111112
0 0.4321235325184801 0.5848579096268004 0.004629629629629629 0.011111111111111112
0 0.16525963407206956 0.850000105502589 0.004629629629629629 0.011111111111111112
