0 0.8528793184896432 0.16681667711351578 0.004629629629629629 0.011111111111111112
0 0.7043172600741361 0.3144202706360196 0.004629629629629629 0.011111111111111112
0 0.8647727272727272 0.155 0.004629629629629629 0.011111111111111112
0 0.37704626225161975 0.6395798426661327 0.004629629629629629 0.011111111111111112
0 0.8538492555657935 0.16585299769592143 0.004629629629629629 0.011111111111111112
0 0.7674288180497121 0.2517158840022216 0.004629629629629629 0.011111111111111112
0 0.81631604894235 0.20314405459921353 0.004629629629629629 0.011111111111111112
0 0.6811424067947129 0.33744560873299484 0.004629629629629629 0.011111111111111112
0 0.8228131337541594 0.19668888646360927 0.004629629629629629 0.011111111111111112
0 0.5332009173292523 0.4844326369760977 0.004629629629629629 0.011111111111111112
0 0.8407017365086852 0.1789156940494354 0.004629629629629629 0.011111111111111112
0 0.6017910419775976 0.41628502926096755 0.004629629629629629 0.011111111111111112
0 0.704985765721082 0.31375607792873145 0.004629629629629629 0.011111111111111112
0 0.8030534081080896 0.21632113000873687 0.004629629629629629 0.011111111111111112
0 0.8381533441386484 0.18144764517837506 0.004629629629629629 0.011111111111111112
0 0.8236786743138186 0.19582893003659319 0.004629629629629629 0.011111111111111112
0 0.36543745516222276 0.6511137542259207 0.004629629629629629 0.011111111111111112
0 0.7804324359456768 0.2387961604152631 0.004629629629629629 0.011111111111111112
0 0.16022727272727272 0.855 0.004629629629629629 0.011111111111111112
0 0.6508638667761346 0.36752880333209853 0.004629629629629629 0.011111111111111112
0 0.5177606416680388 0.4997732979556258 0.004629629629629629 0.011111111111111112
0 0.8478456175814232 0.1718179025320053 0.004629629629629629 0.011111111111111112
0 0.576823364205512 0.44109162524097517 0.004629629629629629 0.011111111111111112
0 0.5472099367187307 0.4705139983568739 0.004629629629629629 0.011111111111111112
0 0.8344448261552684 0.1851322372392817 0.004629629629629629 0.011111111111111112
0 0.5947223027760378 0.42330816369348506 0.004629629629629629 0.011111111111111112
0 0.7950063500939761 0.22431627151953343 0.004629629629629629 0.011111111111111112
0 0.7813517257507887 0.2378828015121196 0.004629629629629629 0.011111111111111112
0 0.8328772461812984 0.18668970379406483 0.004629629629629629 0.011111111111111112
0 0.7741052371597005 0.24508253856391035 0.004629629629629629 0.011111111111111112
