0 0.4513082888653821 0.5657969259014913 0.004629629629629629 0.011111111111111112
0 0.8647727272727272 0.155 0.004629629629629629 0.011111111111111112
0 0.27470370324643123 0.7412621270970942 0.004629629629629629 0.011111111111111112
0 0.48283813538948794 0.5344704977420571 0.004629629629629629 0.011111111111111112
0 0.3238712912796003 0.6924117493093004 0.004629629629629629 0.011111111111111112
0 0.20917494496361375 0.8063681191974419 0.004629629629629629 0.011111111111111112
0 0.2750800918231216 0.7408881668338019 0.004629629629629629 0.011111111111111112
0 0.2034472495418156 0.812058861745551 0.004629629629629629 0.011111111111111112
0 0.22179246144612738 0.7938320060470735 0.004629629629629629 0.011111111111111112
0 0.18025750935771706 0.8350989907026554 0.004629629629629629 0.011111111111111112
0 0.18841575294254806 0.8269933809474039 0.004629629629629629 0.011111111111111112
0 0.4288168268653171 0.5881432816951044 0.004629629629629629 0.011111111111111112
0 0.34743626776879133 0.6689988049264912 0.004629629629629629 0.011111111111111112
0 0.3260650190084014 0.6902321746626205 0.004629629629629629 0.011111111111111112
0 0.7660804800558704 0.2530555230412642 0.004629629629629629 0.011111111111111112
0 0.518865286022151 0.4986757803392824 0.004629629629629629 0.011111111111111112
0 0.461229319423525 0.5559399019921106 0.004629629629629629 0.011111111111111112
0 0.6670392049157755 0.3514578222127134 0.004629629629629629 0.011111111111111112
0 0.170295689726508 0.8449965405297921 0.004629629629629629 0.011111111111111112
0 0.3785049328886033 0.6381305828074523 0.004629629629629629 0.011111111111111112
0 0.3203176931173645 0.6959424210317797 0.004629629629629629 0.011111111111111112
0 0.16022727272727275 0.855 0.004629629629629629 0.011111111111111112
0 0.8054231085829221 0.2139667179240645 0.004629629629629629 0.011111111111111112
0 0.20295765038716834 0.8125453021959748 0.004629629629629629 0.011111111111111112
0 0.30025218350120875 0.7158784757471861 0.004629629629629629 0.011111111111111112
0 0.8233536992243241 0.19615180851260708 0.004629629629629629 0.011111111111111112
0 0.2093953025953488 0.806149183227847 0.004629629629629629 0.011111111111111112
0 0.276052683140702 0.7399218502989154 0.004629629629629629 0.011111111111111112
0 0.3204466782056204 0.6958142681053837 0.004629629629629629 0.011111111111111112
0 0.3746970912674031 0.6419138577085157 0.004629629629629629 0.011111111111111112
