0 0.357058172049021 0.6594389774480695 0.004629629629629629 0.011111111111111112
0 0.3527080884950855 0.6637609959468183 0.004629629629629629 0.011111111111111112
0 0.2637273139638764 0.7521677009649228 0.004629629629629629 0.011111111111111112
0 0.24805718388967943 0.7677367334257379 0.004629629629629629 0.011111111111111112
0 0.36549328437010936 0.6510582852064719 0.004629629629629629 0.011111111111111112
0 0.24293417455914365 0.7728266910831734 0.004629629629629629 0.011111111111111112
0 0.5979621642061872 0.420089204595143 0.004629629629629629 0.011111111111111112
0 0.2431374428644997 0.772624734186239 0.004629629629629629 0.011111111111111112
0 0.1767362805849581 0.8385975018704287 0.004629629629629629 0.011111111111111112
0 0.20588806227238904 0.8096337961938844 0.004629629629629629 0.011111111111111112
0 0.18143142297774287 0.8339326507188878 0.004629629629629629 0.011111111111111112
0 0.29849760271828546 0.7176217366540907 0.004629629629629629 0.011111111111111112
0 0.20859880940752576 0.8069405377499422 0.004629629629629629 0.011111111111111112
0 0.24339221563683144 0.7723716051092127 0.004629629629629629 0.011111111111111112
0 0.45699485226076575 0.5601470500118844 0.004629629629629629 0.011111111111111112
0 0.8647727272727272 0.155 0.004629629629629629 0.011111111111111112
0 0.21888349258831596 0.7967222073638668 0.004629629629629629 0.011111111111111112
0 0.3065952346979135 0.7095763474614278 0.004629629629629629 0.011111111111111112
0 0.24954950501172704 0.766254040181897 0.004629629629629629 0.011111111111111112
0 0.42972715181516086 0.5872388298094532 0.004629629629629629 0.011111111111111112
0 0.2514055312737045 0.7644099882829001 0.004629629629629629 0.011111111111111112
0 0.3608454433077447 0.6556761401974666 0.004629629629629629 0.011111111111111112
0 0.19367612389306477 0.8217669478739872 0.004629629629629629 0.011111111111111112
0 0.3334694911650107 0.6828754732941185 0.004629629629629629 0.011111111111111112
0 0.3464106237352503 0.6700178319017513 0.004629629629629629 0.011111111111111112
0 0.6145076778437736 0.4036504362068314 0.004629629629629629 0.011111111111111112
0 0.16022727272727275 0.855 0.004629629629629629 0.011111111111111112
0 0.23787824063183127 0.7778500060819225 0.004629629629629629 0.011111111111111112
0 0.2742613066720177 0.7417016695000598 0.004629629629629629 0.011111111111111112
0 0.3432769885712129 0.6731312500647305 0.004629629629629629 0.011111111111111112
