0 0.23216212555186544 0.7835292430000821 0.004629629629629629 0.011111111111111112
0 0.5202089693210186 0.49734076596492355 0.004629629629629629 0.011111111111111112
0 0.558942424198143 0.4588572043450708 0.004629629629629629 0.011111111111111112
0 0.7160777708489867 0.30273563412423254 0.004629629629629629 0.011111111111111112
0 0.7657346604811298 0.2533991115219743 0.004629629629629629 0.011111111111111112
0 0.6058816059903492 0.41222085598378216 0.004629629629629629 0.011111111111111112
0 0.5503547416102602 0.4673894825291608 0.004629629629629629 0.011111111111111112
0 0.43624498209361645 0.5807630500489231 0.004629629629629629 0.011111111111111112
0 0.8647727272727272 0.155 0.004629629629629629 0.011111111111111112
0 0.39981057770724127 0.6169623937618377 0.004629629629629629 0.011111111111111112
0 0.4458453427659358 0.5712246271873928 0.004629629629629629 0.011111111111111112
0 0.3922864752591365 0.6244379536135031 0.004629629629629629 0.011111111111111112
0 0.5613530036069949 0.4564621770614374 0.004629629629629629 0.011111111111111112
0 0.5783189081520217 0.4396057299650881 0.004629629629629629 0.011111111111111112
0 0.4437083103130847 0.5733478723340965 0.004629629629629629 0.011111111111111112
0 0.782708547351277 0.2365347335993764 0.004629629629629629 0.011111111111111112
0 0.6663397842398598 0.35215273049717144 0.004629629629629629 0.011111111111111112
0 0.27815243108071447 0.7378356491198063 0.004629629629629629 0.011111111111111112
0 0.3330417029548168 0.6833005015803756 0.004629629629629629 0.011111111111111112
0 0.7110265807410686 0.30775423590887374 0.004629629629629629 0.011111111111111112
0 0.6513735978245007 0.36702236087114126 0.004629629629629629 0.011111111111111112
0 0.16022727272727272 0.855 0.004629629629629629 0.011111111111111112
0 0.8082667774705623 0.2111413952873122 0.004629629629629629 0.011111111111111112
0 0.6267874155422393 0.39144992262254935 0.004629629629629629 0.011111111111111112
0 0.5362957541477373 0.48135776684676423 0.004629629629629629 0.011111111111111112
0 0.5013453950155348 0.5160826397910172 0.004629629629629629 0.011111111111111112
0 0.7111812770638501 0.3076005376268844 0.004629629629629629 0.011111111111111112
0 0.6240961627794942 0.39412381246424444 0.004629629629629629 0.011111111111111112
0 0.6842181156565633 0.3343897431541242 0.004629629629629629 0.011111111111111112
0 0.583297594193419 0.4346591644787966 0.004629629629629629 0.011111111111111112
