0 0.5247394259305103 0.49283953810775094 0.004629629629629629 0.011111111111111112
0 0.8633336391822649 0.15642980365116887 0.004629629629629629 0.011111111111111112
0 0.4941052282435961 0.5232760958095882 0.004629629629629629 0.011111111111111112
0 0.8033745710200912 0.2160020391155224 0.004629629629629629 0.011111111111111112
0 0.31153382318790895 0.7046696208326582 0.004629629629629629 0.011111111111111112
0 0.580630104126362 0.4373094449325179 0.004629629629629629 0.011111111111111112
0 0.5470989198601552 0.4706242989776522 0.004629629629629629 0.011111111111111112
0 0.3851114856147575 0.6315666530021117 0.004629629629629629 0.011111111111111112
0 0.6996516636786183 0.3190557664096307 0.004629629629629629 0.011111111111111112
0 0.522329226554744 0.4952341878101254 0.004629629629629629 0.011111111111111112
0 0.17484139302164656 0.8404801643526867 0.004629629629629629 0.011111111111111112
0 0.1602272727272729 0.8549999999999998 0.004629629629629629 0.011111111111111112
0 0.8486154480034808 0.17105303875783193 0.004629629629629629 0.011111111111111112
0 0.30016473204509436 0.715965363000358 0.004629629629629629 0.011111111111111112
0 0.7639102947467703 0.25521170715482183 0.004629629629629629 0.011111111111111112
0 0.6186096071041899 0.3995749710061598 0.004629629629629629 0.011111111111111112
0 0.820790359963795 0.1986986101004877 0.004629629629629629 0.011111111111111112
0 0.5505308353360152 0.46721452489195897 0.004629629629629629 0.011111111111111112
0 0.7024995699120257 0.316226233764826 0.004629629629629629 0.011111111111111112
0 0.5845201670606641 0.4334444791784369 0.004629629629629629 0.011111111111111112
0 0.3563166448040905 0.6601757206462583 0.004629629629629629 0.011111111111111112
0 0.6990080590177612 0.3196952187823533 0.004629629629629629 0.011111111111111112
0 0.7226816253124275 0.29617438517345906 0.004629629629629629 0.011111111111111112
0 0.723043427001187 0.29581491768914314 0.004629629629629629 0.011111111111111112
0 0.7178894096800142 0.3009356832856631 0.004629629629629629 0.011111111111111112
0 0.8647727272727275 0.15499999999999978 0.004629629629629629 0.011111111111111112
0 0.47193578979468537 0.5453025056233448 0.004629629629629629 0.011111111111111112
0 0.7549568664205375 0.2641073714273368 0.004629629629629629 0.011111111111111112
0 0.7746322792812066 0.24455889671415593 0.004629629629629629 0.011111111111111112
0 0.3585700960270481 0.6579368078182877 0.004629629629629629 0.011111111111111112
