0 0.7125151689346376 0.30627525151010204 0.004629629629629629 0.011111111111111112
0 0.7248991551557955 0.2939711619742419 0.004629629629629629 0.011111111111111112
0 0.7332737988452555 0.2856505482440689 0.004629629629629629 0.011111111111111112
0 0.19349825470945595 0.8219436695144761 0.004629629629629629 0.011111111111111112
0 0.8164074949887603 0.20305319852729622 0.004629629629629629 0.011111111111111112
0 0.16022727272727275 0.855 0.004629629629629629 0.011111111111111112
0 0.4746493966049555 0.5426064059537862 0.004629629629629629 0.011111111111111112
0 0.8647727272727275 0.1549999999999999 0.004629629629629629 0.011111111111111112
0 0.2291731923378282 0.7864988927740287 0.004629629629629629 0.011111111111111112
0 0.4947739726836888 0.5226116658497545 0.004629629629629629 0.011111111111111112
0 0.6668228960250832 0.3516727355621756 0.004629629629629629 0.011111111111111112
0 0.842112918564299 0.1775136163941803 0.004629629629629629 0.011111111111111112
0 0.5867004662083226 0.4312782464768925 0.004629629629629629 0.011111111111111112
0 0.7378903373271655 0.2810637938813969 0.004629629629629629 0.011111111111111112
0 0.16361175941219558 0.8516373487130444 0.004629629629629629 0.011111111111111112
0 0.32676895635615194 0.6895327788461459 0.004629629629629629 0.011111111111111112
0 0.7768521091725676 0.24235338830596503 0.004629629629629629 0.011111111111111112
0 0.8312329972068394 0.18832334471062404 0.004629629629629629 0.011111111111111112
0 0.24524440786061164 0.7705313625126827 0.004629629629629629 0.011111111111111112
0 0.7122057165192199 0.3065827074583235 0.004629629629629629 0.011111111111111112
0 0.5989077744884108 0.41914969502441773 0.004629629629629629 0.011111111111111112
0 0.8579952630469273 0.1617337386501497 0.004629629629629629 0.011111111111111112
0 0.33058180262967807 0.685744531580836 0.004629629629629629 0.011111111111111112
0 0.523259483066138 0.49430993295364356 0.004629629629629629 0.011111111111111112
0 0.8546687026653266 0.165038837351869 0.004629629629629629 0.011111111111111112
0 0.17889240779348778 0.8364552851600185 0.004629629629629629 0.011111111111111112
0 0.6342826585815616 0.3840030359899324 0.004629629629629629 0.011111111111111112
0 0.21659834350884172 0.798992613546054 0.004629629629629629 0.011111111111111112
0 0.1736758402087359 0.8416381974700301 0.004629629629629629 0.011111111111111112
0 0.4123259698180757 0.6045277461162345 0.004629629629629629 0.011111111111111112
