0 0.6299242424242426 0.38833333333333325 0.004629629629629629 0.011111111111111112
0 0.3950757575757577 0.6216666666666665 0.004629629629629629 0.011111111111111112
0 0.23851010101010103 0.7772222222222221 0.004629629629629629 0.011111111111111112
0 0.3950757575757577 0.6216666666666665 0.004629629629629629 0.011111111111111112
0 0.23851010101010103 0.7772222222222221 0.004629629629629629 0.011111111111111112
0 0.16022727272727277 0.855 0.004629629629629629 0.011111111111111112
0 0.3950757575757577 0.6216666666666665 0.004629629629629629 0.011111111111111112
0 0.23851010101010103 0.7772222222222221 0.004629629629629629 0.011111111111111112
0 0.3950757575757577 0.6216666666666665 0.004629629629629629 0.011111111111111112
0 0.5516414141414142 0.4661111111111111 0.004629629629629629 0.011111111111111112
0 0.4733585858585859 0.5438888888888889 0.004629629629629629 0.011111111111111112
0 0.3950757575757577 0.6216666666666665 0.004629629629629629 0.011111111111111112
0 0.23851010101010103 0.7772222222222221 0.004629629629629629 0.011111111111111112
0 0.31679292929292935 0.6994444444444443 0.004629629629629629 0.011111111111111112
0 0.3950757575757577 0.6216666666666665 0.004629629629629629 0.011111111111111112
0 0.6299242424242426 0.38833333333333325 0.004629629629629629 0.011111111111111112
0 0.31679292929292935 0.6994444444444443 0.004629629629629629 0.011111111111111112
0 0.31679292929292935 0.6994444444444443 0.004629629629629629 0.011111111111111112
0 0.31679292929292935 0.6994444444444443 0.004629629629629629 0.011111111111111112
0 0.31679292929292935 0.6994444444444443 0.004629629629629629 0.011111111111111112
0 0.31679292929292935 0.6994444444444443 0.004629629629629629 0.011111111111111112
0 0.4733585858585859 0.5438888888888889 0.004629629629629629 0.011111111111111112
0 0.8647727272727275 0.1549999999999999 0.004629629629629629 0.011111111111111112
0 0.16022727272727277 0.855 0.004629629629629629 0.011111111111111112
0 0.23851010101010103 0.7772222222222221 0.004629629629629629 0.011111111111111112
0 0.6299242424242426 0.38833333333333325 0.004629629629629629 0.011111111111111112
0 0.31679292929292935 0.6994444444444443 0.004629629629629629 0.011111111111111112
0 0.4733585858585859 0.5438888888888889 0.004629629629629629 0.011111111111111112
0 0.31679292929292935 0.6994444444444443 0.004629629629629629 0.011111111111111112
0 0.16022727272727277 0.855 0.004629629629629629 0.011111111111111112
