0 0.5183354478052773 0.49920220024507933 0.004629629629629629 0.011111111111111112
0 0.25035848843304964 0.765450276008454 0.004629629629629629 0.011111111111111112
0 0.46540514225530977 0.551791019952789 0.004629629629629629 0.011111111111111112
0 0.25942713529712336 0.7564401365435033 0.004629629629629629 0.011111111111111112
0 0.5191738997464822 0.49836915767123696 0.004629629629629629 0.011111111111111112
0 0.6886356578611706 0.3300007012218045 0.004629629629629629 0.011111111111111112
0 0.16022727272727272 0.855 0.004629629629629629 0.011111111111111112
0 0.8012812965630968 0.21808180857601997 0.004629629629629629 0.011111111111111112
0 0.7881256108692526 0.23115261887829092 0.004629629629629629 0.011111111111111112
0 0.3371804472120911 0.6791884588989545 0.004629629629629629 0.011111111111111112
0 0.8477955142019423 0.1718676826638765 0.004629629629629629 0.011111111111111112
0 0.35028021471916987 0.6661732060209538 0.004629629629629629 0.011111111111111112
0 0.6275396688687581 0.3907025225432982 0.004629629629629629 0.011111111111111112
0 0.336980976970772 0.6793866422354911 0.004629629629629629 0.011111111111111112
0 0.8551617699066308 0.16454895118954097 0.004629629629629629 0.011111111111111112
0 0.8447277082589416 0.17491569631047071 0.004629629629629629 0.011111111111111112
0 0.5220010941294456 0.49556020325203465 0.004629629629629629 0.011111111111111112
0 0.5817769849241791 0.43616996336565433 0.004629629629629629 0.011111111111111112
0 0.7935125766976244 0.2258004076681666 0.004629629629629629 0.011111111111111112
0 0.5455100770709488 0.47220289116821856 0.004629629629629629 0.011111111111111112
0 0.3371966960504141 0.6791723148918467 0.004629629629629629 0.011111111111111112
0 0.39235767536626315 0.6243672128619062 0.004629629629629629 0.011111111111111112
0 0.41385739944694355 0.6030061966785206 0.004629629629629629 0.011111111111111112
0 0.28412521858662976 0.7319013957268323 0.004629629629629629 0.011111111111111112
0 0.8216149878172647 0.19787930242671745 0.004629629629629629 0.011111111111111112
0 0.7038711353382742 0.31486351714777916 0.004629629629629629 0.011111111111111112
0 0.8647727272727271 0.155 0.004629629629629629 0.011111111111111112
0 0.8608898909788979 0.15885778573709491 0.004629629629629629 0.011111111111111112
0 0.7733883097042534 0.24579484068093518 0.004629629629629629 0.011111111111111112
0 0.6420980969049112 0.3762380198493139 0.004629629629629629 0.011111111111111112
