0 0.5440124410618249 0.47369086500954166 0.004629629629629629 0.011111111111111112
0 0.6885616463855303 0.33007423520405393 0.004629629629629629 0.011111111111111112
0 0.7857868184825534 0.23347632228185022 0.004629629629629629 0.011111111111111112
0 0.8239351481912021 0.1955741108293863 0.004629629629629629 0.011111111111111112
0 0.8263582651512564 0.19316662688197755 0.004629629629629629 0.011111111111111112
0 0.7140862082318585 0.30471434795028257 0.004629629629629629 0.011111111111111112
0 0.5075489427745317 0.5099191149207878 0.004629629629629629 0.011111111111111112
0 0.8267800640936848 0.19274754922304863 0.004629629629629629 0.011111111111111112
0 0.7408539489134466 0.278119302369866 0.004629629629629629 0.011111111111111112
0 0.32692269877313324 0.6893800283157258 0.004629629629629629 0.011111111111111112
0 0.6019207956854232 0.41615611267383756 0.004629629629629629 0.011111111111111112
0 0.8042565485276733 0.21512575178540863 0.004629629629629629 0.011111111111111112
0 0.6678068018234927 0.35069517754311064 0.004629629629629629 0.011111111111111112
0 0.7121778701941647 0.3066103741296687 0.004629629629629629 0.011111111111111112
0 0.6819737919622245 0.3366195873407575 0.004629629629629629 0.011111111111111112
0 0.4589090173156061 0.5582452344090107 0.004629629629629629 0.011111111111111112
0 0.16022727272727272 0.855 0.004629629629629629 0.011111111111111112
0 0.5579784062946751 0.45981500277819387 0.004629629629629629 0.011111111111111112
0 0.8647727272727271 0.1550000000000001 0.004629629629629629 0.011111111111111112
0 0.7938613877485498 0.22545384701111823 0.004629629629629629 0.011111111111111112
0 0.2231519366443149 0.7924813016566162 0.004629629629629629 0.011111111111111112
0 0.3723302989722485 0.6442653803759596 0.004629629629629629 0.011111111111111112
0 0.8217658301462669 0.19772943327403153 0.004629629629629629 0.011111111111111112
0 0.7872723875039888 0.232000337576682 0.004629629629629629 0.011111111111111112
0 0.25583626723675235 0.760007837713162 0.004629629629629629 0.011111111111111112
0 0.5710604376435097 0.4468173716316097 0.004629629629629629 0.011111111111111112
0 0.7567222273590504 0.26235339991423384 0.004629629629629629 0.011111111111111112
0 0.7586377858520729 0.2604501998631018 0.004629629629629629 0.011111111111111112
0 0.7125064454064284 0.306283918757484 0.004629629629629629 0.011111111111111112
0 0.4091309041746299 0.6077021984329484 0.004629629629629629 0.011111111111111112
