0 0.39804631869193086 0.6187152704609203 0.004629629629629629 0.011111111111111112
0 0.485375076431203 0.5319499240619016 0.004629629629629629 0.011111111111111112
0 0.2500106150987554 0.7657959049986559 0.004629629629629629 0.011111111111111112
0 0.385080893379412 0.6315970478681971 0.004629629629629629 0.011111111111111112
0 0.788338395335182 0.2309412072153675 0.004629629629629629 0.011111111111111112
0 0.6452753828778345 0.3730812324955709 0.004629629629629629 0.011111111111111112
0 0.22529959325849064 0.7903475008915642 0.004629629629629629 0.011111111111111112
0 0.2199500234625462 0.7956625573339864 0.004629629629629629 0.011111111111111112
0 0.35896226743301135 0.6575471665504274 0.004629629629629629 0.011111111111111112
0 0.19659309521448204 0.8188687957223856 0.004629629629629629 0.011111111111111112
0 0.574361445740681 0.4435376603608718 0.004629629629629629 0.011111111111111112
0 0.24189616575850076 0.7738580030528445 0.004629629629629629 0.011111111111111112
0 0.1748274378340543 0.8404940295068106 0.004629629629629629 0.011111111111111112
0 0.2593940661229202 0.7564729923681955 0.004629629629629629 0.011111111111111112
0 0.16022727272727275 0.855 0.004629629629629629 0.011111111111111112
0 0.21561311215351187 0.7999714885700593 0.004629629629629629 0.011111111111111112
0 0.20073401897994286 0.8147545875941214 0.004629629629629629 0.011111111111111112
0 0.3558466388627898 0.6606426942911637 0.004629629629629629 0.011111111111111112
0 0.2434766839085923 0.7722876817940438 0.004629629629629629 0.011111111111111112
0 0.3407961003939219 0.6755961325118454 0.004629629629629629 0.011111111111111112
0 0.6737632165158931 0.34477719133259666 0.004629629629629629 0.011111111111111112
0 0.8319757171536751 0.18758541650538085 0.004629629629629629 0.011111111111111112
0 0.3800423129614897 0.6366031213156812 0.004629629629629629 0.011111111111111112
0 0.5319469058196818 0.48567855808883226 0.004629629629629629 0.011111111111111112
0 0.2779650150922886 0.738021855972823 0.004629629629629629 0.011111111111111112
0 0.4360187665438531 0.5809878061435265 0.004629629629629629 0.011111111111111112
0 0.20703104780001458 0.8084981847664371 0.004629629629629629 0.011111111111111112
0 0.23944154093418366 0.7762967915879724 0.004629629629629629 0.011111111111111112
0 0.22876185852858857 0.7869075728167573 0.004629629629629629 0.011111111111111112
0 0.8647727272727272 0.155 0.004629629629629629 0.011111111111111112
