0 0.4162575051057474 0.6006215755723542 0.004629629629629629 0.011111111111111112
0 0.8647727272727272 0.155 0.004629629629629629 0.011111111111111112
0 0.4136769397678905 0.6031854921015797 0.004629629629629629 0.011111111111111112
0 0.3706301017685975 0.6459546085653934 0.004629629629629629 0.011111111111111112
0 0.6157244481597781 0.40244151602189787 0.004629629629629629 0.011111111111111112
0 0.36651392640358993 0.6500442279603041 0.004629629629629629 0.011111111111111112
0 0.5998473242833962 0.41821620684101285 0.004629629629629629 0.011111111111111112
0 0.16022727272727272 0.855 0.004629629629629629 0.011111111111111112
0 0.5469269377715053 0.47079517150443984 0.004629629629629629 0.011111111111111112
0 0.5801700122470987 0.437766568477076 0.004629629629629629 0.011111111111111112
0 0.6226339776800706 0.39557656411141373 0.004629629629629629 0.011111111111111112
0 0.39472272840498895 0.6220174182298819 0.004629629629629629 0.011111111111111112
0 0.6220633666298164 0.3961434938000533 0.004629629629629629 0.011111111111111112
0 0.5105320113413647 0.5069552919576118 0.004629629629629629 0.011111111111111112
0 0.47098943180210495 0.5462427580804893 0.004629629629629629 0.011111111111111112
0 0.5507140801915668 0.46703246226128203 0.004629629629629629 0.011111111111111112
0 0.6662551920484596 0.35223677693249816 0.004629629629629629 0.011111111111111112
0 0.5187103379003487 0.4988297287957826 0.004629629629629629 0.011111111111111112
0 0.5712047723309511 0.4466739681357002 0.004629629629629629 0.011111111111111112
0 0.6016793936599968 0.4163959572668418 0.004629629629629629 0.011111111111111112
0 0.6102920585034163 0.40783885800305736 0.004629629629629629 0.011111111111111112
0 0.7690770277140314 0.2500783079486398 0.004629629629629629 0.011111111111111112
0 0.6765701361290049 0.34198838087827915 0.004629629629629629 0.011111111111111112
0 0.4631575675119077 0.5540240942139756 0.004629629629629629 0.011111111111111112
0 0.6439042638533933 0.3744435055908222 0.004629629629629629 0.011111111111111112
0 0.45800545088994626 0.5591429713738598 0.004629629629629629 0.011111111111111112
0 0.2661789885574827 0.749731843626759 0.004629629629629629 0.011111111111111112
0 0.7683205757080761 0.2508298796190727 0.004629629629629629 0.011111111111111112
0 0.6737245126899579 0.3448156454564289 0.004629629629629629 0.011111111111111112
0 0.4627938154609083 0.554385499477549 0.004629629629629629 0.011111111111111112
