0 0.45582361713349107 0.5613107287834994 0.004629629629629629 0.011111111111111112
0 0.5861949961310845 0.4317804554568579 0.004629629629629629 0.011111111111111112
0 0.16022727272727275 0.855 0.004629629629629629 0.011111111111111112
0 0.8164507985711237 0.2030101743228837 0.004629629629629629 0.011111111111111112
0 0.47402880723765634 0.5432229915187157 0.004629629629629629 0.011111111111111112
0 0.7591943697572291 0.25989720682184975 0.004629629629629629 0.011111111111111112
0 0.796176944706973 0.22315322912984617 0.004629629629629629 0.011111111111111112
0 0.673847312028937 0.34469363837124956 0.004629629629629629 0.011111111111111112
0 0.8034558998986965 0.21592123493935958 0.004629629629629629 0.011111111111111112
0 0.4795322155194663 0.5377550890967884 0.004629629629629629 0.011111111111111112
0 0.3696433799762683 0.6469349644106754 0.004629629629629629 0.011111111111111112
0 0.7809314998000871 0.2383003163276552 0.004629629629629629 0.011111111111111112
0 0.7237306551542702 0.2951321232660799 0.004629629629629629 0.011111111111111112
0 0.8346600961210654 0.18491835611197383 0.004629629629629629 0.011111111111111112
0 0.758713294001771 0.26037517886275646 0.004629629629629629 0.011111111111111112
0 0.44278947431052224 0.5742607803624489 0.004629629629629629 0.011111111111111112
0 0.7064269300513236 0.3123242114328784 0.004629629629629629 0.011111111111111112
0 0.45936424399579817 0.5577929446751425 0.004629629629629629 0.011111111111111112
0 0.7855278503128839 0.2337336196891348 0.004629629629629629 0.011111111111111112
0 0.5861766455497195 0.43179868764737556 0.004629629629629629 0.011111111111111112
0 0.46792195643524204 0.549290443283695 0.004629629629629629 0.011111111111111112
0 0.8647727272727272 0.1550000000000001 0.004629629629629629 0.011111111111111112
0 0.7346758732008648 0.2842575195294634 0.004629629629629629 0.011111111111111112
0 0.811692835303337 0.20773744105345862 0.004629629629629629 0.011111111111111112
0 0.4881505309946304 0.5291923756569479 0.004629629629629629 0.011111111111111112
0 0.8022658997517247 0.21710355766602846 0.004629629629629629 0.011111111111111112
0 0.745471463894774 0.27353157780777293 0.004629629629629629 0.011111111111111112
0 0.8554879624060718 0.1642248631578383 0.004629629629629629 0.011111111111111112
0 0.8383540490456515 0.18124823514173988 0.004629629629629629 0.011111111111111112
0 0.747753449013851 0.27126431517333516 0.004629629629629629 0.011111111111111112
