0 0.8349560748235818 0.1846242869494737 0.004629629629629629 0.011111111111111112
0 0.6854819824606515 0.33313403032941724 0.004629629629629629 0.011111111111111112
0 0.8517062771277426 0.16798215046662984 0.004629629629629629 0.011111111111111112
0 0.7953322696845297 0.22399245463601564 0.004629629629629629 0.011111111111111112
0 0.8457611110187527 0.17388896066523932 0.004629629629629629 0.011111111111111112
0 0.5593587767120639 0.45844353797640097 0.004629629629629629 0.011111111111111112
0 0.8181019325648929 0.2013696928064934 0.004629629629629629 0.011111111111111112
0 0.5909669978020042 0.42703924089349254 0.004629629629629629 0.011111111111111112
0 0.8523806276667308 0.16731215057628027 0.004629629629629629 0.011111111111111112
0 0.5521479779239342 0.4656078154820267 0.004629629629629629 0.011111111111111112
0 0.6198982169104293 0.3982946748115734 0.004629629629629629 0.011111111111111112
0 0.4538892710643199 0.5632325952006112 0.004629629629629629 0.011111111111111112
0 0.8044615163695571 0.2149221063166982 0.004629629629629629 0.011111111111111112
0 0.16022727272727272 0.855 0.004629629629629629 0.011111111111111112
0 0.5697337973814751 0.4481354529242118 0.004629629629629629 0.011111111111111112
0 0.8615973565372775 0.15815488447264045 0.004629629629629629 0.011111111111111112
0 0.5852354157676161 0.4327338449792718 0.004629629629629629 0.011111111111111112
0 0.8369851873200986 0.1826082655013214 0.004629629629629629 0.011111111111111112
0 0.6352505628530313 0.38304137626214957 0.004629629629629629 0.011111111111111112
0 0.81551206508772 0.2039428514612331 0.004629629629629629 0.011111111111111112
0 0.7521294818590747 0.2669165147980806 0.004629629629629629 0.011111111111111112
0 0.8647727272727272 0.1550000000000001 0.004629629629629629 0.011111111111111112
0 0.8360030377245018 0.18358407864791446 0.004629629629629629 0.011111111111111112
0 0.8607276858113183 0.15901894441972228 0.004629629629629629 0.011111111111111112
0 0.471743394648844 0.5454936595101807 0.004629629629629629 0.011111111111111112
0 0.8617731593250663 0.15798021589638564 0.004629629629629629 0.011111111111111112
0 0.8600728226589914 0.15966958264848596 0.004629629629629629 0.011111111111111112
0 0.7935786836375495 0.22573472722462828 0.004629629629629629 0.011111111111111112
0 0.5842257095875046 0.43373703692596327 0.004629629629629629 0.011111111111111112
0 0.7116053355514991 0.3071792150004461 0.004629629629629629 0.011111111111111112
