0 0.16022727272727272 0.855 0.004629629629629629 0.011111111111111112
0 0.770493329261684 0.24867114383032674 0.004629629629629629 0.011111111111111112
0 0.7315873015784272 0.287326164883369 0.004629629629629629 0.011111111111111112
0 0.5365088987173755 0.48114599740338165 0.004629629629629629 0.011111111111111112
0 0.6380425592229474 0.3802673927720393 0.004629629629629629 0.011111111111111112
0 0.8259990487228269 0.19352352578506224 0.004629629629629629 0.011111111111111112
0 0.8432922213250809 0.17634192203830662 0.004629629629629629 0.011111111111111112
0 0.7131049189265578 0.30568930635683944 0.004629629629629629 0.011111111111111112
0 0.7434195847730853 0.27557021899964423 0.004629629629629629 0.011111111111111112
0 0.7292384879771595 0.2896598248484996 0.004629629629629629 0.011111111111111112
0 0.8537927816178555 0.165909107295808 0.004629629629629629 0.011111111111111112
0 0.6515185332488731 0.3668783605140229 0.004629629629629629 0.011111111111111112
0 0.5379299159105443 0.4797341480630722 0.004629629629629629 0.011111111111111112
0 0.7018646998542738 0.3168570078867215 0.004629629629629629 0.011111111111111112
0 0.701195858819472 0.3175215338180731 0.004629629629629629 0.011111111111111112
0 0.6826590299773316 0.33593877021607044 0.004629629629629629 0.011111111111111112
0 0.843680540065483 0.17595610858010083 0.004629629629629629 0.011111111111111112
0 0.7762063478032688 0.24299498347288137 0.004629629629629629 0.011111111111111112
0 0.859755030596808 0.15998532443930036 0.004629629629629629 0.011111111111111112
0 0.8647727272727272 0.155 0.004629629629629629 0.011111111111111112
0 0.5916286842358396 0.4263818234043916 0.004629629629629629 0.011111111111111112
0 0.5145931220376571 0.5029203819754893 0.004629629629629629 0.011111111111111112
0 0.6074403415965853 0.4106721767362959 0.004629629629629629 0.011111111111111112
0 0.7676859018276587 0.2514604588292938 0.004629629629629629 0.011111111111111112
0 0.7452404226555169 0.2737611284583895 0.004629629629629629 0.011111111111111112
0 0.5816007398502291 0.43634507137461115 0.004629629629629629 0.011111111111111112
0 0.7468404775042852 0.2721713965441295 0.004629629629629629 0.011111111111111112
0 0.37806954884383387 0.6385631579229005 0.004629629629629629 0.011111111111111112
0 0.848304522436103 0.17136195835380738 0.004629629629629629 0.011111111111111112
0 0.6716575445947239 0.346869278273629 0.004629629629629629 0.011111111111111112
