0 0.1684042164516274 0.8468758107512863 0.004629629629629629 0.011111111111111112
0 0.20950959447942535 0.8060356287107645 0.004629629629629629 0.011111111111111112
0 0.2506184921684126 0.7651919497165449 0.004629629629629629 0.011111111111111112
0 0.2512517251177839 0.7645628021410404 0.004629629629629629 0.011111111111111112
0 0.2981032519044248 0.7180135432691521 0.004629629629629629 0.011111111111111112
0 0.1868889923639819 0.8285102914577213 0.004629629629629629 0.011111111111111112
0 0.31953048934324346 0.6967245460718742 0.004629629629629629 0.011111111111111112
0 0.215197125065613 0.8003847918702942 0.004629629629629629 0.011111111111111112
0 0.2142791268397722 0.801296867526936 0.004629629629629629 0.011111111111111112
0 0.28728495166855633 0.7287620480196279 0.004629629629629629 0.011111111111111112
0 0.21503764667732875 0.8005432413657507 0.004629629629629629 0.011111111111111112
0 0.1671521068914308 0.8481198421852881 0.004629629629629629 0.011111111111111112
0 0.1893397970041513 0.8260752984603916 0.004629629629629629 0.011111111111111112
0 0.2519099369626251 0.7639088368242305 0.004629629629629629 0.011111111111111112
0 0.19183364092613353 0.8235975438540352 0.004629629629629629 0.011111111111111112
0 0.16897462835085011 0.8463090789288328 0.004629629629629629 0.011111111111111112
0 0.3801935510739694 0.6364528589329594 0.004629629629629629 0.011111111111111112
0 0.2209926165890576 0.7946266906147428 0.004629629629629629 0.011111111111111112
0 0.8647727272727272 0.155 0.004629629629629629 0.011111111111111112
0 0.16781821688910187 0.847458029671473 0.004629629629629629 0.011111111111111112
0 0.27004297353298923 0.7458927875865784 0.004629629629629629 0.011111111111111112
0 0.18039660924962267 0.8349607882294072 0.004629629629629629 0.011111111111111112
0 0.2298845289966055 0.7857921453840178 0.004629629629629629 0.011111111111111112
0 0.23279467078557511 0.782900778703364 0.004629629629629629 0.011111111111111112
0 0.21566884405256018 0.7999161162316499 0.004629629629629629 0.011111111111111112
0 0.25787018100415093 0.7579870459700694 0.004629629629629629 0.011111111111111112
0 0.37501956005958276 0.6415934693601564 0.004629629629629629 0.011111111111111112
0 0.2487178741639122 0.7670803056694034 0.004629629629629629 0.011111111111111112
0 0.22741898123243176 0.7882417863884227 0.004629629629629629 0.011111111111111112
0 0.16022727272727275 0.855 0.004629629629629629 0.011111111111111112
