0 0.47221121155009227 0.545028860782489 0.004629629629629629 0.011111111111111112
0 0.6948351107616647 0.32384124479163645 0.004629629629629629 0.011111111111111112
0 0.34256060752227785 0.6738430093004465 0.004629629629629629 0.011111111111111112
0 0.3952119610954391 0.6215313418793703 0.004629629629629629 0.011111111111111112
0 0.4109349119970037 0.6059098293707188 0.004629629629629629 0.011111111111111112
0 0.48021319482135283 0.5370785032097526 0.004629629629629629 0.011111111111111112
0 0.6120112269365688 0.40613078097915106 0.004629629629629629 0.011111111111111112
0 0.687176529077264 0.33145041627162153 0.004629629629629629 0.011111111111111112
0 0.8647727272727272 0.155 0.004629629629629629 0.011111111111111112
0 0.615966754321751 0.4022007731254861 0.004629629629629629 0.011111111111111112
0 0.16022727272727272 0.855 0.004629629629629629 0.011111111111111112
0 0.678044567407285 0.34052346205985884 0.004629629629629629 0.011111111111111112
0 0.2161132346677454 0.7994745926526916 0.004629629629629629 0.011111111111111112
0 0.3918610517788224 0.6248606324262023 0.004629629629629629 0.011111111111111112
0 0.2617017637280356 0.7541801831347259 0.004629629629629629 0.011111111111111112
0 0.26510247749496907 0.7508014094566114 0.004629629629629629 0.011111111111111112
0 0.45980100100301097 0.557359005455073 0.004629629629629629 0.011111111111111112
0 0.4099170858054384 0.6069210889416936 0.004629629629629629 0.011111111111111112
0 0.3016861497942088 0.7144537608496249 0.004629629629629629 0.011111111111111112
0 0.25611431845263466 0.7597315803760921 0.004629629629629629 0.011111111111111112
0 0.32638131869937814 0.6899179156148115 0.004629629629629629 0.011111111111111112
0 0.3529799754986932 0.6634908630529113 0.004629629629629629 0.011111111111111112
0 0.503074040406042 0.5143651469514164 0.004629629629629629 0.011111111111111112
0 0.6564259525517262 0.36200260198086565 0.004629629629629629 0.011111111111111112
0 0.5549665096442153 0.46280746783736026 0.004629629629629629 0.011111111111111112
0 0.30857646182277443 0.70760790244705 0.004629629629629629 0.011111111111111112
0 0.6948373126736019 0.3238390570855827 0.004629629629629629 0.011111111111111112
0 0.7248100606727854 0.2940596816541357 0.004629629629629629 0.011111111111111112
0 0.7801994056987576 0.2390276872412345 0.004629629629629629 0.011111111111111112
0 0.43943413619313937 0.5775944711371389 0.004629629629629629 0.011111111111111112
