0 0.7830432576432206 0.23620218272867077 0.004629629629629629 0.011111111111111112
0 0.41488156504768636 0.6019886385977823 0.004629629629629629 0.011111111111111112
0 0.6457558646009901 0.37260385065449986 0.004629629629629629 0.011111111111111112
0 0.8050566427087746 0.21433081950224936 0.004629629629629629 0.011111111111111112
0 0.7331634294917616 0.2857602055372172 0.004629629629629629 0.011111111111111112
0 0.7983545533444724 0.22098966958033042 0.004629629629629629 0.011111111111111112
0 0.6752210325901874 0.3433287805232974 0.004629629629629629 0.011111111111111112
0 0.3747900396153314 0.6418215090273479 0.004629629629629629 0.011111111111111112
0 0.16022727272727272 0.8549999999999998 0.004629629629629629 0.011111111111111112
0 0.7686036928692185 0.2505485890202601 0.004629629629629629 0.011111111111111112
0 0.7605721237101455 0.2585283416041134 0.004629629629629629 0.011111111111111112
0 0.5979370544517502 0.42011415235116395 0.004629629629629629 0.011111111111111112
0 0.752251650799156 0.2667951340447091 0.004629629629629629 0.011111111111111112
0 0.8493907838772417 0.17028270505099818 0.004629629629629629 0.011111111111111112
0 0.5963904349647617 0.4216507936479138 0.004629629629629629 0.011111111111111112
0 0.5745073208598974 0.44339272637145655 0.004629629629629629 0.011111111111111112
0 0.6019912068282703 0.4160861557964279 0.004629629629629629 0.011111111111111112
0 0.6069376120393344 0.4111716628770482 0.004629629629629629 0.011111111111111112
0 0.8647727272727272 0.15499999999999978 0.004629629629629629 0.011111111111111112
0 0.5884883564081327 0.4295018910525648 0.004629629629629629 0.011111111111111112
0 0.8435378529042853 0.17609787517896802 0.004629629629629629 0.011111111111111112
0 0.6202792447469427 0.3979161052191662 0.004629629629629629 0.011111111111111112
0 0.7704988677278951 0.24866564109615547 0.004629629629629629 0.011111111111111112
0 0.30181473652699253 0.7143260037086652 0.004629629629629629 0.011111111111111112
0 0.6410570958289662 0.3772723047892848 0.004629629629629629 0.011111111111111112
0 0.4826041942882724 0.5347029295458453 0.004629629629629629 0.011111111111111112
0 0.732830139300105 0.2860913454695728 0.004629629629629629 0.011111111111111112
0 0.7266826529245937 0.29219917064266154 0.004629629629629629 0.011111111111111112
0 0.6748170761732317 0.34373013076982123 0.004629629629629629 0.011111111111111112
0 0.5560401787909774 0.461740725588319 0.004629629629629629 0.011111111111111112
