0 0.4085619075975218 0.6082675240643977 0.004629629629629629 0.011111111111111112
0 0.5628535461677991 0.45497131542038005 0.004629629629629629 0.011111111111111112
0 0.2766683797751519 0.7393101259008167 0.004629629629629629 0.011111111111111112
0 0.3628953209421261 0.6536394875800811 0.004629629629629629 0.011111111111111112
0 0.8647727272727272 0.155 0.004629629629629629 0.011111111111111112
0 0.16336260713215486 0.8518848935590204 0.004629629629629629 0.011111111111111112
0 0.29084567375754433 0.7252242983312139 0.004629629629629629 0.011111111111111112
0 0.2300290658720786 0.7856485410045154 0.004629629629629629 0.011111111111111112
0 0.4921022563638506 0.5252661452901097 0.004629629629629629 0.011111111111111112
0 0.43755302711064803 0.5794634440320012 0.004629629629629629 0.011111111111111112
0 0.42866162517687295 0.5882974820823327 0.004629629629629629 0.011111111111111112
0 0.3451542920472053 0.6712660582240669 0.004629629629629629 0.011111111111111112
0 0.21688676488917602 0.7987060529488187 0.004629629629629629 0.011111111111111112
0 0.16022727272727275 0.855 0.004629629629629629 0.011111111111111112
0 0.4869678042471459 0.5303674719092872 0.004629629629629629 0.011111111111111112
0 0.44049202217509487 0.5765434102260346 0.004629629629629629 0.011111111111111112
0 0.2237895657782774 0.7918477862590019 0.004629629629629629 0.011111111111111112
0 0.6665723366200825 0.35192167845488576 0.004629629629629629 0.011111111111111112
0 0.18523505278623836 0.8301535604575437 0.004629629629629629 0.011111111111111112
0 0.3210028623792138 0.6952616722167811 0.004629629629629629 0.011111111111111112
0 0.473375634522493 0.5438719502163617 0.004629629629629629 0.011111111111111112
0 0.187346445440463 0.8280557896914109 0.004629629629629629 0.011111111111111112
0 0.2746458738482616 0.7413195834023724 0.004629629629629629 0.011111111111111112
0 0.4244390694919841 0.5924927954724803 0.004629629629629629 0.011111111111111112
0 0.3035079392359613 0.7126437248881416 0.004629629629629629 0.011111111111111112
0 0.8471674755262175 0.17249166947717753 0.004629629629629629 0.011111111111111112
0 0.3030712311770538 0.7130776154757014 0.004629629629629629 0.011111111111111112
0 0.7688738041803053 0.25028022036279346 0.004629629629629629 0.011111111111111112
0 0.3215276293874244 0.6947402908021719 0.004629629629629629 0.011111111111111112
0 0.44766815495817136 0.5694135750738167 0.004629629629629629 0.011111111111111112
