0 0.7361867761217132 0.28275636436939455 0.004629629629629629 0.011111111111111112
0 0.32039902332798836 0.6958616155321922 0.004629629629629629 0.011111111111111112
0 0.21339779313693186 0.8021725152058871 0.004629629629629629 0.011111111111111112
0 0.445523847802321 0.571544047989952 0.004629629629629629 0.011111111111111112
0 0.8647727272727272 0.155 0.004629629629629629 0.011111111111111112
0 0.5314588172375704 0.48616349771234935 0.004629629629629629 0.011111111111111112
0 0.47368501807159863 0.5435645626901535 0.004629629629629629 0.011111111111111112
0 0.6066206243520483 0.41148660548248095 0.004629629629629629 0.011111111111111112
0 0.442352575730406 0.5746948602420482 0.004629629629629629 0.011111111111111112
0 0.747860540137177 0.27115791496048225 0.004629629629629629 0.011111111111111112
0 0.41721561264281926 0.5996696493742311 0.004629629629629629 0.011111111111111112
0 0.4773582254793819 0.5399150533946786 0.004629629629629629 0.011111111111111112
0 0.6767852816350749 0.34177462340773196 0.004629629629629629 0.011111111111111112
0 0.495460053386847 0.5219300114737132 0.004629629629629629 0.011111111111111112
0 0.5434416256126853 0.47425799777836425 0.004629629629629629 0.011111111111111112
0 0.8561559599612152 0.16356117526434083 0.004629629629629629 0.011111111111111112
0 0.5620946251011453 0.4557253402220879 0.004629629629629629 0.011111111111111112
0 0.4256618015222711 0.591277952035937 0.004629629629629629 0.011111111111111112
0 0.43702265827023146 0.5799903911379636 0.004629629629629629 0.011111111111111112
0 0.7059277230910055 0.3128201977031299 0.004629629629629629 0.011111111111111112
0 0.3373683958705371 0.6790017228124985 0.004629629629629629 0.011111111111111112
0 0.2631596271350625 0.7527317252980669 0.004629629629629629 0.011111111111111112
0 0.2022585272235315 0.813239914887588 0.004629629629629629 0.011111111111111112
0 0.1602272727272726 0.855 0.004629629629629629 0.011111111111111112
0 0.512708150209007 0.5047931926955672 0.004629629629629629 0.011111111111111112
0 0.8192646669931277 0.2002144598906989 0.004629629629629629 0.011111111111111112
0 0.46121299209933975 0.5559561239787204 0.004629629629629629 0.011111111111111112
0 0.5116661992522855 0.5058284213880517 0.004629629629629629 0.011111111111111112
0 0.25820937296130764 0.75765004234812 0.004629629629629629 0.011111111111111112
0 0.40211435865022505 0.6146734759217117 0.004629629629629629 0.011111111111111112
