0 0.4254880260006994 0.5914506064251116 0.004629629629629629 0.011111111111111112
0 0.31229315909738253 0.7039151838645361 0.004629629629629629 0.011111111111111112
0 0.21269843418818485 0.8028673621614164 0.004629629629629629 0.011111111111111112
0 0.3939363897590697 0.6227986837232469 0.004629629629629629 0.011111111111111112
0 0.16995063159228987 0.8453393724824991 0.004629629629629629 0.011111111111111112
0 0.25663195647008913 0.7592172819587502 0.004629629629629629 0.011111111111111112
0 0.22618661459746273 0.7894662022709079 0.004629629629629629 0.011111111111111112
0 0.42738839088440983 0.5895625019600058 0.004629629629629629 0.011111111111111112
0 0.3640946683902146 0.6524478778574643 0.004629629629629629 0.011111111111111112
0 0.5198053319502619 0.4977417992236109 0.004629629629629629 0.011111111111111112
0 0.8100400480839801 0.20937956512946493 0.004629629629629629 0.011111111111111112
0 0.3024027046874311 0.7137418288911975 0.004629629629629629 0.011111111111111112
0 0.6095212469231585 0.4086046966053782 0.004629629629629629 0.011111111111111112
0 0.36925459476543326 0.6473212413298277 0.004629629629629629 0.011111111111111112
0 0.6671824179485427 0.35131553313499625 0.004629629629629629 0.011111111111111112
0 0.31014497426873305 0.7060495094362266 0.004629629629629629 0.011111111111111112
0 0.8647727272727272 0.155 0.004629629629629629 0.011111111111111112
0 0.26933939113885297 0.7465918307394622 0.004629629629629629 0.011111111111111112
0 0.45080998698582114 0.5662920129302164 0.004629629629629629 0.011111111111111112
0 0.2217637662349749 0.7938605161278314 0.004629629629629629 0.011111111111111112
0 0.16022727272727272 0.855 0.004629629629629629 0.011111111111111112
0 0.17045684656121224 0.8448364234166019 0.004629629629629629 0.011111111111111112
0 0.27673948605794557 0.7392394783682347 0.004629629629629629 0.011111111111111112
0 0.19790276834945553 0.8175675720915088 0.004629629629629629 0.011111111111111112
0 0.5485918712657148 0.46914097951664463 0.004629629629629629 0.011111111111111112
0 0.5779862871443885 0.43993620503073666 0.004629629629629629 0.011111111111111112
0 0.23406097035613205 0.7816426488074559 0.004629629629629629 0.011111111111111112
0 0.2652868042338142 0.750618271922533 0.004629629629629629 0.011111111111111112
0 0.1713283526136307 0.8439705399838766 0.004629629629629629 0.011111111111111112
0 0.19538017732730067 0.8200738883328754 0.004629629629629629 0.011111111111111112
