0 0.7841584188624907 0.23509421609791253 0.004629629629629629 0.011111111111111112
0 0.6931668708670938 0.32549872184817774 0.004629629629629629 0.011111111111111112
0 0.5527921668259572 0.4649677826374359 0.004629629629629629 0.011111111111111112
0 0.5509100475687402 0.4668377591897678 0.004629629629629629 0.011111111111111112
0 0.48931879601331557 0.5280316478319317 0.004629629629629629 0.011111111111111112
0 0.7741259213769122 0.24506198779326144 0.004629629629629629 0.011111111111111112
0 0.4691026423135053 0.5481173747336786 0.004629629629629629 0.011111111111111112
0 0.38240160505354465 0.6342590504629297 0.004629629629629629 0.011111111111111112
0 0.4615709301487645 0.555600495207034 0.004629629629629629 0.011111111111111112
0 0.4848700883881025 0.5324516541176271 0.004629629629629629 0.011111111111111112
0 0.1602272727272726 0.855 0.004629629629629629 0.011111111111111112
0 0.37275354749540407 0.6438448624884372 0.004629629629629629 0.011111111111111112
0 0.8330662720400676 0.18650189745696502 0.004629629629629629 0.011111111111111112
0 0.8647727272727272 0.155 0.004629629629629629 0.011111111111111112
0 0.35437291115916697 0.6621069140741178 0.004629629629629629 0.011111111111111112
0 0.43435302847246615 0.5826427975176787 0.004629629629629629 0.011111111111111112
0 0.8488519340962074 0.17081807838183272 0.004629629629629629 0.011111111111111112
0 0.6008337153440737 0.4172361795936299 0.004629629629629629 0.011111111111111112
0 0.6521698609406026 0.36623123493643356 0.004629629629629629 0.011111111111111112
0 0.8132275445061995 0.2062126332002922 0.004629629629629629 0.011111111111111112
0 0.7250204203000205 0.293850679185786 0.004629629629629629 0.011111111111111112
0 0.733409205188993 0.2855160154896457 0.004629629629629629 0.011111111111111112
0 0.47437685608575947 0.5428771881470518 0.004629629629629629 0.011111111111111112
0 0.41726910054546823 0.599616506554825 0.004629629629629629 0.011111111111111112
0 0.35325939442253734 0.6632132468318016 0.004629629629629629 0.011111111111111112
0 0.6687554781886713 0.34975262167061044 0.004629629629629629 0.011111111111111112
0 0.8107547153051292 0.20866950866458125 0.004629629629629629 0.011111111111111112
0 0.29262550938803356 0.7234559455112439 0.004629629629629629 0.011111111111111112
0 0.8095343307784347 0.20988201974271647 0.004629629629629629 0.011111111111111112
0 0.6323486096260437 0.3859246072102534 0.004629629629629629 0.011111111111111112
