0 0.6631522544330931 0.3553196955955076 0.004629629629629629 0.011111111111111112
0 0.7336434749470868 0.285283257149346 0.004629629629629629 0.011111111111111112
0 0.7678594444271145 0.2512880358595121 0.004629629629629629 0.011111111111111112
0 0.8211578638958844 0.19833347716150854 0.004629629629629629 0.011111111111111112
0 0.41140399427103486 0.6054437734339395 0.004629629629629629 0.011111111111111112
0 0.7947966818895008 0.22452458702591538 0.004629629629629629 0.011111111111111112
0 0.7692825075536981 0.2498741537853581 0.004629629629629629 0.011111111111111112
0 0.6125968338410632 0.4055489521837179 0.004629629629629629 0.011111111111111112
0 0.6313240890797209 0.3869425179465999 0.004629629629629629 0.011111111111111112
0 0.8643952633386877 0.1553750286828524 0.004629629629629629 0.011111111111111112
0 0.7032458286896508 0.31548478955995995 0.004629629629629629 0.011111111111111112
0 0.16022727272727272 0.855 0.004629629629629629 0.011111111111111112
0 0.8480063305176162 0.17165822645346532 0.004629629629629629 0.011111111111111112
0 0.7416782715946797 0.2773002978994797 0.004629629629629629 0.011111111111111112
0 0.7414929780708568 0.2774843959812132 0.004629629629629629 0.011111111111111112
0 0.8433726759535677 0.17626198647193939 0.004629629629629629 0.011111111111111112
0 0.7431979696295753 0.275790404368035 0.004629629629629629 0.011111111111111112
0 0.511144428103 0.506346826271858 0.004629629629629629 0.011111111111111112
0 0.7962712180381476 0.22305956401371158 0.004629629629629629 0.011111111111111112
0 0.7266640121690193 0.29221769113529694 0.004629629629629629 0.011111111111111112
0 0.4985820678971392 0.5188281389925198 0.004629629629629629 0.011111111111111112
0 0.49230442347487896 0.5250652824830235 0.004629629629629629 0.011111111111111112
0 0.5435662797436562 0.4741341478675931 0.004629629629629629 0.011111111111111112
0 0.7629411887087237 0.2561745608958488 0.004629629629629629 0.011111111111111112
0 0.8596023863673791 0.16013698386724934 0.004629629629629629 0.011111111111111112
0 0.8102773096610781 0.20914383427221925 0.004629629629629629 0.011111111111111112
0 0.7078302198505522 0.3109299751162257 0.004629629629629629 0.011111111111111112
0 0.8423937076654479 0.17723463883561977 0.004629629629629629 0.011111111111111112
0 0.8647727272727275 0.155 0.004629629629629629 0.011111111111111112
0 0.5633298290230497 0.45449810535774415 0.004629629629629629 0.011111111111111112
