0 0.3760420409514802 0.6405775851191745 0.004629629629629629 0.011111111111111112
0 0.4129235235712318 0.6039340475485826 0.004629629629629629 0.011111111111111112
0 0.20200631497078358 0.8134904999645118 0.004629629629629629 0.011111111111111112
0 0.3655225578770991 0.6510292005608177 0.004629629629629629 0.011111111111111112
0 0.2896002120187287 0.7264617248330051 0.004629629629629629 0.011111111111111112
0 0.32878127584281247 0.6875334420658509 0.004629629629629629 0.011111111111111112
0 0.5296001617040826 0.48801016191981467 0.004629629629629629 0.011111111111111112
0 0.20491962261845045 0.8105959878500557 0.004629629629629629 0.011111111111111112
0 0.2521010635028356 0.763718943358473 0.004629629629629629 0.011111111111111112
0 0.17425046580476555 0.8410672791359103 0.004629629629629629 0.011111111111111112
0 0.704614285199737 0.3141251618015517 0.004629629629629629 0.011111111111111112
0 0.2850270554120211 0.7310053772035403 0.004629629629629629 0.011111111111111112
0 0.3538217341597891 0.6626545350928548 0.004629629629629629 0.011111111111111112
0 0.38422854328792216 0.6324438989268385 0.004629629629629629 0.011111111111111112
0 0.3289583270482981 0.6873575331262071 0.004629629629629629 0.011111111111111112
0 0.3837802534966649 0.6328892965258942 0.004629629629629629 0.011111111111111112
0 0.2777496360202555 0.7382358455024558 0.004629629629629629 0.011111111111111112
0 0.3231155006270797 0.693162663893095 0.004629629629629629 0.011111111111111112
0 0.5575398493728659 0.4602507303005073 0.004629629629629629 0.011111111111111112
0 0.3824200786397545 0.6342406960611471 0.004629629629629629 0.011111111111111112
0 0.3655558482485639 0.650996124965943 0.004629629629629629 0.011111111111111112
0 0.3643767212588238 0.6521676446847815 0.004629629629629629 0.011111111111111112
0 0.16022727272727275 0.855 0.004629629629629629 0.011111111111111112
0 0.5236652599404544 0.4939067739946452 0.004629629629629629 0.011111111111111112
0 0.8647727272727272 0.155 0.004629629629629629 0.011111111111111112
0 0.3428011455403366 0.6736040231405689 0.004629629629629629 0.011111111111111112
0 0.41845465311089447 0.5984386027156274 0.004629629629629629 0.011111111111111112
0 0.28377503569368834 0.7322493193753032 0.004629629629629629 0.011111111111111112
0 0.3895771563978264 0.6271297929982886 0.004629629629629629 0.011111111111111112
0 0.5835999224099361 0.4343587867669022 0.004629629629629629 0.011111111111111112
