0 0.28806397063194383 0.7279880549850365 0.004629629629629629 0.011111111111111112
0 0.6251243051343025 0.39310230328591866 0.004629629629629629 0.011111111111111112
0 0.7165132768578464 0.302302937831559 0.004629629629629629 0.011111111111111112
0 0.3866029148502543 0.6300848458907151 0.004629629629629629 0.011111111111111112
0 0.2447144261328349 0.7710579250035059 0.004629629629629629 0.011111111111111112
0 0.5512704131823158 0.4664797185156345 0.004629629629629629 0.011111111111111112
0 0.33883738415449394 0.6775422118723092 0.004629629629629629 0.011111111111111112
0 0.6525816201883821 0.36582213219993015 0.004629629629629629 0.011111111111111112
0 0.5733272791763452 0.4445651548828571 0.004629629629629629 0.011111111111111112
0 0.4766975266145846 0.5405714896861546 0.004629629629629629 0.011111111111111112
0 0.6915807786754825 0.32707458118694 0.004629629629629629 0.011111111111111112
0 0.35668992869740396 0.6598048450361278 0.004629629629629629 0.011111111111111112
0 0.6095716029698774 0.40855466543637975 0.004629629629629629 0.011111111111111112
0 0.21685265532572479 0.7987399424505702 0.004629629629629629 0.011111111111111112
0 0.5119870224473256 0.5055096680200765 0.004629629629629629 0.011111111111111112
0 0.24753366766897036 0.7682568721224423 0.004629629629629629 0.011111111111111112
0 0.6981491043682193 0.32054863178899495 0.004629629629629629 0.011111111111111112
0 0.16022727272727272 0.855 0.004629629629629629 0.011111111111111112
0 0.5081255109395115 0.5093462665504208 0.004629629629629629 0.011111111111111112
0 0.8508378856764194 0.16884493939246067 0.004629629629629629 0.011111111111111112
0 0.24543638186671193 0.7703406270485572 0.004629629629629629 0.011111111111111112
0 0.3766446112878396 0.6399789023333723 0.004629629629629629 0.011111111111111112
0 0.7286983658376257 0.2901964623290687 0.004629629629629629 0.011111111111111112
0 0.8647727272727275 0.1549999999999999 0.004629629629629629 0.011111111111111112
0 0.5128305038085396 0.5046716284740962 0.004629629629629629 0.011111111111111112
0 0.40350988601526266 0.6132869519590294 0.004629629629629629 0.011111111111111112
0 0.5649859576997233 0.45285266138221036 0.004629629629629629 0.011111111111111112
0 0.5625719433874659 0.45525110140858227 0.004629629629629629 0.011111111111111112
0 0.6158795600255765 0.40228740487781417 0.004629629629629629 0.011111111111111112
0 0.6473952703812832 0.3709750216856928 0.004629629629629629 0.011111111111111112
