0 0.4152372860454144 0.6016352125742335 0.004629629629629629 0.011111111111111112
0 0.7930813684568081 0.22622883392033247 0.004629629629629629 0.011111111111111112
0 0.42175650505043394 0.5951580530466656 0.004629629629629629 0.011111111111111112
0 0.4892744281442535 0.5280757294566772 0.004629629629629629 0.011111111111111112
0 0.3591185717326516 0.6573918706656235 0.004629629629629629 0.011111111111111112
0 0.8647727272727272 0.155 0.004629629629629629 0.011111111111111112
0 0.5890418772188828 0.4289519413438196 0.004629629629629629 0.011111111111111112
0 0.7277731119609128 0.2911157468259319 0.004629629629629629 0.011111111111111112
0 0.7945040361828338 0.22481534469576514 0.004629629629629629 0.011111111111111112
0 0.4515674980705321 0.565539389013794 0.004629629629629629 0.011111111111111112
0 0.6293243822940536 0.38892932339816605 0.004629629629629629 0.011111111111111112
0 0.6005328173332817 0.41753513632693295 0.004629629629629629 0.011111111111111112
0 0.38931095430316864 0.6273942776600776 0.004629629629629629 0.011111111111111112
0 0.16637884743496179 0.8488881128710702 0.004629629629629629 0.011111111111111112
0 0.3638532403942715 0.6526877482534335 0.004629629629629629 0.011111111111111112
0 0.7601064998229206 0.2589909614662595 0.004629629629629629 0.011111111111111112
0 0.28422986273503226 0.7317974267019679 0.004629629629629629 0.011111111111111112
0 0.7216134179802192 0.29723570084545964 0.004629629629629629 0.011111111111111112
0 0.8473770704654123 0.17228342676339684 0.004629629629629629 0.011111111111111112
0 0.4911997418498025 0.5261628371298737 0.004629629629629629 0.011111111111111112
0 0.5042479109280003 0.5131988497876643 0.004629629629629629 0.011111111111111112
0 0.6917648678111542 0.32689167972311123 0.004629629629629629 0.011111111111111112
0 0.6230930177547148 0.3951204855856382 0.004629629629629629 0.011111111111111112
0 0.3818868504698537 0.6347704840493067 0.004629629629629629 0.011111111111111112
0 0.16022727272727275 0.855 0.004629629629629629 0.011111111111111112
0 0.6758871666309287 0.34266694412152876 0.004629629629629629 0.011111111111111112
0 0.29679955712973355 0.7193088271098131 0.004629629629629629 0.011111111111111112
0 0.5487099343853685 0.469023678094537 0.004629629629629629 0.011111111111111112
0 0.2890354434022034 0.7270228497810366 0.004629629629629629 0.011111111111111112
0 0.42006410111832904 0.5968395382437247 0.004629629629629629 0.011111111111111112
