0 0.37159090909090914 0.645 0.004629629629629629 0.011111111111111112
0 0.30113636363636365 0.715 0.004629629629629629 0.011111111111111112
0 0.4420454545454546 0.575 0.004629629629629629 0.011111111111111112
0 0.8647727272727272 0.155 0.004629629629629629 0.011111111111111112
0 0.5125 0.505 0.004629629629629629 0.011111111111111112
0 0.37159090909090914 0.645 0.004629629629629629 0.011111111111111112
0 0.37159090909090914 0.645 0.004629629629629629 0.011111111111111112
0 0.4420454545454546 0.575 0.004629629629629629 0.011111111111111112
0 0.6534090909090908 0.365 0.004629629629629629 0.011111111111111112
0 0.16022727272727275 0.855 0.004629629629629629 0.011111111111111112
0 0.5125 0.505 0.004629629629629629 0.011111111111111112
0 0.5829545454545454 0.435 0.004629629629629629 0.011111111111111112
0 0.8647727272727272 0.155 0.004629629629629629 0.011111111111111112
0 0.37159090909090914 0.645 0.004629629629629629 0.011111111111111112
0 0.5829545454545454 0.435 0.004629629629629629 0.011111111111111112
0 0.37159090909090914 0.645 0.004629629629629629 0.011111111111111112
0 0.37159090909090914 0.645 0.004629629629629629 0.011111111111111112
0 0.5125 0.505 0.004629629629629629 0.011111111111111112
0 0.37159090909090914 0.645 0.004629629629629629 0.011111111111111112
0 0.5125 0.505 0.004629629629629629 0.011111111111111112
0 0.30113636363636365 0.715 0.004629629629629629 0.011111111111111112
0 0.23068181818181818 0.785 0.004629629629629629 0.011111111111111112
0 0.16022727272727275 0.855 0.004629629629629629 0.011111111111111112
0 0.5125 0.505 0.004629629629629629 0.011111111111111112
0 0.23068181818181818 0.785 0.004629629629629629 0.011111111111111112
0 0.5125 0.505 0.004629629629629629 0.011111111111111112
0 0.4420454545454546 0.575 0.004629629629629629 0.011111111111111112
0 0.37159090909090914 0.645 0.004629629629629629 0.011111111111111112
0 0.30113636363636365 0.715 0.004629629629629629 0.011111111111111112
0 0.30113636363636365 0.715 0.004629629629629629 0.011111111111111112
