0 0.24327528927945077 0.7724877771029973 0.004629629629629629 0.011111111111111112
0 0.21059032859941346 0.8049618670689699 0.004629629629629629 0.011111111111111112
0 0.8647727272727272 0.155 0.004629629629629629 0.011111111111111112
0 0.30498374976951276 0.7111774357128712 0.004629629629629629 0.011111111111111112
0 0.6308730101678117 0.3873906866719807 0.004629629629629629 0.011111111111111112
0 0.3642302425189597 0.6523131784005175 0.004629629629629629 0.011111111111111112
0 0.2893834967807173 0.7266770419081906 0.004629629629629629 0.011111111111111112
0 0.47094405394794014 0.5462878431743047 0.004629629629629629 0.011111111111111112
0 0.24655164557164747 0.769232558593331 0.004629629629629629 0.011111111111111112
0 0.16022727272727275 0.855 0.004629629629629629 0.011111111111111112
0 0.48994580589812986 0.5274086831721807 0.004629629629629629 0.011111111111111112
0 0.1870051387976093 0.8283948943559237 0.004629629629629629 0.011111111111111112
0 0.2936149366043744 0.722472901696299 0.004629629629629629 0.011111111111111112
0 0.5168882249939937 0.5006400861349999 0.004629629629629629 0.011111111111111112
0 0.33349909959117185 0.6828460558900615 0.004629629629629629 0.011111111111111112
0 0.29087812693749715 0.7251920545266157 0.004629629629629629 0.011111111111111112
0 0.47275867709341524 0.5444849272749293 0.004629629629629629 0.011111111111111112
0 0.19403275865869019 0.8214126139778175 0.004629629629629629 0.011111111111111112
0 0.28597607421171667 0.7300624811057783 0.004629629629629629 0.011111111111111112
0 0.37051330876524724 0.6460706480654962 0.004629629629629629 0.011111111111111112
0 0.5112686849996956 0.5062233710325605 0.004629629629629629 0.011111111111111112
0 0.5965290231136569 0.4215130996161088 0.004629629629629629 0.011111111111111112
0 0.16025250016267512 0.8549749353222454 0.004629629629629629 0.011111111111111112
0 0.23538417239409398 0.7803279835568356 0.004629629629629629 0.011111111111111112
0 0.260073439560251 0.7557980019852991 0.004629629629629629 0.011111111111111112
0 0.23569641588552004 0.7800177545395479 0.004629629629629629 0.011111111111111112
0 0.6442746768001261 0.37407548240503613 0.004629629629629629 0.011111111111111112
0 0.2321861863297922 0.7835053374529807 0.004629629629629629 0.011111111111111112
0 0.3204945843094237 0.6957666710732178 0.004629629629629629 0.011111111111111112
0 0.8447897929318018 0.1748540121838871 0.004629629629629629 0.011111111111111112
