0 0.2712846976624183 0.744659074580565 0.004629629629629629 0.011111111111111112
0 0.6615754694093745 0.35688630781262154 0.004629629629629629 0.011111111111111112
0 0.3892492773158644 0.6274555567313347 0.004629629629629629 0.011111111111111112
0 0.3774069761983055 0.6392214559061997 0.004629629629629629 0.011111111111111112
0 0.43926045805903197 0.5777670287671554 0.004629629629629629 0.011111111111111112
0 0.16974955387444102 0.8455391529247489 0.004629629629629629 0.011111111111111112
0 0.6591111683133744 0.35933471019187324 0.004629629629629629 0.011111111111111112
0 0.2269861936353287 0.7886717818074799 0.004629629629629629 0.011111111111111112
0 0.46180998240577026 0.555362985222654 0.004629629629629629 0.011111111111111112
0 0.45525784048404955 0.5618728552610088 0.004629629629629629 0.011111111111111112
0 0.6861744859538358 0.332445994600705 0.004629629629629629 0.011111111111111112
0 0.2312537747517698 0.7844317334724351 0.004629629629629629 0.011111111111111112
0 0.36984282170061344 0.6467368094071324 0.004629629629629629 0.011111111111111112
0 0.41906168670319754 0.5978354854690812 0.004629629629629629 0.011111111111111112
0 0.3054826311373455 0.7106817729345084 0.004629629629629629 0.011111111111111112
0 0.346565078904212 0.6698643732177506 0.004629629629629629 0.011111111111111112
0 0.3674425635711895 0.6491215820002376 0.004629629629629629 0.011111111111111112
0 0.4931501300092726 0.5242250321198194 0.004629629629629629 0.011111111111111112
0 0.5423487636154639 0.4753438090530228 0.004629629629629629 0.011111111111111112
0 0.3688671238068598 0.6477062124757651 0.004629629629629629 0.011111111111111112
0 0.8647727272727272 0.155 0.004629629629629629 0.011111111111111112
0 0.342086332843581 0.6743142241425066 0.004629629629629629 0.011111111111111112
0 0.5810682130157269 0.4368741625521166 0.004629629629629629 0.011111111111111112
0 0.16022727272727272 0.855 0.004629629629629629 0.011111111111111112
0 0.4527008375826829 0.5644133613694635 0.004629629629629629 0.011111111111111112
0 0.3489355349563753 0.66750921043044 0.004629629629629629 0.011111111111111112
0 0.4750540857541747 0.5422043277023039 0.004629629629629629 0.011111111111111112
0 0.39726177610525126 0.6194947514825245 0.004629629629629629 0.011111111111111112
0 0.25965040055270056 0.7562183117089298 0.004629629629629629 0.011111111111111112
0 0.295186058492689 0.7209119160782316 0.004629629629629629 0.011111111111111112
