0 0.6703727168749777 0.34814581678228024 0.004629629629629629 0.011111111111111112
0 0.7630905034594795 0.2560262094660657 0.004629629629629629 0.011111111111111112
0 0.30509926347873045 0.7110626672533904 0.004629629629629629 0.011111111111111112
0 0.3032276251859933 0.712922230460368 0.004629629629629629 0.011111111111111112
0 0.8082714777691506 0.21113672531323108 0.004629629629629629 0.011111111111111112
0 0.34652878662804243 0.669900431350203 0.004629629629629629 0.011111111111111112
0 0.31980983608916197 0.6964470015630262 0.004629629629629629 0.011111111111111112
0 0.43499946242416343 0.5820005341076054 0.004629629629629629 0.011111111111111112
0 0.8647727272727275 0.155 0.004629629629629629 0.011111111111111112
0 0.2166647427170368 0.7989266427198473 0.004629629629629629 0.011111111111111112
0 0.8090717062522669 0.21034165959452206 0.004629629629629629 0.011111111111111112
0 0.6937765946113875 0.3248929318054602 0.004629629629629629 0.011111111111111112
0 0.5965782212621258 0.42146421887504926 0.004629629629629629 0.011111111111111112
0 0.3254923283252788 0.6908011705671424 0.004629629629629629 0.011111111111111112
0 0.7217291749447577 0.29712069070004715 0.004629629629629629 0.011111111111111112
0 0.40980192741600374 0.6070355043737771 0.004629629629629629 0.011111111111111112
0 0.5564997420300684 0.4612841272733515 0.004629629629629629 0.011111111111111112
0 0.18026283747465774 0.8350936969606627 0.004629629629629629 0.011111111111111112
0 0.340796541992279 0.6755956937625098 0.004629629629629629 0.011111111111111112
0 0.2858475451585471 0.73019018093925 0.004629629629629629 0.011111111111111112
0 0.4435507648387279 0.5735044013860381 0.004629629629629629 0.011111111111111112
0 0.7656640346039784 0.2534692817483054 0.004629629629629629 0.011111111111111112
0 0.43176517739556536 0.5852139527811803 0.004629629629629629 0.011111111111111112
0 0.20567575845239908 0.8098447303118099 0.004629629629629629 0.011111111111111112
0 0.3716259082391026 0.6449652266527626 0.004629629629629629 0.011111111111111112
0 0.22838831454126562 0.7872787068428717 0.004629629629629629 0.011111111111111112
0 0.5246791211054969 0.49289945386937745 0.004629629629629629 0.011111111111111112
0 0.16022727272727275 0.855 0.004629629629629629 0.011111111111111112
0 0.3164950335965329 0.6997404182331223 0.004629629629629629 0.011111111111111112
0 0.8573399396041513 0.16238483419974659 0.004629629629629629 0.011111111111111112
