0 0.582976691739467 0.4349779965943361 0.004629629629629629 0.011111111111111112
0 0.8267676879324659 0.19275984553806608 0.004629629629629629 0.011111111111111112
0 0.7293090594971826 0.2895897086286058 0.004629629629629629 0.011111111111111112
0 0.6295015525846129 0.38875329614173937 0.004629629629629629 0.011111111111111112
0 0.8402108999248111 0.17940336394567147 0.004629629629629629 0.011111111111111112
0 0.8315688513383723 0.18798965737993978 0.004629629629629629 0.011111111111111112
0 0.8515709936666275 0.16811656113122184 0.004629629629629629 0.011111111111111112
0 0.703205523071328 0.3155248351420354 0.004629629629629629 0.011111111111111112
0 0.6622776371511507 0.3561886701853083 0.004629629629629629 0.011111111111111112
0 0.5970429314562907 0.42100250681116913 0.004629629629629629 0.011111111111111112
0 0.6909235499733706 0.32772756970387695 0.004629629629629629 0.011111111111111112
0 0.6123741971564529 0.40577015250262094 0.004629629629629629 0.011111111111111112
0 0.8477601909121284 0.17190277806149823 0.004629629629629629 0.011111111111111112
0 0.7917498132539259 0.2275517984444865 0.004629629629629629 0.011111111111111112
0 0.841697181548079 0.17792667123610215 0.004629629629629629 0.011111111111111112
0 0.5654576020271099 0.45238405992145214 0.004629629629629629 0.011111111111111112
0 0.6358188272487467 0.382476778088342 0.004629629629629629 0.011111111111111112
0 0.8647727272727272 0.1550000000000001 0.004629629629629629 0.011111111111111112
0 0.46411317858085777 0.5530746483777285 0.004629629629629629 0.011111111111111112
0 0.7931116188372376 0.2261987787036479 0.004629629629629629 0.011111111111111112
0 0.7429486260379635 0.27603813929131366 0.004629629629629629 0.011111111111111112
0 0.8069741219878076 0.21242571105727495 0.004629629629629629 0.011111111111111112
0 0.7048963591918488 0.3138449076416471 0.004629629629629629 0.011111111111111112
0 0.7619236461865622 0.25718553862754456 0.004629629629629629 0.011111111111111112
0 0.7501539745916286 0.26887927685734964 0.004629629629629629 0.011111111111111112
0 0.5113329025680021 0.5061595677711462 0.004629629629629629 0.011111111111111112
0 0.8493138533031678 0.17035913929878813 0.004629629629629629 0.011111111111111112
0 0.7865311929628922 0.23273675021751353 0.004629629629629629 0.011111111111111112
0 0.16022727272727275 0.855 0.004629629629629629 0.011111111111111112
0 0.7702718076097559 0.24889123631030713 0.004629629629629629 0.011111111111111112
