0 0.3852541895806773 0.6314248697069399 0.004629629629629629 0.011111111111111112
0 0.16022727272727275 0.855 0.004629629629629629 0.011111111111111112
0 0.7294728287257041 0.2894269959757521 0.004629629629629629 0.011111111111111112
0 0.2678160963696006 0.7481052978005259 0.004629629629629629 0.011111111111111112
0 0.21163914090275338 0.8039198212966192 0.004629629629629629 0.011111111111111112
0 0.7466415739218214 0.2723690168776742 0.004629629629629629 0.011111111111111112
0 0.48432383724882033 0.5329943810560107 0.004629629629629629 0.011111111111111112
0 0.44480715612080235 0.5722561158541705 0.004629629629629629 0.011111111111111112
0 0.33326203605790694 0.6830815899811763 0.004629629629629629 0.011111111111111112
0 0.22018812148067993 0.7954259954320987 0.004629629629629629 0.011111111111111112
0 0.22985974597037598 0.7858167685197556 0.004629629629629629 0.011111111111111112
0 0.3340899677730881 0.6822589997609319 0.004629629629629629 0.011111111111111112
0 0.3039618147914886 0.7121927775620049 0.004629629629629629 0.011111111111111112
0 0.44694421669271606 0.5701328427698177 0.004629629629629629 0.011111111111111112
0 0.5994637565771262 0.41859729991691985 0.004629629629629629 0.011111111111111112
0 0.35792613538688517 0.6585766138736754 0.004629629629629629 0.011111111111111112
0 0.4616310398654635 0.5555407732949588 0.004629629629629629 0.011111111111111112
0 0.8647727272727272 0.1549999999999999 0.004629629629629629 0.011111111111111112
0 0.3532478942536998 0.6632246728060014 0.004629629629629629 0.011111111111111112
0 0.31401573705976754 0.7022037193083599 0.004629629629629629 0.011111111111111112
0 0.35405587037943875 0.6624219094294608 0.004629629629629629 0.011111111111111112
0 0.21952176813483826 0.7960880497240962 0.004629629629629629 0.011111111111111112
0 0.3715248517677093 0.6450656311469211 0.004629629629629629 0.011111111111111112
0 0.42206832799976124 0.5948482418583018 0.004629629629629629 0.011111111111111112
0 0.3763722935419126 0.6402494631906158 0.004629629629629629 0.011111111111111112
0 0.5883797380003036 0.42960980869647253 0.004629629629629629 0.011111111111111112
0 0.3172199365588847 0.699020192064076 0.004629629629629629 0.011111111111111112
0 0.4004744965443571 0.616302758272058 0.004629629629629629 0.011111111111111112
0 0.6289966905654736 0.3892549009865617 0.004629629629629629 0.011111111111111112
0 0.18556645294459287 0.8298242983647272 0.004629629629629629 0.011111111111111112
