0 0.60253309468627 0.4155477639891255 0.004629629629629629 0.011111111111111112
0 0.16022727272727272 0.8550000000000002 0.004629629629629629 0.011111111111111112
0 0.35749772557259024 0.6590022597536848 0.004629629629629629 0.011111111111111112
0 0.7282055092902842 0.29068613915674996 0.004629629629629629 0.011111111111111112
0 0.48609402003907654 0.5312356187998856 0.004629629629629629 0.011111111111111112
0 0.555997404047903 0.4617832243653095 0.004629629629629629 0.011111111111111112
0 0.7918310619063507 0.22747107397691638 0.004629629629629629 0.011111111111111112
0 0.5560377545898486 0.46174313414944096 0.004629629629629629 0.011111111111111112
0 0.773428284302533 0.24575512398328989 0.004629629629629629 0.011111111111111112
0 0.5224344812030648 0.49512961222405216 0.004629629629629629 0.011111111111111112
0 0.6009698843363137 0.4171008891110175 0.004629629629629629 0.011111111111111112
0 0.5726820137268857 0.445206257329417 0.004629629629629629 0.011111111111111112
0 0.7457218360028933 0.27328282100357726 0.004629629629629629 0.011111111111111112
0 0.8164017622530042 0.20305889427766077 0.004629629629629629 0.011111111111111112
0 0.4658359453184827 0.5513629962642174 0.004629629629629629 0.011111111111111112
0 0.7885078042618551 0.23077289124951175 0.004629629629629629 0.011111111111111112
0 0.41924619770093385 0.5976521648648788 0.004629629629629629 0.011111111111111112
0 0.18841845908976743 0.826990692259199 0.004629629629629629 0.011111111111111112
0 0.8647727272727277 0.15499999999999978 0.004629629629629629 0.011111111111111112
0 0.6007558195562067 0.41731357282802695 0.004629629629629629 0.011111111111111112
0 0.852390050199847 0.16730278883370056 0.004629629629629629 0.011111111111111112
0 0.8060977558730521 0.21329642319709682 0.004629629629629629 0.011111111111111112
0 0.7137658360582094 0.30503265320668266 0.004629629629629629 0.011111111111111112
0 0.8366284552713866 0.18296269605294538 0.004629629629629629 0.011111111111111112
0 0.43588707970852 0.5811186433863739 0.004629629629629629 0.011111111111111112
0 0.6001752068342392 0.4178904396614657 0.004629629629629629 0.011111111111111112
0 0.45843428555247273 0.5587169033865758 0.004629629629629629 0.011111111111111112
0 0.8527305417672799 0.1669644939860575 0.004629629629629629 0.011111111111111112
0 0.8643826017307717 0.1553876086029752 0.004629629629629629 0.011111111111111112
0 0.8309343708912326 0.1886200444048402 0.004629629629629629 0.011111111111111112
