0 0.1891308837663547 0.8262828638708476 0.004629629629629629 0.011111111111111112
0 0.3555870368240241 0.6609006214780665 0.004629629629629629 0.011111111111111112
0 0.616267370340708 0.401902096564716 0.004629629629629629 0.011111111111111112
0 0.1640597070950386 0.851192291015252 0.004629629629629629 0.011111111111111112
0 0.23120574493395088 0.7844794534204617 0.004629629629629629 0.011111111111111112
0 0.20425966216258756 0.8112516904965259 0.004629629629629629 0.011111111111111112
0 0.42465335802682264 0.5922798894443182 0.004629629629629629 0.011111111111111112
0 0.18096815872310815 0.8343929261718797 0.004629629629629629 0.011111111111111112
0 0.573892947885738 0.44400313564900873 0.004629629629629629 0.011111111111111112
0 0.18697823619875034 0.8284216233896288 0.004629629629629629 0.011111111111111112
0 0.1620314189803639 0.8532074934001546 0.004629629629629629 0.011111111111111112
0 0.23408474353389938 0.781619029005029 0.004629629629629629 0.011111111111111112
0 0.1608177034226018 0.8544133785349634 0.004629629629629629 0.011111111111111112
0 0.3179189450079906 0.6983256933468996 0.004629629629629629 0.011111111111111112
0 0.2000103747663205 0.8154735631353978 0.004629629629629629 0.011111111111111112
0 0.49780102467384874 0.519604143227273 0.004629629629629629 0.011111111111111112
0 0.2789138133575201 0.7370791789867221 0.004629629629629629 0.011111111111111112
0 0.39095547501353733 0.6257603667607436 0.004629629629629629 0.011111111111111112
0 0.3852193612181991 0.6314594733703054 0.004629629629629629 0.011111111111111112
0 0.23098641028233038 0.7846973730098137 0.004629629629629629 0.011111111111111112
0 0.4198835499657298 0.5970189245501782 0.004629629629629629 0.011111111111111112
0 0.31424106222035714 0.7019798478584839 0.004629629629629629 0.011111111111111112
0 0.16778476400189268 0.8474912667336034 0.004629629629629629 0.011111111111111112
0 0.2085825698678843 0.8069566725183601 0.004629629629629629 0.011111111111111112
0 0.2773787345019085 0.7386043541077814 0.004629629629629629 0.011111111111111112
0 0.2773545036869425 0.7386284285949087 0.004629629629629629 0.011111111111111112
0 0.16022727272727275 0.855 0.004629629629629629 0.011111111111111112
0 0.18470122134608824 0.8306839478238865 0.004629629629629629 0.011111111111111112
0 0.8647727272727272 0.155 0.004629629629629629 0.011111111111111112
0 0.30233432472232236 0.7138097676952411 0.004629629629629629 0.011111111111111112
