0 0.706074772670037 0.31267409683105996 0.004629629629629629 0.011111111111111112
0 0.7583660713327408 0.260720161385535 0.004629629629629629 0.011111111111111112
0 0.5197915511878858 0.4977554910778425 0.004629629629629629 0.011111111111111112
0 0.2446062806084053 0.7711653728148747 0.004629629629629629 0.011111111111111112
0 0.710470031200446 0.30830719480729885 0.004629629629629629 0.011111111111111112
0 0.16022727272727275 0.855 0.004629629629629629 0.011111111111111112
0 0.2023235676170963 0.8131752941094657 0.004629629629629629 0.011111111111111112
0 0.8173885712125911 0.2020784518274902 0.004629629629629629 0.011111111111111112
0 0.5228238529653354 0.49474275253766675 0.004629629629629629 0.011111111111111112
0 0.3159683011116875 0.7002637524438718 0.004629629629629629 0.011111111111111112
0 0.7826234809161478 0.23661925121879518 0.004629629629629629 0.011111111111111112
0 0.5200069776509045 0.4975414544629723 0.004629629629629629 0.011111111111111112
0 0.8613245810606702 0.15842590010746313 0.004629629629629629 0.011111111111111112
0 0.2626602144731754 0.7532279159427806 0.004629629629629629 0.011111111111111112
0 0.6906161994601054 0.328032937310605 0.004629629629629629 0.011111111111111112
0 0.5980684586956739 0.41998359587655626 0.004629629629629629 0.011111111111111112
0 0.17583961281562321 0.8394883846864131 0.004629629629629629 0.011111111111111112
0 0.2805904885637917 0.7354133210398457 0.004629629629629629 0.011111111111111112
0 0.5760575881321971 0.44185246082349455 0.004629629629629629 0.011111111111111112
0 0.601163955292139 0.4169080702258748 0.004629629629629629 0.011111111111111112
0 0.7272567396955718 0.2916287876573028 0.004629629629629629 0.011111111111111112
0 0.8647727272727272 0.155 0.004629629629629629 0.011111111111111112
0 0.5713331018226578 0.446546466576198 0.004629629629629629 0.011111111111111112
0 0.235074263704981 0.7806358928350512 0.004629629629629629 0.011111111111111112
0 0.2728836015910008 0.7430704861611993 0.004629629629629629 0.011111111111111112
0 0.614248938600658 0.4039075061645076 0.004629629629629629 0.011111111111111112
0 0.763209300368442 0.25590817898877377 0.004629629629629629 0.011111111111111112
0 0.45326004180406804 0.5638577649172486 0.004629629629629629 0.011111111111111112
0 0.6467453732904811 0.3716207258920381 0.004629629629629629 0.011111111111111112
0 0.2901390984747152 0.7259263150638313 0.004629629629629629 0.011111111111111112
