0 0.4358916464485215 0.581114106109211 0.004629629629629629 0.011111111111111112
0 0.2550908425382011 0.76074845322011 0.004629629629629629 0.011111111111111112
0 0.20192795282563145 0.8135683565474371 0.004629629629629629 0.011111111111111112
0 0.18368563333924387 0.8316929836500416 0.004629629629629629 0.011111111111111112
0 0.243274763712701 0.7724882992789939 0.004629629629629629 0.011111111111111112
0 0.24821753536904462 0.767577416472046 0.004629629629629629 0.011111111111111112
0 0.3212749773707651 0.6949913128058205 0.004629629629629629 0.011111111111111112
0 0.4950937190082042 0.5222939824047519 0.004629629629629629 0.011111111111111112
0 0.34966927759455835 0.666780201615729 0.004629629629629629 0.011111111111111112
0 0.23968744107325896 0.7760524779014073 0.004629629629629629 0.011111111111111112
0 0.6518208091307136 0.36657803479916196 0.004629629629629629 0.011111111111111112
0 0.3034860160789378 0.7126655066054424 0.004629629629629629 0.011111111111111112
0 0.20285512437755027 0.8126471667474662 0.004629629629629629 0.011111111111111112
0 0.5679332067282264 0.44992442686356854 0.004629629629629629 0.011111111111111112
0 0.32877002419305806 0.6875446211243166 0.004629629629629629 0.011111111111111112
0 0.21188339826081706 0.8036771397924786 0.004629629629629629 0.011111111111111112
0 0.4731432330825249 0.5441028522922011 0.004629629629629629 0.011111111111111112
0 0.29422084233031937 0.7218709050395536 0.004629629629629629 0.011111111111111112
0 0.3947653243670519 0.6219750970804775 0.004629629629629629 0.011111111111111112
0 0.21003164866617227 0.805516942615545 0.004629629629629629 0.011111111111111112
0 0.2092423067512852 0.8063011920019489 0.004629629629629629 0.011111111111111112
0 0.17926131747145965 0.8360887555444853 0.004629629629629629 0.011111111111111112
0 0.17242782866724302 0.8428781573241586 0.004629629629629629 0.011111111111111112
0 0.1751855164755319 0.8401382610501166 0.004629629629629629 0.011111111111111112
0 0.16022727272727275 0.855 0.004629629629629629 0.011111111111111112
0 0.18773069309414392 0.8276740210548506 0.004629629629629629 0.011111111111111112
0 0.2954883631006716 0.7206115618225586 0.004629629629629629 0.011111111111111112
0 0.21425828583982948 0.8013175740688145 0.004629629629629629 0.011111111111111112
0 0.6145116712197898 0.40364646859453135 0.004629629629629629 0.011111111111111112
0 0.8647727272727272 0.1550000000000001 0.004629629629629629 0.011111111111111112
