0 0.5349662266869447 0.4826787167110357 0.004629629629629629 0.011111111111111112
0 0.2519029390347135 0.7639157896042202 0.004629629629629629 0.011111111111111112
0 0.3303868704362455 0.6859382061472142 0.004629629629629629 0.011111111111111112
0 0.5298182315287232 0.48779349899726854 0.004629629629629629 0.011111111111111112
0 0.3164528823844379 0.6997822975019132 0.004629629629629629 0.011111111111111112
0 0.42521339698341853 0.591723463642281 0.004629629629629629 0.011111111111111112
0 0.20714081696844974 0.8083891237861854 0.004629629629629629 0.011111111111111112
0 0.6055150652500265 0.41258503194513513 0.004629629629629629 0.011111111111111112
0 0.38538080774830435 0.6312990684307169 0.004629629629629629 0.011111111111111112
0 0.2523744779583554 0.7634472928671825 0.004629629629629629 0.011111111111111112
0 0.2858767246695294 0.7301611896831773 0.004629629629629629 0.011111111111111112
0 0.47739158347130833 0.5398819106156034 0.004629629629629629 0.011111111111111112
0 0.16022727272727275 0.855 0.004629629629629629 0.011111111111111112
0 0.4463011148779187 0.5707717955406486 0.004629629629629629 0.011111111111111112
0 0.6088361832332115 0.40928534052958354 0.004629629629629629 0.011111111111111112
0 0.5123850263960174 0.5051142318387957 0.004629629629629629 0.011111111111111112
0 0.36908454804520485 0.6474901909744417 0.004629629629629629 0.011111111111111112
0 0.1884374637280047 0.8269718102315309 0.004629629629629629 0.011111111111111112
0 0.4387175745310475 0.5783064098207658 0.004629629629629629 0.011111111111111112
0 0.5048463168727704 0.5126043045264089 0.004629629629629629 0.011111111111111112
0 0.2817359684683582 0.7342752313282119 0.004629629629629629 0.011111111111111112
0 0.2426700095117999 0.7730891518398891 0.004629629629629629 0.011111111111111112
0 0.2833369640499892 0.7326845647503333 0.004629629629629629 0.011111111111111112
0 0.3272501050700777 0.6890547343174712 0.004629629629629629 0.011111111111111112
0 0.18036977417423278 0.8349874501752784 0.004629629629629629 0.011111111111111112
0 0.186622339571863 0.8287752239092459 0.004629629629629629 0.011111111111111112
0 0.8647727272727272 0.155 0.004629629629629629 0.011111111111111112
0 0.38073193956780943 0.6359179439132733 0.004629629629629629 0.011111111111111112
0 0.42961958429393726 0.5873457033466688 0.004629629629629629 0.011111111111111112
0 0.344776705992739 0.6716412082394723 0.004629629629629629 0.011111111111111112
