0 0.5790024940551527 0.43892655429359023 0.004629629629629629 0.011111111111111112
0 0.4601964165728946 0.5569661409533821 0.004629629629629629 0.011111111111111112
0 0.22535525791936337 0.7902921953575358 0.004629629629629629 0.011111111111111112
0 0.5741647875777048 0.44373304976150607 0.004629629629629629 0.011111111111111112
0 0.5007528703802183 0.5166713416867508 0.004629629629629629 0.011111111111111112
0 0.22648882996293726 0.789165936681985 0.004629629629629629 0.011111111111111112
0 0.351927032470236 0.6645370129005398 0.004629629629629629 0.011111111111111112
0 0.24651374182252062 0.7692702178021408 0.004629629629629629 0.011111111111111112
0 0.1604656505348347 0.8547631601137771 0.004629629629629629 0.011111111111111112
0 0.5411105714920611 0.4765740128401458 0.004629629629629629 0.011111111111111112
0 0.5331274385643652 0.48450564168443716 0.004629629629629629 0.011111111111111112
0 0.2797020064443848 0.7362960710165466 0.004629629629629629 0.011111111111111112
0 0.8274206699397991 0.19211107631787694 0.004629629629629629 0.011111111111111112
0 0.4410474352227572 0.5759915804883574 0.004629629629629629 0.011111111111111112
0 0.6547070582504868 0.36371040664145177 0.004629629629629629 0.011111111111111112
0 0.6775855197592605 0.3409795481101539 0.004629629629629629 0.011111111111111112
0 0.38714068897608644 0.6295505412753721 0.004629629629629629 0.011111111111111112
0 0.4096442675256919 0.6071921471035061 0.004629629629629629 0.011111111111111112
0 0.16022727272727272 0.855 0.004629629629629629 0.011111111111111112
0 0.4314169161091354 0.5855599672206009 0.004629629629629629 0.011111111111111112
0 0.31618497104565946 0.7000484803804415 0.004629629629629629 0.011111111111111112
0 0.5890628899741938 0.42893106415467197 0.004629629629629629 0.011111111111111112
0 0.6016901732217157 0.4163852472506824 0.004629629629629629 0.011111111111111112
0 0.18783622500488212 0.8275691699951494 0.004629629629629629 0.011111111111111112
0 0.5897967226501674 0.42820196588305953 0.004629629629629629 0.011111111111111112
0 0.852739952720703 0.16695514374846265 0.004629629629629629 0.011111111111111112
0 0.43782415511312706 0.5791940652424414 0.004629629629629629 0.011111111111111112
0 0.345197693319386 0.6712229369600938 0.004629629629629629 0.011111111111111112
0 0.8647727272727272 0.155 0.004629629629629629 0.011111111111111112
0 0.6149937754614148 0.40316747470285236 0.004629629629629629 0.011111111111111112
