0 0.6702553385939385 0.34826243778408694 0.004629629629629629 0.011111111111111112
0 0.33344882527329567 0.6828960058574999 0.004629629629629629 0.011111111111111112
0 0.17674582035705658 0.8385880236452471 0.004629629629629629 0.011111111111111112
0 0.8647727272727272 0.155 0.004629629629629629 0.011111111111111112
0 0.7793765515460657 0.23984523265745736 0.004629629629629629 0.011111111111111112
0 0.3024429000011164 0.7137018929021166 0.004629629629629629 0.011111111111111112
0 0.2139244936807855 0.8016492127300583 0.004629629629629629 0.011111111111111112
0 0.16022727272727272 0.855 0.004629629629629629 0.011111111111111112
0 0.17754859873396078 0.8377904244836777 0.004629629629629629 0.011111111111111112
0 0.19530374268433756 0.8201498298491098 0.004629629629629629 0.011111111111111112
0 0.7203369164316329 0.2985039669001841 0.004629629629629629 0.011111111111111112
0 0.17755006161463685 0.8377889710409414 0.004629629629629629 0.011111111111111112
0 0.24191952689629184 0.7738347926320713 0.004629629629629629 0.011111111111111112
0 0.544282143355956 0.47342290273021137 0.004629629629629629 0.011111111111111112
0 0.18488518027303388 0.8305011757287276 0.004629629629629629 0.011111111111111112
0 0.32959333627467324 0.6867266207335504 0.004629629629629629 0.011111111111111112
0 0.6066759304554971 0.41143165619260297 0.004629629629629629 0.011111111111111112
0 0.1640913310234485 0.8511608711121866 0.004629629629629629 0.011111111111111112
0 0.38677354020082133 0.6299153213488614 0.004629629629629629 0.011111111111111112
0 0.2873130422854859 0.7287341386324849 0.004629629629629629 0.011111111111111112
0 0.27131023802938026 0.7446336989901642 0.004629629629629629 0.011111111111111112
0 0.3484284862182084 0.6680129878864252 0.004629629629629629 0.011111111111111112
0 0.2760496163856702 0.7399248972684309 0.004629629629629629 0.011111111111111112
0 0.43551347573330684 0.5814898370133597 0.004629629629629629 0.011111111111111112
0 0.7229416551900713 0.2959160329079292 0.004629629629629629 0.011111111111111112
0 0.4599234369739303 0.5572373593936434 0.004629629629629629 0.011111111111111112
0 0.16135436649324242 0.853880177806714 0.004629629629629629 0.011111111111111112
0 0.32847922360186727 0.687833545582661 0.004629629629629629 0.011111111111111112
0 0.34713565228519144 0.6692974809553582 0.004629629629629629 0.011111111111111112
0 0.4201032725833725 0.5968006194978105 0.004629629629629629 0.011111111111111112
